0,0,0,0,0,4.99400744508624,0.605487756340976,1.31405610326936,0,0.164735967388653,0,0.504839964811787,0,15.6717448496647,0.383569486004858,0.000124546216381569,0,0,0,0,0,0,0,0.00172421915323165,0,0,0,0,16.1314034856902,0.824366678322215,0,0,0.0277295827354834,0.000933996187744785,0,0.000188244727578876,0,0.00254991283631915,0,0.0653473412254877,0.00139957230059901,0,0,0,0,0,0,0,0,0,0,0,0,0,0,0,0,0,0,0,0,0,0,0,0,0,0,0,0,0,0,0,0,0,0,0,0,0,0,0,0,0,0,0,0,0,0,0
0,0,1.27072638194974,0,0,0,0,0,2.05908721473362,0,0.402865065451164,0,0.142191926722566,0,0,0.0133485934252397,0.14022259321263,0.00209866567759037,0.0605224325186244,0,0.00705953181268341,3.65232526169191,0.0962169460522811,0.00767620925235487,3.44778758116322,0.602024403640634,1.30311934987953,0.00416535767945189,0,0.00632307701294517,0,0,0,0.379991907505487,0,0.147086799361722,0.986313318426653,0.139075994889289,0.0117821344140158,0.000788709917380051,0,0,0.0239348417457585,0.00249573083320115,0,0,0,0,0,0,0.0633733618264967,0,0,0,0,0,0,0.492891017337785,0,0,0,0,0,0,0,0,0,0,0,0,0.0115485983315734,0,0,0.00752696512879179,0,0.000406846231254004,0,0,0,0,0,0,0,0,0.0880333936784849,0,0,0
0,1.27072638194974,0,0,0,0.00418856697358452,0.0409116895908275,0.0015913376324866,1.11068742693518,0,0.00509961652124524,0.0036063389253163,0,0,0,0.212655684990441,3.44750056467705,0,0.094718156154996,0.00119022233515453,0.423388823206955,1.60440946695181,5.46392829641846,0.213455894983554,0.012096446948655,8.73453481960146,3.43054111485091,0.141619108644196,0.012002923635288,0.48828507356941,0,0,0.0141329075011341,2.0049812766923,0,2.44074635125381,1.37740739146838,0.237428191021388,0.0873631068571125,0.0220035762739802,0.00534366458334099,0.00437184507513849,0,0,0,0,0,0,0,0,0,0,0,0,0,0,0,0,0,0,0,0,0,0,0,0,0,0,0,0,0,0,0,0,0,0,0,0,0,0,0,0,0,0,2.28229934789125,0,0,0
0,0,0,0,0,0.12545119763701,0.0415226695285592,0.000794952804997758,0,1.16392367147398,0,0.423340033490768,0,0,0,0,0,0,0,81.7375446448187,0,0,0,0.852372830019376,0,0,0,13.0193758671787,0,0,0,0,0,0,0,0,0,0,0,0,0,0,0,0,0,0,0,0,0,0,0,0,0,0,0,0,0,0,0,0,0,0,0,0,0,0,0,0,0,0,0,0,0,0,0,0,0,0,0,0,0,0,0,0,0,0,0,0
0,0,0,0,0,2.40290738060075,0,0.114478532307676,0,0,0,0,0,0.013073481511559,1.06832536608222,0,0,0,0,0,0,0,0,0,0,0,0,0,0.662384500322902,0.000424564116777455,0,4.54084045354518,0.00524049580445018,1.17633712090916,0.117570351019557,0.0162933606139889,0,0.0345245030335948,0.000287421605161807,8.74683922731243,8.84016358350082,0,0.175848472326593,0.00096355726306831,0.00408872870627128,0.0178589209771673,0.221217657347562,0.0395722647375802,0.00516351330563743,0,0,0,0,0,0,0,0,0,0,0.000658199648598823,0.00337669783216332,0,0,0.0158983197669626,0,3.51805031474084e-05,0,0.000212402086707149,0,0,0,0,0,0,0,0,0,0,0,0,0,0,0.000333593519332005,0.0286542036242113,0.0200335871284738,0.46760618366024,0.0263862012824574,0.0136337663872067
4.99400744508624,0,0.00418856697358452,0.12545119763701,2.40290738060075,0,3.87388342262761,7.97904738099041,0.00344716807588294,9.1074037139434,0.000960621270156689,3.96645621725172,0,3.06500021503291,0.845630830677539,0.00711775756438012,0.000488332640211194,0,0,3.16342249486041,0.00899141605094653,0.00340765313710183,0.00956372524778502,0.814174820251664,0,0.00124605542023634,0.000887432750626806,1.91275992140033,10.7417435919863,0.806224200639841,0,3.54130224094242,0.991930716493399,0.819386341129703,0,0.0293377045163789,0.00695643609000009,0.229544812147588,0.000938466251739142,0.345319902810386,0.773667696968599,0,0,0,0,0,0,0,0,0,0,0,0,0,0,0,0,0,0,0,0,0,0,0,0,0,0,0,0,0,0,0,0,0,0,0,0,0,0,0,0,0,0,0,0.000551489104760564,0,0,0
0.605487756340976,0,0.0409116895908275,0.0415226695285592,0,3.87388342262761,0,0.485775841765959,0.0794585681812586,6.58926226399963,0,1.37462618105029,0,1.66121859466312,0.0448732848842577,0.0332896599826906,0.0020307193480089,0,4.57120358924234e-05,1.23839189033489,0.0860363740955968,0.100541061255369,0.118929385151051,4.07545189388586,0,0.00611532822559847,0.00326258714312785,8.19489207536471,1.67797982220687,11.8361549462692,0,0,0.0308489714081503,0.147416507834499,0,0.106629410411737,0.0275588209460436,0.00466887205728506,7.30839037141199e-05,0.631369426872461,0,0,0,0,0,0,0,0,0,0,0,0,0,0,0,0,0,0,0,0,0,0,0,0,0,0,0,0,0,0,0,0,0,0,0,0,0,0,0,0,0,0,0,0,0.0150883116783928,0,0,0
1.31405610326936,0,0.0015913376324866,0.000794952804997758,0.114478532307676,7.97904738099041,0.485775841765959,0,0.0017277266612868,0.727925038486613,0,0.15064079251097,0,12.1886845151464,0.016015608134779,0.00094582301287411,0,0,0,0.0474348126059382,0.00118089493329112,0.000992465692883193,0.00361011835650404,0.11710995015899,0,0,0,0.056426216768994,9.07995900850463,0.0685927028452333,0,1.56263332556373,0.470807187372155,0.106070788064012,0,0.00242535252486051,0.000985793872083529,0.0137082739781601,0,0.00459831165579063,0.0167100786508613,0,0,0,0,0,0,0,0,0,0,0,0,0,0,0,0,0,0,0,0,0,0,0,0,0,0,0,0,0,0,0,0,0,0,0,0,0,0,0,0,0,0,0,0,0,0,0
0,2.05908721473362,1.11068742693518,0,0,0.00344716807588294,0.0794585681812586,0.0017277266612868,0,0.00156561047134116,0.535802876122243,1.73602992264237,0.0151342934659741,0,0.146168815970296,0.506508292403769,0.103227291230375,0.00405040999296982,0.174174606647744,0.00377682661505488,0.248205621220485,6.17783699122677,1.50766033071916,5.94735923770367,0.195512458182255,0.541177630827511,0.691850652010204,0.466195012713648,0.00229136517294635,0.163939924466444,0,0,0.00345988346766095,1.95957132850555,0,8.22951149398007,3.77271785857991,1.15025519533986,0.191074369011215,5.26209175720286,0.00402129445264703,0.0140207094981538,0.0808865074575886,0.132657865151313,0.00184034788969653,0.00960737313055761,0.000142207892584966,0,0.00037352659531073,0,1.27663143500598,0.0370505442320956,0,0,0,0,0,0.0971621337455375,0,0.00275389626885897,0,0.00093866058257849,0,0,0.00773745000667755,0.00371109057472745,0,0.00105389834910137,0,0.00175823845137682,0.18020498256998,0.00292052606663615,0.000277422156871529,0.0375869731501193,0.103869597422292,0.121033125297113,0,0,0.000363776927408918,0,0,0,0.0108216131243149,0,2.08700146102193,0.056832052041945,0,0
0.164735967388653,0,0,1.16392367147398,0,9.1074037139434,6.58926226399963,0.727925038486613,0.00156561047134116,0,0,7.40554140642371,0,0.0657146943971432,0.00125642443767861,0,0,0,0,20.5082986025106,0.000689237346981203,0.00256811959934648,0.00110406446895014,0.60381524862233,0,0,0,6.33785133048102,0.000960894340216324,0.0133479973141124,0,0,0,0.000731188004966072,0,0.00010124122984332,0,0,0.000593167445728897,0.00753468460803272,0,0,0,0,0,0,0,0,0,0,0,0,0,0,0,0,0,0,0,0,0,0,0,0,0,0,0,0,0,0,0,0,0,0,0,0,0,0,0,0,0,0,0,0,0,0,0,0
0,0.402865065451164,0.00509961652124524,0,0,0.000960621270156689,0,0,0.535802876122243,0,0,0,13.4638460022112,0,0,0.000334153478548743,0.00516211976635554,6.37848261778888,3.35805420548799,0,0.000986445003888881,0.0157170872332008,0.0038524774814558,0.00128856336002964,0.88012577189847,5.79516554514051,2.22254851719904,1.78151034096866e-05,0,0.000646973064764196,1.00054755546885,0,0,3.00379228629249,0,0.09864598084688,10.0012375370502,3.75725210095076,0.056077938687446,6.66915956749779e-05,0.00130827066908579,0.544479940961045,0.00891818629382387,0.00205408119253383,0,0,0,0,0.00149600369612139,0,0.0017992406390076,0,0,0,0,0,0,0.0692344189726923,0,0,0,0.00141528342402773,0,0,0,0,0,0,0,0,0,0,0,0.0044115240826903,0,0,0,0,0,0,0,0,0,0,0.00350870365253025,0,0,0
0.504839964811787,0,0.0036063389253163,0.423340033490768,0,3.96645621725172,1.37462618105029,0.15064079251097,1.73602992264237,7.40554140642371,0,0,0,0.0234472796700188,1.10124142490853,0.00306523883180994,0,0,0,47.0370073523257,0.00495587926816432,0.00594224812610012,0.0076579517237871,0.713473987150069,0,0.000676645786016714,0,1.37706466538479,0.403301023535804,0.289989557444543,0,0,0.00712356812237465,0.00656546968646708,0,0.195405427334309,0.00204023022570193,0.000573236324560682,0,6.89212747140781,0,0,0,0,0,0,0,0,0,0,0,0,0,0,0,0,0,0,0,0,0,0,0,0,0,0,0,0,0,0,0,0,0,0,0,0,0,0,0,0,0,0,0,0,0.00242499501304455,0,0,0
0,0.142191926722566,0,0,0,0,0,0,0.0151342934659741,0,13.4638460022112,0,0,0,0,0,0,0,0.0144412814625364,0,0,0.00495671542280991,0.000925087909979111,0,7.86060681284928,2.17073979719463,1.29904139844383,0,0,0,5.59890822348818,0,0,0.306984408095521,0.000104334402143508,1.16694713266347,10.3440406915628,3.23217233453355,0.376387490073052,0.00965880729903553,0.0383417224960325,7.65934240815967,0.227007002958921,0.130971433417887,0.0019661465096298,0.0126974614796736,0.000513253679792217,0.000438594624232295,0.242437306409098,0,0.0179440948431662,0.000584186978095567,0,0,0,0,0,0.00180406822013917,0,0.006205411666935,0,0.233050649823477,0,0,0,0,0,0,0,0,0,0,0,0.094385974351163,0.000760074394170807,0,0,0,0,0,0,0,0.00102779082656419,0,0.289216520638,0.0146509632330957,0,0
15.6717448496647,0,0,0,0.013073481511559,3.06500021503291,1.66121859466312,12.1886845151464,0,0.0657146943971432,0,0.0234472796700188,0,0,0.0156426018607636,0,0,0,0,0.000633028146756892,0,0,0,0,0,0,0,0.000248305548564096,6.67989440168368,0.0216666174584086,0,1.32730217565275,0.0654078923058734,0.0011880479007835,0,0,0,0.000208304467643455,0,0.00422692939552946,0.00143348639435264,0,0,0,0,0,0,0,0,0,0,0,0,0,0,0,0,0,0,0,0,0,0,0,0,0,0,0,0,0,0,0,0,0,0,0,0,0,0,0,0,0,0,0,0,0,0,0
0.383569486004858,0,0,0,1.06832536608222,0.845630830677539,0.0448732848842577,0.016015608134779,0.146168815970296,0.00125642443767861,0,1.10124142490853,0,0.0156426018607636,0,0,0,0,0,0,0,0,0,0,0,0,0,0,1.35853930624496,0.116376959838794,0,0.00927453206003803,0.386159873381681,1.71355094624006,0.0258060460782384,0.105281608553865,0.00590546503459101,0.483556197672655,0.00200976788951723,68.7622424137846,0.557395083308277,0,0.398341171581494,0.00276215003277025,0.0209736278235879,0.0580628174928967,0.482991288933597,0.111186645446092,0.00292398922781545,0,0,0,0,0,8.09435563210057e-05,0,0,0,0,0.00441929878526565,0.00182340235749229,3.35762571754411e-05,0,0.0288605744930132,0,0,0,0,0,0,0,0,0,0,0.000155784439919932,0,0,0,0,0,0,0,0.000958147217675256,0.0048235989756396,0.0666452908316175,1.11102272510118,0.0069483058324769,0.00194688700822195
0.000124546216381569,0.0133485934252397,0.212655684990441,0,0,0.00711775756438012,0.0332896599826906,0.00094582301287411,0.506508292403769,0,0.000334153478548743,0.00306523883180994,0,0,0,0,0.010950860056351,0,0.000694864181311011,0.00629968803782677,16.697221560823,1.267995054094,28.9237794811221,0.925201526481914,0,0.00996211607784317,2.59634658677046,3.90800447568256,0.00847741808099122,0.793416133205414,0,0,0.00612629892105213,1.03277156238537,0,0.26470213244302,0.112683422955516,0.00977909352653568,0.00599099511857781,0.00544281955840396,0,0,0,0,0,0,0,0,0,0,0,0,0,0,0,0,0,0,0,0,0,0,0,0,0,0,0,0,0,0,0,0,0,0,0,0,0,0,0,0,0,0,0,0,0.128954510069895,0,0,0
0,0.14022259321263,3.44750056467705,0,0,0.000488332640211194,0.0020307193480089,0,0.103227291230375,0,0.00516211976635554,0,0,0,0,0.010950860056351,0,0,16.2551085678253,0,0.926571405601479,0.107255878817836,5.24184772244747,0.00724061032214986,0.00450925145165762,5.32052786997401,0.280182926941468,0.00420688195321602,0.000461565416845292,0.223012554240779,0,0,0.00199128699217326,0.260378909486975,0,0.223557631615463,0.220351087393888,0.0631498622239171,0.0110364080086051,0.000635588249828558,0.000568011923108222,0,0,0,0,0,0,0,0,0,0,0,0,0,0,0,0,0,0,0,0,0,0,0,0,0,0,0,0,0,0,0,0,0,0,0,0,0,0,0,0,0,0,0,0.22524782857212,0,0,0
0,0.00209866567759037,0,0,0,0,0,0,0.00405040999296982,0,6.37848261778888,0,0,0,0,0,0,0,11.0120946953431,0,0,0,0.000332968526773017,0,0.00265976054003594,2.64078518494562,0.0175447023686793,0,0,0,0,0,0,0.00603615713176955,0,0.00072481406986449,0.0134987693907169,0.002480881230783,0,0,0,0,0,0,0,0,0,0,0,0,0,0,0,0,0,0,0,0,0,0,0,0,0,0,0,0,0,0,0,0,0,0,0,0,0,0,0,0,0,0,0,0,0,0,0,0,0,0
0,0.0605224325186244,0.094718156154996,0,0,0,4.57120358924234e-05,0,0.174174606647744,0,3.35805420548799,0,0.0144412814625364,0,0,0.000694864181311011,16.2551085678253,11.0120946953431,0,0,0.0146598626183509,0.0272058327607708,0.0561618453642606,0.00147536837582708,0.0292736465442727,14.7561884257637,0.602290198360507,0,0,0.00177501834904358,0,0,0,0.326586319802719,0,0.0469111167660632,0.289481898053222,0.118354201994236,0.00640863709673567,0,0,0.00143436427693105,0,0,0,0,0,0,0,0,0,0,0,0,0,0,0,0.00569866257782242,0,0,0,0,0,0,0,0,0,0,0,0,0,0,0,0,0,0,0,0,0,0,0,0,0,0,0.0247489204019176,0,0,0
0,0,0.00119022233515453,81.7375446448187,0,3.16342249486041,1.23839189033489,0.0474348126059382,0.00377682661505488,20.5082986025106,0,47.0370073523257,0,0.000633028146756892,0,0.00629968803782677,0,0,0,0,0.00483171940296656,0.0116656039172994,0.00816865427233528,3.59329689782627,0,0,0.00104091378367315,9.91678766830894,0,0.0374711692791928,0,0,0,0.000157946948018723,0,0.000722195003176954,0,0,0,0.00438157822442392,0,0,0,0,0,0,0,0,0,0,0,0,0,0,0,0,0,0,0,0,0,0,0,0,0,0,0,0,0,0,0,0,0,0,0,0,0,0,0,0,0,0,0,0,0,0,0,0
0,0.00705953181268341,0.423388823206955,0,0,0.00899141605094653,0.0860363740955968,0.00118089493329112,0.248205621220485,0.000689237346981203,0.000986445003888881,0.00495587926816432,0,0,0,16.697221560823,0.926571405601479,0,0.0146598626183509,0.00483171940296656,0,0.40978366653314,10.5971481802553,1.11579286657191,0,0.0475022623528571,0.0407974233957086,7.14463448761196,0.00581843639094995,12.1029139782187,0,0,0.00249997145260345,0.440838966834831,0,0.10898876319443,0.149691083723369,0.00546004215838224,0.000575687072812163,0.0050795906613854,0,0,0,0,0,0,0,0,0,0,0,0,0,0,0,0,0,0,0,0,0,0,0,0,0,0,0,0,0,0,0,0,0,0,0,0,0,0,0,0,0,0,0,0,0.0449059973414451,0,0,0
0,3.65232526169191,1.60440946695181,0,0,0.00340765313710183,0.100541061255369,0.000992465692883193,6.17783699122677,0.00256811959934648,0.0157170872332008,0.00594224812610012,0.00495671542280991,0,0,1.267995054094,0.107255878817836,0,0.0272058327607708,0.0116656039172994,0.40978366653314,0,3.37340500205538,7.17182071708428,0.0214461761041023,0.675718789231879,1.38373606594412,1.82402831833363,0.00365707065686239,0.281011373547662,0,0,0.00855005573849049,0.71170129115598,0,0.301661246173319,0.697882426550821,0.236048165772282,0.0411382947505424,0.00618111865845289,0,0.00591884279216827,0.00519672306167091,0.0080335723765269,0.00086376010999837,0,0,0,0,0,0.433233447716658,0.00136797747524431,0,0,0,0,0,0.0144261671020969,0,0,0,0.000273137906641161,0,0,0,0,0,0,0,0,0.205438314860603,0,0,0.00977563877009726,0.00637547202003566,0.0209217422030946,0,0,0,0,0,0,0.00309416823097972,0,0.281462430293163,0.00271241046661349,0,0
0,0.0962169460522811,5.46392829641846,0,0,0.00956372524778502,0.118929385151051,0.00361011835650404,1.50766033071916,0.00110406446895014,0.0038524774814558,0.0076579517237871,0.000925087909979111,0,0,28.9237794811221,5.24184772244747,0.000332968526773017,0.0561618453642606,0.00816865427233528,10.5971481802553,3.37340500205538,0,0.874377955263217,0.00305578053973057,0.349486475398308,5.28020181711232,0.738202451591925,0.0243689925644903,2.1751371359818,0,0,0.0114027051848877,2.90109341330236,0,1.27867319480149,1.30922739310531,0.105118118912749,0.0236753562823843,0.02538990738009,0.000832327461872411,0,0,0,0,0,0,0,0,0,0,0,0,0,0,0,0,0.000298250472632947,0,0,0,0,0,0,0,0,0,0,0,0,0,0,0,0,0,0,0,0,0,0,0,0,0,0,0.485250335088511,0,0,0
0.00172421915323165,0.00767620925235487,0.213455894983554,0.852372830019376,0,0.814174820251664,4.07545189388586,0.11710995015899,5.94735923770367,0.60381524862233,0.00128856336002964,0.713473987150069,0,0,0,0.925201526481914,0.00724061032214986,0,0.00147536837582708,3.59329689782627,1.11579286657191,7.17182071708428,0.874377955263217,0,0,0.0138595142892835,0.035009400942338,58.6438066287718,0.0100021560479235,0.786597971280531,0,0,0.00146854555761657,0.142075724281946,0,0.127971773145796,0.109815942318013,0.00925571729361123,0.00291508242350243,0.0389451214528343,0,0,0,0,0,0,0,0,0,0,0,0,0.012040539597044,0,0,0,0,0,0,0,0,0,0,0,0,0,0,0,0,0,1.48134929528211e-05,0,0,0,0,0,0,0,0,0,0,0,0,0,0.0612917888250739,0,0,0
0,3.44778758116322,0.012096446948655,0,0,0,0,0,0.195512458182255,0,0.88012577189847,0,7.86060681284928,0,0,0,0.00450925145165762,0.00265976054003594,0.0292736465442727,0,0,0.0214461761041023,0.00305578053973057,0,0,0.0832858080214056,0.978013266538148,0.000675339707699417,0,0.000171917602200759,0,0,0,0.0565652432664133,0,0.0358266140753025,13.5264269307089,0.156972714349523,0.177058565291582,0,0.00488123272183743,3.00497727761795,0.0110808577935172,0.0922526335204634,0.00110212870381341,0.00642132687147504,0,0,0.535913389312457,0,0.0647731919157929,0,0,0,0,0,0,0.0619238543426419,0,0,0,0.265964436620226,0,0,0,0,0,0,0,0,0,0,0,0.277809447488827,0,0,0,0,0,0,0,0,0,0,0.00126877119672896,0,0,0
0,0.602024403640634,8.73453481960146,0,0,0.00124605542023634,0.00611532822559847,0,0.541177630827511,0,5.79516554514051,0.000676645786016714,2.17073979719463,0,0,0.00996211607784317,5.32052786997401,2.64078518494562,14.7561884257637,0,0.0475022623528571,0.675718789231879,0.349486475398308,0.0138595142892835,0.0832858080214056,0,19.1764568642143,0.00901419142826749,0.00124177531058886,0.0428520614107355,0.514381933714436,0,0.00158440206580871,1.24222316118774,0,0.327473379813373,0.984484614752794,0.299096391863743,0.0242137413637999,0.00188887903183362,0.0016736358915737,0.00319324000599248,0.00169155697128382,0,0,0,0,0,0,0,0,0,0,0,0,0,0,0.0138550731377465,0,0,0,0,0,0,0,0,0,0,0,0,0,0,0,0,0,0,0,0,0,0,0,0,0,0,0.17150056365864,0,0,0
0,1.30311934987953,3.43054111485091,0,0,0.000887432750626806,0.00326258714312785,0,0.691850652010204,0,2.22254851719904,0,1.29904139844383,0,0,2.59634658677046,0.280182926941468,0.0175447023686793,0.602290198360507,0.00104091378367315,0.0407974233957086,1.38373606594412,5.28020181711232,0.035009400942338,0.978013266538148,19.1764568642143,0,0.0135265762445391,0.002035565220335,0.0425660430852901,0.443348878742892,0,0.000535933813830302,1.18399333836136,0,0.320195359466874,1.30138878124936,0.350247731661827,0.0303290854515073,0.00250970543619808,0.00114396899303725,0.00286913408164471,0.00307815778207313,0,0,0,0,0,0,0,0.000305751873308883,0,0,0,0,0,0,0.0212902679611203,0,0,0,0,0,0,0,0,0,0,0,0,0,0,0,0,0,0,0,0,0,0,0,0,0,0,0.127265539029774,0,0,0
0,0.00416535767945189,0.141619108644196,13.0193758671787,0,1.91275992140033,8.19489207536471,0.056426216768994,0.466195012713648,6.33785133048102,1.78151034096866e-05,1.37706466538479,0,0.000248305548564096,0,3.90800447568256,0.00420688195321602,0,0,9.91678766830894,7.14463448761196,1.82402831833363,0.738202451591925,58.6438066287718,0.000675339707699417,0.00901419142826749,0.0135265762445391,0,0.0609934249640067,2.18765495656977,0,0,0.00385078186488029,0.266693590913915,0,0.122673610562885,0.128311570590322,0.00258343483388027,0.000850627439990752,0.00757636153377241,0,0,0,0,0,0,0,0,0,0,0,0,0,0,0,0,0,0,0,0,0,0,0,0,0,0,0,0,0,0,0,0,0,0,0,0,0,0,0,0,0,0,0,0,0.0245654298837534,0,0,0
16.1314034856902,0,0.012002923635288,0,0.662384500322902,10.7417435919863,1.67797982220687,9.07995900850463,0.00229136517294635,0.000960894340216324,0,0.403301023535804,0,6.67989440168368,1.35853930624496,0.00847741808099122,0.000461565416845292,0,0,0,0.00581843639094995,0.00365707065686239,0.0243689925644903,0.0100021560479235,0,0.00124177531058886,0.002035565220335,0.0609934249640067,0,4.55251621331024,0,2.99454678205585,7.11813162627268,1.37846281269831,0,0.443017972766299,0.0254235298373719,0.136086494796338,0.00565578645082736,4.08514372433136,0.124169141325077,0,0,0,0,0,0,0,0,0,0,0,0,0,0,0,0,0,0,0,0,0,0,0,0,0,0,0,0,0,0,0,0,0,0,0,0,0,0,0,0,0,0,0,0.110502173193271,0,0,0
0.824366678322215,0.00632307701294517,0.48828507356941,0,0.000424564116777455,0.806224200639841,11.8361549462692,0.0685927028452333,0.163939924466444,0.0133479973141124,0.000646973064764196,0.289989557444543,0,0.0216666174584086,0.116376959838794,0.793416133205414,0.223012554240779,0,0.00177501834904358,0.0374711692791928,12.1029139782187,0.281011373547662,2.1751371359818,0.786597971280531,0.000171917602200759,0.0428520614107355,0.0425660430852901,2.18765495656977,4.55251621331024,0,0,0,0.0531636560227882,0.81396260992787,0,0.297963304275052,0.141614269772848,0.0165205301016915,0.00244088116045756,0.433713118080463,0.000110196224627468,0,0,0,0,0,0,0,0,0,0,0,0,0,0,0,0,0,0,0,0,0,0,0,0,0,0,0,0,0,0,0,0,0,0,0,0,0,0,0,0,0,0,0,0.0521660186472227,0,0,0
0,0,0,0,0,0,0,0,0,0,1.00054755546885,0,5.59890822348818,0,0,0,0,0,0,0,0,0,0,0,0,0.514381933714436,0.443348878742892,0,0,0,0,0,0,0,0,0,0,0,0,0,0,0,0,0,0,0,0,0,0,0,0,0,0,0,0,0,0,0,0,0,0,0,0,0,0,0,0,0,0,0,0,0,0,0,0,0,0,0,0,0,0,0,0,0,0,0,0,0
0,0,0,0,4.54084045354518,3.54130224094242,0,1.56263332556373,0,0,0,0,0,1.32730217565275,0.00927453206003803,0,0,0,0,0,0,0,0,0,0,0,0,0,2.99454678205585,0,0,0,0.00270019073793204,1.14144212860075,0,0,0,0.00356874058697246,0,0.00366666487055549,0.470624601942416,0,0,0,0,0,0,0,0,0,0,0,0,0,0,0,0,0,0,0,0,0,0,0,0,0,0,0,0,0,0,0,0,0,0,0,0,0,0,0,0,0,0,0,0,0,0,0
0.0277295827354834,0,0.0141329075011341,0,0.00524049580445018,0.991930716493399,0.0308489714081503,0.470807187372155,0.00345988346766095,0,0,0.00712356812237465,0,0.0654078923058734,0.386159873381681,0.00612629892105213,0.00199128699217326,0,0,0,0.00249997145260345,0.00855005573849049,0.0114027051848877,0.00146854555761657,0,0.00158440206580871,0.000535933813830302,0.00385078186488029,7.11813162627268,0.0531636560227882,0,0.00270019073793204,0,1.89529131028489,0,1.07940747579911,0.0183814250103013,0.0999502343956734,0.0194206321558565,5.24453573804426,0.0192688666268727,0,0,0,0,0,0,0,0,0,0,0,0,0,0,0,0,0,0,0,0,0,0,0,0,0,0,0,0,0,0,0,0,0,0,0,0,0,0,0,0,0,0,0,0.97595348512441,0.00135214165047119,0,0
0.000933996187744785,0.379991907505487,2.0049812766923,0,1.17633712090916,0.819386341129703,0.147416507834499,0.106070788064012,1.95957132850555,0.000731188004966072,3.00379228629249,0.00656546968646708,0.306984408095521,0.0011880479007835,1.71355094624006,1.03277156238537,0.260378909486975,0.00603615713176955,0.326586319802719,0.000157946948018723,0.440838966834831,0.71170129115598,2.90109341330236,0.142075724281946,0.0565652432664133,1.24222316118774,1.18399333836136,0.266693590913915,1.37846281269831,0.81396260992787,0,1.14144212860075,1.89529131028489,0,2.17807492524306e-05,16.2798719295644,9.51306515573968,40.4384002925915,2.026027570307,8.30360587860752,1.07682041742026,0.0330579650933072,0.00050326143304911,0,0,0,0,0,0,0,0,0,0,0,0,0,0,0.0351691671406113,0,0,0,0,0,0,0,0,0,0,0,0,0,0,0,0,0,0,0,0,0,0,0,0,0,0,10.0128522287531,0.000208245374972742,0,0
0,0,0,0,0.117570351019557,0,0,0,0,0,0,0,0.000104334402143508,0,0.0258060460782384,0,0,0,0,0,0,0,0,0,0,0,0,0,0,0,0,0,0,2.17807492524306e-05,0,0.0577293661042236,7.34318791867033e-05,0.000135289708093687,0.00068211094807541,0.0629809630285473,0.000509661170874554,3.64505017213865e-05,0.456228962934006,0.00169821775593236,0.0120565145380826,0.0413181689278099,0.0661227350871832,0.0118375476127602,0.000342367006424276,0,0,2.05917018992593e-05,0,0,2.40285210225559e-05,0,0,0,0,0.000769427929285591,0.0134285554853256,2.44774282030739e-05,0,0.0192401806183638,0,6.09398746795435e-06,0,0,0,3.43540914378641e-06,5.56588602948119e-06,0,0,0,3.91720910575985e-05,1.84912411672242e-05,0,0,0,0,0,0,0.00087696336550847,1.09406378633669,0.0133697299952764,0.394130286666524,0.0349156395742075,0.427865860837825
0.000188244727578876,0.147086799361722,2.44074635125381,0,0.0162933606139889,0.0293377045163789,0.106629410411737,0.00242535252486051,8.22951149398007,0.00010124122984332,0.09864598084688,0.195405427334309,1.16694713266347,0,0.105281608553865,0.26470213244302,0.223557631615463,0.00072481406986449,0.0469111167660632,0.000722195003176954,0.10898876319443,0.301661246173319,1.27867319480149,0.127971773145796,0.0358266140753025,0.327473379813373,0.320195359466874,0.122673610562885,0.443017972766299,0.297963304275052,0,0,1.07940747579911,16.2798719295644,0.0577293661042236,0,13.1079375553486,26.6601405624296,47.1672048420358,23.5399625640802,1.51123523069885,2.74817008531492,0.69152535348877,0.083015899717098,0.0156063350239865,0.061324360705009,0.0173795548290002,0.0096910002260541,0.110025284369411,0,0.0106540610087985,0.00190604922365211,0,0,0,0,0,0.000349213886537864,0,0.00198611122513053,0.00527012352364783,0.0756540627266998,0,0.00207804224496737,0,0.00106974260559911,0,6.06152152396698e-05,0,8.14360610830065e-05,0.000960758452421548,0.000738649493273122,0,0.00148996976667962,0.0044863609713035,0.00321826844650497,0,0,0,0,0,0,0.00554636647290653,0.00622120773882037,49.0647116930565,0.329245982121636,0.000440817410443918,0.000776294916805104
0,0.986313318426653,1.37740739146838,0,0,0.00695643609000009,0.0275588209460436,0.000985793872083529,3.77271785857991,0,10.0012375370502,0.00204023022570193,10.3440406915628,0,0.00590546503459101,0.112683422955516,0.220351087393888,0.0134987693907169,0.289481898053222,0,0.149691083723369,0.697882426550821,1.30922739310531,0.109815942318013,13.5264269307089,0.984484614752794,1.30138878124936,0.128311570590322,0.0254235298373719,0.141614269772848,0,0,0.0183814250103013,9.51306515573968,7.34318791867033e-05,13.1079375553486,0,29.1067643668826,5.93751578159465,0.0982430166907985,1.08030196870643,5.08155412743669,0.0301218479861492,0.0634844746375699,0.00136983912294828,0.00043001617167673,0,0,0.111941272990061,0,0.0336572384107703,0,0,0,0,0,0,0.0821654098938301,0,0,0.000210205636118064,0.0382914131438419,0,0,0,0,0,0,0,0,0,0,0,0.120260812410568,0,0,0,0,0,0,0,0,0,0,8.27524306569022,0.00128344057052446,0,0
0.00254991283631915,0.139075994889289,0.237428191021388,0,0.0345245030335948,0.229544812147588,0.00466887205728506,0.0137082739781601,1.15025519533986,0,3.75725210095076,0.000573236324560682,3.23217233453355,0.000208304467643455,0.483556197672655,0.00977909352653568,0.0631498622239171,0.002480881230783,0.118354201994236,0,0.00546004215838224,0.236048165772282,0.105118118912749,0.00925571729361123,0.156972714349523,0.299096391863743,0.350247731661827,0.00258343483388027,0.136086494796338,0.0165205301016915,0,0.00356874058697246,0.0999502343956734,40.4384002925915,0.000135289708093687,26.6601405624296,29.1067643668826,0,4.3160671058396,7.36592165918483,9.84236696089625,1.42378434051964,0.00478386423923839,0.000299282680818988,0.000249272389027866,4.81710933258884e-05,0,6.36480663736803e-05,0,0,0.00042366878393324,0,0,0,0,0,0,0.0322300093969319,0,0,0,0.000757057740137481,0,0,0,2.08862631393497e-05,0,0,0,0,0,0,0,0.00301461465466665,0,0,0,0,0,0,0,0,0,0,22.9824075465105,0.00719909768985415,0,0
0,0.0117821344140158,0.0873631068571125,0,0.000287421605161807,0.000938466251739142,7.30839037141199e-05,0,0.191074369011215,0.000593167445728897,0.056077938687446,0,0.376387490073052,0,0.00200976788951723,0.00599099511857781,0.0110364080086051,0,0.00640863709673567,0,0.000575687072812163,0.0411382947505424,0.0236753562823843,0.00291508242350243,0.177058565291582,0.0242137413637999,0.0303290854515073,0.000850627439990752,0.00565578645082736,0.00244088116045756,0,0,0.0194206321558565,2.026027570307,0.00068211094807541,47.1672048420358,5.93751578159465,4.3160671058396,0,1.09752821565033,5.36117095818191,1.89289352514171,0.0542400443266848,0.00320727798266627,0.000601040471462769,0.00184198953800587,0.00157182713544391,4.1396863473928e-05,0.0211518593447755,0,0.00106108040234535,0,0,0,0,0,0,0,0,0,0.000145790757778551,0.00702178559860678,0,0,0,2.20747746590151e-05,0,0,0,0,0,0,0,0,0.000383101991764854,0,0,0,0,0,0,0,0.000148568750708193,6.83507694944243e-05,49.2553248939848,0.112413066312206,0,0
0.0653473412254877,0.000788709917380051,0.0220035762739802,0,8.74683922731243,0.345319902810386,0.631369426872461,0.00459831165579063,5.26209175720286,0.00753468460803272,6.66915956749779e-05,6.89212747140781,0.00965880729903553,0.00422692939552946,68.7622424137846,0.00544281955840396,0.000635588249828558,0,0,0.00438157822442392,0.0050795906613854,0.00618111865845289,0.02538990738009,0.0389451214528343,0,0.00188887903183362,0.00250970543619808,0.00757636153377241,4.08514372433136,0.433713118080463,0,0.00366666487055549,5.24453573804426,8.30360587860752,0.0629809630285473,23.5399625640802,0.0982430166907985,7.36592165918483,1.09752821565033,0,0.832905933232433,0.0370447603111591,1.88818632603121,0.0192718479585506,0.0273580373425818,0.081256463951476,0.285992974959355,0.0581124068477468,0.00289505614884782,0,0,6.7252518719863e-05,0,0,0.00014885494558222,0,0,4.83891192959683e-05,0,0.00069482805101313,0.00386103274528807,9.2586582591073e-05,0,0.00565584689340098,0,0.000290517843059919,0,0.000159781277565994,0,5.39767255925067e-05,0.000420674901812063,1.02934179310541e-05,5.66535098031196e-05,0,0.000373547767456076,7.8256207048007e-06,0,0,0,0,0,0,0.00553790006240798,0.0104904134739641,14.5514532112561,4.41120669758547,0.00890449137039331,0.00356533441053054
0.00139957230059901,0,0.00534366458334099,0,8.84016358350082,0.773667696968599,0,0.0167100786508613,0.00402129445264703,0,0.00130827066908579,0,0.0383417224960325,0.00143348639435264,0.557395083308277,0,0.000568011923108222,0,0,0,0,0,0.000832327461872411,0,0.00488123272183743,0.0016736358915737,0.00114396899303725,0,0.124169141325077,0.000110196224627468,0,0.470624601942416,0.0192688666268727,1.07682041742026,0.000509661170874554,1.51123523069885,1.08030196870643,9.84236696089625,5.36117095818191,0.832905933232433,0,0.28318998652274,0.0102637122946623,9.0743592320662e-05,0,0.00119513569198426,0.000475041026609446,0,0,0,0,0,0,0,0,0,0,0,0,0,0,0,0,0,0,0,0,0,0,0,0,0,0,0,8.40690563981024e-06,0,0,0,0,0,0,0,0,0,1.26457196352586,0.020507494009269,0,0
0,0,0.00437184507513849,0,0,0,0,0,0.0140207094981538,0,0.544479940961045,0,7.65934240815967,0,0,0,0,0,0.00143436427693105,0,0,0.00591884279216827,0,0,3.00497727761795,0.00319324000599248,0.00286913408164471,0,0,0,0,0,0,0.0330579650933072,3.64505017213865e-05,2.74817008531492,5.08155412743669,1.42378434051964,1.89289352514171,0.0370447603111591,0.28318998652274,0,0.235588842292706,0.116209198937345,0.00147082587305688,0.0135272739321713,0.000254036691889642,0,0.815085942889076,0,0.00425610247399758,0,0,0,0,0,0,0,0,0.00287719037767431,0,0.159222826904171,0,0,0,0.00101781052835428,0,0,0,0,0,0,0,0.00200321410804751,0.0002175115003337,0,0,0,0,0,0,0,0,4.03388315863115e-06,2.05892623051639,0.0371854915775407,0,0
0,0.0239348417457585,0,0,0.175848472326593,0,0,0,0.0808865074575886,0,0.00891818629382387,0,0.227007002958921,0,0.398341171581494,0,0,0,0,0,0,0.00519672306167091,0,0,0.0110808577935172,0.00169155697128382,0.00307815778207313,0,0,0,0,0,0,0.00050326143304911,0.456228962934006,0.69152535348877,0.0301218479861492,0.00478386423923839,0.0542400443266848,1.88818632603121,0.0102637122946623,0.235588842292706,0,21.5310790511842,25.389527365136,21.7399289501731,13.5080809287998,1.71922940222564,0.553549773663132,0.0750053379693082,0.0917156375120865,0.380320873406675,0.000910980408222087,0,0.325924159297191,0.0482858804163461,0.00431627649447461,3.90632850283441,0.0140731909942569,0.361609505552768,0.119290962326723,0.283254274637028,0.0124024901951901,0.1048228533463,0.414152787812665,0.698437972944698,0.000175062661479623,0.141448020747783,0.000751973423816055,0.155765208643556,1.30567643453287,0.17566956212729,2.98079633256942,0.0123372191939632,1.00321676309548,0.237848030286464,0.0423603399962231,0.0108143506142125,0.0624551737190915,0.000563954235797481,0,0.0195342861884421,14.4209725073598,0.134526792640461,0.100215554211506,40.9915187044246,0.00566129599595043,0.0046225088210327
0,0.00249573083320115,0,0,0.00096355726306831,0,0,0,0.132657865151313,0,0.00205408119253383,0,0.130971433417887,0,0.00276215003277025,0,0,0,0,0,0,0.0080335723765269,0,0,0.0922526335204634,0,0,0,0,0,0,0,0,0,0.00169821775593236,0.083015899717098,0.0634844746375699,0.000299282680818988,0.00320727798266627,0.0192718479585506,9.0743592320662e-05,0.116209198937345,21.5310790511842,0,12.6620118562632,7.64762716288609,1.2777240104263,0.024190305738028,4.50008682254431,1.29880755183821,0.883390434292663,0.868697499129033,0,0,0.26454552531626,0.28483188781462,0.0195628518216605,0.194945322579959,0.0889292742758648,4.52469312651083,0.0242834885077077,6.97598678600086,0.118970974854006,0.00881397707097979,0.649948587632198,0.465488956982596,0.00591854018853105,0.906367679712101,0,0.328913398982245,4.61739311154851,0.341174741678274,0.0204891164643014,16.1422275729951,3.69625102300911,2.53690529622541,0.00555752073844289,0.226088304086048,0.612721534453937,0.0171707597260945,0,0.374298438872907,15.0555367316926,0.00248035765081525,0.00622445529668379,15.2825696021571,0,0
0,0,0,0,0.00408872870627128,0,0,0,0.00184034788969653,0,0,0,0.0019661465096298,0,0.0209736278235879,0,0,0,0,0,0,0.00086376010999837,0,0,0.00110212870381341,0,0,0,0,0,0,0,0,0,0.0120565145380826,0.0156063350239865,0.00136983912294828,0.000249272389027866,0.000601040471462769,0.0273580373425818,0,0.00147082587305688,25.389527365136,12.6620118562632,0,7.33237514507311,7.82341492455505,3.62359172633112,1.75669972422447,0.074478597798817,0.0109337224362137,0.0605581364411048,0,0,0.124295551280684,0.00403366837860418,0.039907055730083,0.0106660517478539,0.00251595202865353,12.1476888526068,0.00409759809053783,1.45772752658155,0.0312516961730864,0.129802631476926,0.0220276175232932,0.0937857281553812,0.0123516806356355,0.330848988424958,0,0.020833561396051,0.150667209586021,0.0231334766799656,0.0179293767671742,0.52913163913419,0.570234953347569,0.0885124650629402,0.000235082712762607,0.0809188717091849,0.00742790791646908,0.00196126603735448,0,0.0177399046319346,33.417505097843,0.00429539342395223,0.00377900897693316,20.4308925156818,0.00157814519616817,0.00068404065949608
0,0,0,0,0.0178589209771673,0,0,0,0.00960737313055761,0,0,0,0.0126974614796736,0,0.0580628174928967,0,0,0,0,0,0,0,0,0,0.00642132687147504,0,0,0,0,0,0,0,0,0,0.0413181689278099,0.061324360705009,0.00043001617167673,4.81710933258884e-05,0.00184198953800587,0.081256463951476,0.00119513569198426,0.0135272739321713,21.7399289501731,7.64762716288609,7.33237514507311,0,2.96049786270947,3.13378827387026,2.83094660639706,0.00356055547003745,0.00387393684966163,0.0528995225744916,0,0,0.00820007609720989,0.000301053350786796,0.000262289997029312,0.022221858148633,0,1.22852867550994,0.0139504900970685,0.304585561757908,0.00103641703026987,0.0664257878788802,0.0180918236498975,0.125066410873227,0,0.0647767872536959,0,0.0207257113588767,0.112308625823291,0.0197467463610621,0.00787533661998067,0.237826420595644,0.29942058346912,0.0495211210757081,5.82047943650851e-05,0.00331314483903029,0.0108003029674053,0,0,0,2.87670221099381,0.0108221721232244,0.0345659361739652,32.5618265427905,0.0121047334239981,0.0044723537992682
0,0,0,0,0.221217657347562,0,0,0,0.000142207892584966,0,0,0,0.000513253679792217,0,0.482991288933597,0,0,0,0,0,0,0,0,0,0,0,0,0,0,0,0,0,0,0,0.0661227350871832,0.0173795548290002,0,0,0.00157182713544391,0.285992974959355,0.000475041026609446,0.000254036691889642,13.5080809287998,1.2777240104263,7.82341492455505,2.96049786270947,0,3.43923028783199,0.0615624250031861,1.10237783650563,0,0.00193139500599497,0.00193383215292349,16.032026354032,4.3250533597509,0.234923672570591,0.363004529928705,6.37267028624403,0.107628048046512,0.0629499226922447,7.18895754436029,0.0021011747972117,0.532365702012283,70.3013297078354,0.132912438475022,0.00141955760254809,0,9.96262385328297e-05,0.00256511388509217,0.000375027719884494,0.170858458427986,0.0142246302232546,2.42963467361262,0.000356544084208731,0.00157501430562808,0.00123206514868663,0.061111813207487,2.10454460708325,0.048715394149093,0,0,2.39945827345348,6.75612746525607,0.135156795087268,0.00736588761778575,7.32247868514821,0.00510533805211101,0.00177369188108514
0,0,0,0,0.0395722647375802,0,0,0,0,0,0,0,0.000438594624232295,0,0.111186645446092,0,0,0,0,0,0,0,0,0,0,0,0,0,0,0,0,0,0,0,0.0118375476127602,0.0096910002260541,0,6.36480663736803e-05,4.1396863473928e-05,0.0581124068477468,0,0,1.71922940222564,0.024190305738028,3.62359172633112,3.13378827387026,3.43923028783199,0,0.0219552272234949,0.00115692235031437,0,0,0,6.86560178386555,5.8614246437236,0,0.459675853390821,0.00134386303201249,0,0.288899399079919,0.0127847814479692,2.2831641293606e-05,0.0887071764180835,1.02172658304503,6.68428440497382e-05,0,0,0,0,0,0.000803545294992304,0,0.00221817517879416,0,7.49626988163733e-05,0,0,0.190995431108471,7.9437449563317e-05,0,0.754352308359777,0,2.08718144190318,0.0132051134370713,0.00520816528042933,2.56713050028606,0.00209492827786659,0.000637713891579347
0,0,0,0,0.00516351330563743,0,0,0,0.00037352659531073,0,0.00149600369612139,0,0.242437306409098,0,0.00292398922781545,0,0,0,0,0,0,0,0,0,0.535913389312457,0,0,0,0,0,0,0,0,0,0.000342367006424276,0.110025284369411,0.111941272990061,0,0.0211518593447755,0.00289505614884782,0,0.815085942889076,0.553549773663132,4.50008682254431,1.75669972422447,2.83094660639706,0.0615624250031861,0.0219552272234949,0,0,0.149884510061458,0.00533393437547533,0,0,0,0,0,0,0,1.65324272361981,7.0808032533007e-05,12.5049294705299,0,0.00451527423940481,0,0.0130758378511303,0,0.0112206500359805,0,0.00381276725376995,0.00357055294083368,0.00375735586116099,0,17.9402194166571,0.039945905610156,0.0142194057405391,0,0,0.000412830712675484,0,0,0,0.146937233630482,0.00102125447742889,0.0304775858413216,0.389917825751677,0,0
0,0,0,0,0,0,0,0,0,0,0,0,0,0,0,0,0,0,0,0,0,0,0,0,0,0,0,0,0,0,0,0,0,0,0,0,0,0,0,0,0,0,0.0750053379693082,1.29880755183821,0.074478597798817,0.00356055547003745,1.10237783650563,0.00115692235031437,0,0,0,0.00767908465669282,0.000979745617431353,0,2.96408624235721,1.57339605464478,4.20930275356908,0.0031464741381202,0.480095320642553,0,0.134989200595739,0,13.7319989321375,0.0611158477485415,0.37864242755873,0,0,0,0.00258926803313152,0.00785329925247297,0.126841590346742,0.0278473642799618,0.0908624245934176,0,6.83671347973393e-05,0.000450000306915992,0.00622228790429693,20.5581434371851,5.49779937406612,0,0,16.8571480438913,1.79688945411558,0,0,0.0284524898811405,0,0
0,0.0633733618264967,0,0,0,0,0,0,1.27663143500598,0,0.0017992406390076,0,0.0179440948431662,0,0,0,0,0,0,0,0,0.433233447716658,0,0,0.0647731919157929,0,0.000305751873308883,0,0,0,0,0,0,0,0,0.0106540610087985,0.0336572384107703,0.00042366878393324,0.00106108040234535,0,0,0.00425610247399758,0.0917156375120865,0.883390434292663,0.0109337224362137,0.00387393684966163,0,0,0.149884510061458,0,0,0.511907885680302,0,0,0,0.000268690286982398,0,1.25683623618341,0.000625288851267447,0.00194356781916547,0,0.11172851561926,0,0,0.0828369080201785,0.0246184114328248,0,0.0150987322694262,0,0.0307561441674828,7.99056069458687,0.0300895347494388,0.000190480828986175,5.70472359753095,0.235730632993576,0.922847969826108,0,0,0.0141633761827488,0,0,0,0.0946940724547929,0,0,0.0135627341726433,0,0
0,0,0,0,0,0,0,0,0.0370505442320956,0,0,0,0.000584186978095567,0,0,0,0,0,0,0,0,0.00136797747524431,0,0,0,0,0,0,0,0,0,0,0,0,2.05917018992593e-05,0.00190604922365211,0,0,0,6.7252518719863e-05,0,0,0.380320873406675,0.868697499129033,0.0605581364411048,0.0528995225744916,0.00193139500599497,0,0.00533393437547533,0.00767908465669282,0.511907885680302,0,0,0,0.00618438304612697,0.045003383542414,0,0.0517946679865742,0.00553218671395215,0.0144428530018085,0.00203476428145645,0.00513549281997865,0.00024129545433074,1.63724917598853e-05,2.00527449319929,6.96245419599966,0,0.110377005009002,0,2.53684473857252,3.31797895406527,10.4912883349321,0.00615109362214797,0.00138180225160263,12.5660515679479,11.9542968870361,0.00179190268590021,0,1.04006179579919,0,0,0,2.56487787644159,0,0,0.227460627617468,0,0
0,0,0,0,0,0,0,0,0,0,0,0,0,0,0,0,0,0,0,0,0,0,0,0.012040539597044,0,0,0,0,0,0,0,0,0,0,0,0,0,0,0,0,0,0,0.000910980408222087,0,0,0,0.00193383215292349,0,0,0.000979745617431353,0,0,0,0,0.151912302463859,0.116773273314983,0,0.00579529876862843,7.50580662339292,0,2.35415352235133,0,0.000656761631370791,0,0.0209097655112517,0,0,0,97.1907981208294,0.00172117352210122,0.00817906501854009,0.00272475524972616,0.793945240731832,0,0,0,4.28660714788789,0,0.0121973606880798,0,0,0,0,0,0,0,0,0
