0,0,0,0,0,10.6105333921936,2.33945971788289,8.71696382005372,0.00139718012255362,0.0412361216986712,0,1.32489020200731,0,25.7432744114094,0.00242507214835253,0,0,0,0,0,0.000654971590032818,0,0,0.00131137695008729,0,0,0,0.00534538538715829,16.0034399760223,0.289264112988547,0,0,0.109442601191149,0.0149116880488743,0,0.00982018201699364,0.00337767378587887,0,0,1.3551257692145,0.00863155942745587,0,0,0,0,0,0,0,0,0,0,0,0,0,0,0,0,0,0,0,0,0,0,0,0,0,0,0,0,0,0,0,0,0,0,0,0,0,0,0,0,0,0,0,0.00629774334655921,0,0,0
0,0,3.69240569842143,0,0,0,0,0,0.0801923140889489,0,1.31137701364345,0,0.225740594151243,0,0,0.0301379188162935,0.932661589439513,0.0111662526234383,0.615221338708471,0,0.00996903620109953,8.93098731653232,0.13834833314125,0.0083047749537576,5.50381693656929,2.79840130098111,3.48539329489088,0.00291801447603605,0,0.00303347541563413,0.00901110646322978,0,0,0.783009289094534,0,0.303424467030207,1.10807800213495,0.590540522820498,0.0480297301251447,0.00217607799844004,0.00203059597851801,0.00722345362709342,0.00207076068285938,0,0,0,0,0,0,0,0.0156090922010715,0,0,0,0,0,0,0,0,0,0,0,0,0,0,0,0,0,0,0,1.50589504164353,0,0,0.00654818786333616,0,0,0,0,0,0,0,0,0,0,0.568485801175013,0,0.0292653528340406,0
0,3.69240569842143,0,0,0,0.00110665604714566,0.00861946690393733,0.000463290902589317,0.409916625640593,0,0.0657128901011724,0,0.0126912485930088,0,0,0.208319883190175,0.732235734742338,0,0.127987308541823,0,0.163789242412279,10.3415574059292,3.92305022152484,0.0701090824472713,0.105079394411156,12.2105622649334,4.1333097892168,0.0401782692818778,0,0.123733575933625,0,0,0.00190279741600425,1.74485440061036,0,2.98881731039652,2.42906095014222,0.431384298400972,0.0966387327632781,0.0105144254960188,0.000331122483577147,0.00407752236562071,0.0282317565599242,0.000524239915290192,0,0,0,0,0,0,0,0,0,0,0,0,0,0,0,0,0,0,0,0,0,0,0,0,0,0,0.00550099104689833,0,0,0,0,0,0,0,0,0,0,0,0,0,2.51915309837701,0.00243379401856403,0.183964810860801,0
0,0,0,0,0,0.0739761423548924,0.423535652664559,0,0.00179308051141064,9.97170976087122,0,0.244796571540747,0,0,0,0,0,0,0,51.4250723287876,0,0,0.000139977124128547,1.6962218526129,0,0,0,22.2188460374988,0,0.00267859663221623,0,0,0,0.000244396577155706,0,0,0.000512283131293305,0,0,0,0,0,0,0,0,0,0,0,0,0,0,0,0,0,0,0,0,0,0,0,0,0,0,0,0,0,0,0,0,0,0,0,0,0,0,0,0,0,0,0,0,0,0,0,0,0,0,0
0,0,0,0,0,8.44255298047545,0,1.68956780325563,0,0,0,0,0,0.420825260970551,2.93146286568938,0,0,0,0,0,0,0,0,0,0,0,0,0,1.81799351006142,0,0,6.23313526051963,0.00946500701934808,0.698762262481251,0,0,0,0.0281510996244844,0.00376741564148131,19.2675423811159,13.8663061614873,0,0,0,0,0,0,0,0,0,0,0,0,0,0,0,0,0,0,0,0,0,0,0,0,0,0,0,0,0,0,0,0,0,0,0,0,0,0,0,0,0,0,0,0,0,0,0
10.6105333921936,0,0.00110665604714566,0.0739761423548924,8.44255298047545,0,6.05059299111144,10.1086032755144,0.0118828262202019,7.98722847978389,0,5.65713100392682,0,4.9202022621126,0.658990078285547,0.00534063849627919,0,0,0,2.97718319405581,0.00105582257589845,0.000279625155099258,0.00451169264527741,0.760408517051515,0,0,0,0.681986139765033,7.30144616367303,0.10194666232202,0,0.555094007140584,0.861463193388332,0.885072753233939,0,0.0238471166098678,0.0171468972968119,0.234645835220959,0.00162696567735766,8.28057440701542,2.89430993205714,0,0,0,0,0,0,0,0,0,0,0,0,0,0,0,0,0,0,0,0,0,0,0,0,0,0,0,0,0,0,0,0,0,0,0,0,0,0,0,0,0,0,0,0.00212062706893278,0,0,0
2.33945971788289,0,0.00861946690393733,0.423535652664559,0,6.05059299111144,0,1.70341470072887,0.307504639358335,11.196668080524,0,1.79665755602123,0,1.36222717036783,0,0.226891535629885,0.00185683580312777,0,0,2.51595340876746,0.0671975847112418,0.0488273218521042,0.10726802255303,14.2685139194676,0,0.000108821343351762,0.00296766332110061,9.22843492714573,2.47249090077342,4.93639607426246,0,0,0.0441356673732246,0.501148895499514,0,0.402929812149161,0.423620842298482,0.0185308729428622,0.00224599784270842,1.69801039324273,0.00210214010781885,0,0.000360180174855895,0,0,0,0,0,0,0,0,0,0,0,0,0,0,0,0,0,0,0,0,0,0,0,0,0,0,0,0,0,0,0,0,0,0,0,0,0,0,0,0,0,0.150387394131743,0,0.0140305535062204,0
8.71696382005372,0,0.000463290902589317,0,1.68956780325563,10.1086032755144,1.70341470072887,0,0.000322707228261911,0.80603810479531,0,0.35498141722389,0,19.9969461226898,0.00915715683156862,0,0,0,0,0,0,0,0.000471412340484458,0.0243126901586573,0,0,0,0.000857537180988772,2.30443633580497,0.00421671679693139,0,0.652765403790332,0.0755398944493437,0.0901349815226204,0,0.00247725963906444,0.00139495096095212,0.00229835712667347,0,0.109254413406399,0.24356217459265,0,0,0,0,0,0,0,0,0,0,0,0,0,0,0,0,0,0,0,0,0,0,0,0,0,0,0,0,0,0,0,0,0,0,0,0,0,0,0,0,0,0,0,0,0,0,0
0.00139718012255362,0.0801923140889489,0.409916625640593,0.00179308051141064,0,0.0118828262202019,0.307504639358335,0.000322707228261911,0,0.00260770498185381,0.00483367219477478,1.24512183166736,0,0,1.02188860633941,0.818523116307184,0.0407931422518754,0,0.00940098780153545,0.00336140818454475,0.839539245805359,7.63329968152368,1.05726726096957,5.46366365108951,0,0.0238302803542797,0.0720314889634256,1.05246424841632,0.0021003087184769,1.33973329970297,0,0,0.00238360036006569,0.282993736988285,0,10.0043565428527,2.70708487748091,0.0504264558064036,0.017114627958181,8.55762951306776,0,0,0.208525845401825,0.000309701420602183,0,0,0,0,0,0,0,0,0,0,0,0,0,0.0563695275274307,0,0,0,0,0,0,0,0,0,0,0,0,0,0,0,0,0,0,0,0,0,0,0,0,0,0,2.04378376815915,0.00288311269900628,0.129795283430736,0
0.0412361216986712,0,0,9.97170976087122,0,7.98722847978389,11.196668080524,0.80603810479531,0.00260770498185381,0,0,3.51971191709937,0,0.10596197438302,0,0.00115774599625179,0,0,0,22.864064670188,0.000594240651796335,0,4.95230915559309e-05,0.622082309022857,0,0,0.000325521734582307,2.91456904583762,0,0.0149993288228325,0,0,0,0.00293341399623829,0,0.00197466454441168,0.00246603938980651,0,0,0.0155139151255345,0,0,0,0,0,0,0,0,0,0,0,0,0,0,0,0,0,0,0,0,0,0,0,0,0,0,0,0,0,0,0,0,0,0,0,0,0,0,0,0,0,0,0,0,0,0,0,0
0,1.31137701364345,0.0657128901011724,0,0,0,0,0,0.00483367219477478,0,0,0,16.8336454113359,0,0,0.000762204077987757,0.237738475964696,4.6418009332729,4.53842443097133,0,0.00345044737935987,1.06308184668921,0.00665635208685959,0.000921782981524982,2.67813730996637,6.36114214400406,2.15481638429771,4.07178603140949e-05,0,0.00274627298117212,1.10890729153079,0,0,3.66534763395859,5.06484403042142e-05,0.0555966478218263,15.6678754794445,7.18417905763899,0.453873963495271,0.000639278922817364,0.0270502911774241,1.8334431817218,0.0027560304835567,0.00181285047011581,0,0.00103216165058199,0,0,0,0,0,0,0,0,0,0,0,0,0,0,0,0,0,0,0,0,0,0,0,0,0.8986316631934,0,0,0.0207868081120946,0.00125271754466365,0,0,0,0,0,0,0,0,0,0.0253511199988867,0,0.00177822454442899,0
1.32489020200731,0,0,0.244796571540747,0,5.65713100392682,1.79665755602123,0.35498141722389,1.24512183166736,3.51971191709937,0,0,0,0.0354654079502856,1.70162330212553,0.00418682748047043,0,0,0,22.5810696795301,0.00214908646831637,0.00177649900196588,0.00129682598086452,0.149214926786072,0,0,0,0.0537306213283787,0.317147850932703,0.0612639571791228,0,0,0.00269283982339624,0.0110671861044208,0,0.237868570694035,0.040735359277921,3.647396210716e-05,0.000163877257871759,10.2384717715602,0,0,0,0,0,0,0,0,0,0,0,0,0.0715753235207156,0,0,0,0,0,0,0,0,0,0,0,0,0,0,0,0.0768552786837115,0,0,0,0,0,0,0,0.000606967471726429,0,0,0,0,0,0,0,0.0875698341027852,0,0.00745842612898827,0
0,0.225740594151243,0.0126912485930088,0,0,0,0,0,0,0,16.8336454113359,0,0,0,0.0018208523319704,0.000170879270623628,0.046204115315736,0.0128289578184245,0.101152283874468,0,0,0.227634648495724,0.00126809603862274,0,6.92740967595476,2.31155019148839,1.29144560260217,0,0,3.32083110611654e-05,3.15080075704096,0,0,0.15069322046263,0.000288738309088309,3.42738490183707,7.15973603396403,1.47025682643857,0.638278489471385,0.0917612031225015,0.46549330260119,8.51104118006356,0.307158921789495,0.382498331250033,0.0655677110764243,0.183207811399281,0.00151601956743451,0.00551576164175543,0.140873850308933,0,0.00114718067469206,0.00198904453852319,0,0,0,0.000246590570304697,0,0,0,0.00240887170054939,0,0.0869319808417652,0,0,0.00177054653245061,0.00659006030094348,0,0.0012070108133331,0,0.000248942113935141,0.569188057139617,0.000313193654410258,0.000163276002106347,0.0954742944818224,0.00369857877979412,0.000571343883531533,0,0,0,0,0,0,0.127184323875994,2.19502043122422e-05,0.422540021451342,0.0334198357904561,0.00792289970321576,4.62591441554036e-05
25.7432744114094,0,0,0,0.420825260970551,4.9202022621126,1.36222717036783,19.9969461226898,0,0.10596197438302,0,0.0354654079502856,0,0,0.00717262072125346,0,0,0,0,0,0,0,0,0,0,0,0,0,3.78076172157919,0.00113932145051911,0,1.55255481753874,0.104865490777981,0.16250009463234,0,4.59548190566432e-05,0,0.0336481833456345,0,0.123476268318982,0.410838289738198,0,0,0,0,0,0,0,0,0,0,0,0,0,0,0,0,0,0,0,0,0,0,0,0,0,0,0,0,0,0,0,0,0,0,0,0,0,0,0,0,0,0,0,0,0,0,0
0.00242507214835253,0,0,0,2.93146286568938,0.658990078285547,0,0.00915715683156862,1.02188860633941,0,0,1.70162330212553,0.0018208523319704,0.00717262072125346,0,0,0,0,0,0,0,0,4.06446413902858e-05,0,0,0,0,0,0.0169867546635961,0,0,0,0.00494468990793088,0.00304908018808318,0.0891806218476874,1.69709282024979,0.175629414032599,0.0211510101672746,0.0393340137267651,59.8980880270306,0.0283191275145019,0.00292306923780135,3.75520564814545,0.423794914866255,0.0192155164443252,0.110974146124988,0.370798671696113,0.114134100790591,0.00247514936301584,0,0,2.98178942896774e-05,0,0,7.69140401402028e-05,0,0,0,0,5.53682568964348e-05,3.23277754503578e-05,0,0,0.0853432724174481,0,6.56345753268783e-05,0,0,0,3.90940013068549e-05,0.000204519320365137,6.06694376842091e-05,0,0,1.87017038858371e-05,0,0,0,0,0,0,0,0.00873527389854022,0.0121037065855728,1.16687581006411,5.65351879685198,0.0615390735569655,0.0330738415815314
0,0.0301379188162935,0.208319883190175,0,0,0.00534063849627919,0.226891535629885,0,0.818523116307184,0.00115774599625179,0.000762204077987757,0.00418682748047043,0.000170879270623628,0,0,0,0.0460931905675717,0,0.00551600349992933,0,8.79617948808562,1.9083669315119,43.786353230941,1.41370042662212,0.000181264465214444,0.0102376090669027,2.96149124786596,8.12893766257144,0.00329457963079654,1.64774360333193,0,0,0.00438600537421045,1.23243901741954,0,0.635667624210772,0.968970677184025,0.0167452903741277,0.00575354389637135,0.0044261908060976,0,0,0.00646456707689783,0.000103286274590328,0,0,0,0,0,0,0,0,0,0,0,0,0,0,0,0,0,0,0,0,0,0,0,0,0,0,0,0,0,0,0,0,0,0,0,0,0,0,0,0,0.581770872686891,0,0.0525030706879469,0
0,0.932661589439513,0.732235734742338,0,0,0,0.00185683580312777,0,0.0407931422518754,0,0.237738475964696,0,0.046204115315736,0,0,0.0460931905675717,0,0.00962517619907617,16.3258416210647,0,1.41078125248765,0.848724381858403,9.85295677683,0.0152602144414905,0.1810308019449,4.49366101870414,0.569777439617,0.00785235872959377,0.000204324825995592,0.534308887456148,0,0,0,1.25092923182348,0,0.798758630389769,0.83709334266953,0.339035040765653,0.0692572679405744,0.00328832851194302,0,0.00326464899036635,0.00770518501069105,2.60166556841634e-05,0,0,0,0,0,0,0,0,0,0,0,0,0,0,0,0,0,0,0,0,0,0,0,0,0,0,0.0129118205978784,0,0,0,0,0,0,0,0,0,0,0,0,0,0.750698502819852,0.00176942630596169,0.0503885213961666,0
0,0.0111662526234383,0,0,0,0,0,0,0,0,4.6418009332729,0,0.0128289578184245,0,0,0,0.00962517619907617,0,9.49050278823986,0,0,0.00654723046321075,0,0,0.00537452492730242,2.86532019671007,0.0127558694648998,0,0.00011316057498334,0,0,0,0,0.00139635846326962,0,0,0.00470567324450466,0.00482796988538944,0,0,0,0,0,0,0,0,0,0,0,0,0,0,0,0,0,0,0,0,0,0,0,0,0,0,0,0,0,0,0,0,0.00299554883287097,0,0,0,0,0,0,0,0,0,0,0,0,0,0,0,0,0
0,0.615221338708471,0.127987308541823,0,0,0,0,0,0.00940098780153545,0,4.53842443097133,0,0.101152283874468,0,0,0.00551600349992933,16.3258416210647,9.49050278823986,0,0,0.0194209732037593,0.488773204669331,0.0971473618178811,4.37356403145475e-05,0.109157274478037,10.4683327478598,0.691311323593002,0,0,0.00643204770259583,0.00338181543709673,0,0,0.567870981144887,0,0.0676116199430397,0.6078922132929,0.432354259170719,0.0310221739505294,0.000629821070409452,0,0.00446117649718925,0.00106207105452579,0,0,0,0,0,0,0,0,0,0,0,0,0,0,0,0,0,0,0,0,0,0,0,0,0,0,0,0.0596384838490476,0,0,0,0,0,0,0,0,0,0,0,0,0,0.0655061544604429,0,0.00589806883907396,0
0,0,0,51.4250723287876,0,2.97718319405581,2.51595340876746,0,0.00336140818454475,22.864064670188,0,22.5810696795301,0,0,0,0,0,0,0,0,0,0,0.000890051244652357,1.31317681879583,0,0,0,5.22434986654251,0,0.00527321746041262,0,0,0,0.00170178846173652,0,0.000828397696433083,0.003557528340484,0,0,0.00382321093207683,0,0,0,0,0,0,0,0,0,0,0,0,0,0,0,0,0,0,0,0,0,0,0,0,0,0,0,0,0,0,0,0,0,0,0,0,0,0,0,0,0,0,0,0,0,0,0,0
0.000654971590032818,0.00996903620109953,0.163789242412279,0,0,0.00105582257589845,0.0671975847112418,0,0.839539245805359,0.000594240651796335,0.00345044737935987,0.00214908646831637,0,0,0,8.79617948808562,1.41078125248765,0,0.0194209732037593,0,0,0.669516699020263,9.87972226346755,0.758077621425201,0.000940925801433887,0.0160422781768035,0.0213919046409704,9.29444171994708,0.00133588300823011,10.2350400440483,0,0,0,0.448153008623193,0,0.136212986564502,0.397093697019602,0.0041957711377849,0.00286790368957183,0.00120249067704081,0,0,0.000420244893959232,0,0,0,0,0,0,0,0,0,0,0,0,0,0,0,0,0,0,0,0,0,0,0,0,0,0,0,0,0,0,0,0,0,0,0,0,0,0,0,0,0,0.121178167331422,0,0.00986427663721039,0
0,8.93098731653232,10.3415574059292,0,0,0.000279625155099258,0.0488273218521042,0,7.63329968152368,0,1.06308184668921,0.00177649900196588,0.227634648495724,0,0,1.9083669315119,0.848724381858403,0.00654723046321075,0.488773204669331,0,0.669516699020263,0,5.72495611475307,4.16659934555239,0.716706875224891,1.36460295566604,1.92249998459046,0.450560561927701,0.00144799047964109,0.488342706625895,0,0,0,2.11910253421638,0,2.34782098428734,4.57257673997799,1.37315558914203,0.165755930200271,0.0116348421613433,0.00277498431870069,0.010613829866857,0.0277668792232632,0.00445333839226975,0.000999988723677976,2.73750785442415e-05,0,0,8.05475540843065e-05,0,0.0405541961503876,0,0,0,0,0,0,0,0,0.000873756084562159,0,5.74155675740311e-05,0,0,0,0.00125752887468959,0,0.00115752471761405,0,0,0.0534775226581702,0,0,0.0387073217109012,0.0126949125505218,0.00604612872908043,0,0,0,0,0,0,0,0,3.29672703859201,0.00139287640451936,0.209803750575354,0
0,0.13834833314125,3.92305022152484,0.000139977124128547,0,0.00451169264527741,0.10726802255303,0.000471412340484458,1.05726726096957,4.95230915559309e-05,0.00665635208685959,0.00129682598086452,0.00126809603862274,0,4.06446413902858e-05,43.786353230941,9.85295677683,0,0.0971473618178811,0.000890051244652357,9.87972226346755,5.72495611475307,0,0.516397794180857,0.000819091122378687,0.123889301971174,4.42176450342599,1.13119462171778,0.00450614205534521,2.92693796797528,0,0,0.00112466622587037,2.50289314815566,6.06937830012488e-06,1.85121860698721,1.58059555431111,0.0888530534695064,0.0307739450349408,0.00575114424373858,0.000910491158678198,0.00206229917723003,0.0138455918562001,0.000938231098947253,0,4.7235562443453e-05,0,0,0,0,0,0,0,0,0,0,0,0,0,0,0,0,0,0,0,0,0,0,0,0,0,0,0,0,0,0,0,0,0,0,0,0,0,0,1.22079409121543,0.000195835495588801,0.0963707128006245,0
0.00131137695008729,0.0083047749537576,0.0701090824472713,1.6962218526129,0,0.760408517051515,14.2685139194676,0.0243126901586573,5.46366365108951,0.622082309022857,0.000921782981524982,0.149214926786072,0,0,0,1.41370042662212,0.0152602144414905,0,4.37356403145475e-05,1.31317681879583,0.758077621425201,4.16659934555239,0.516397794180857,0,0,0.00492887044317423,0.0178214436035276,44.0929935862709,0.0115609938245808,1.83432947696891,0,0,0.00492392131528194,0.324874470642387,0,0.360237050939565,1.92818601152696,0.00993887560064435,0.000833342996365694,0.00757676828340673,0,0,0.00219586835740536,0,0,0,6.08770931551546e-05,0,0,0,0,0,0,0,0,0,0,0,0,0,0,0,0,0,0,0,0,0,0,0,0,0,0,0,0,0,0,0,0,0,0,0,0,0,0.210842720364401,0,0.0209449535341619,0
0,5.50381693656929,0.105079394411156,0,0,0,0,0,0,0,2.67813730996637,0,6.92740967595476,0,0,0.000181264465214444,0.1810308019449,0.00537452492730242,0.109157274478037,0,0.000940925801433887,0.716706875224891,0.000819091122378687,0,0,1.14762189889558,1.2514827899379,0,0,0,0,0,0,0.0767114969192164,0,0.0165338996173985,7.79997018169944,0.256448220446898,0.145400312313915,0,0.00115814780682028,7.37104238151346,0,0.0525614391841858,0,0,0,0,0.115039772264349,0,0.00315406030131357,0,0,0,0,0,0,0,0,0.00107904657783459,0,0.156340124793395,0,0,0,0,0,0,0,0,2.13008518015718,0,0,0.413438598348676,0.00114688880654101,0.0016275920969327,0,0,0,0,0,0,0,0,0.0156042580234355,0.00020671513520118,0.0015982840762698,0
0,2.79840130098111,12.2105622649334,0,0,0,0.000108821343351762,0,0.0238302803542797,0,6.36114214400406,0,2.31155019148839,0,0,0.0102376090669027,4.49366101870414,2.86532019671007,10.4683327478598,0,0.0160422781768035,1.36460295566604,0.123889301971174,0.00492887044317423,1.14762189889558,0,12.6560139652639,0.00294987997219136,0,0.0140513988963594,1.82859758801167,0,0,0.671374727594111,0,0.105361666916164,0.558989420068516,0.362715054302937,0.02253089308457,0.000297663564369048,0,0.00482191692928804,0.00135637692475658,0,0,0,0,0,0,0,0,0,0,0,0,0,0,0,0,0,0,0.00066342725378566,0,0,0,0,0,0,0,0,0.101552689975308,0,0,0,0,0,0,0,0,0,0,0,0,0,0.0784639168086146,0,0.00496359064839212,0
0,3.48539329489088,4.1333097892168,0,0,0,0.00296766332110061,0,0.0720314889634256,0.000325521734582307,2.15481638429771,0,1.29144560260217,0,0,2.96149124786596,0.569777439617,0.0127558694648998,0.691311323593002,0,0.0213919046409704,1.92249998459046,4.42176450342599,0.0178214436035276,1.2514827899379,12.6560139652639,0,0.00859968788944516,0.00012833904118485,0.0529991438223393,0.381873846353104,0,0,0.613149887071612,0,0.172091583890383,0.537249851600607,0.267427125692836,0.0169210957074172,0.000832839086886089,0,0.00236209336824703,0.00148278251383514,1.33138276783471e-05,0,0,0,0,0,0,0,0,0,0,0,0,0,0,0,0,0,0,0,0,0,0,0,0,0,0,0.0625239709785588,0,0,0.00310756486104391,0,0,0,0,0,0,0,0,0,0,0.119345172070169,1.72010744984622e-05,0.00623564790595298,0
0.00534538538715829,0.00291801447603605,0.0401782692818778,22.2188460374988,0,0.681986139765033,9.22843492714573,0.000857537180988772,1.05246424841632,2.91456904583762,4.07178603140949e-05,0.0537306213283787,0,0,0,8.12893766257144,0.00785235872959377,0,0,5.22434986654251,9.29444171994708,0.450560561927701,1.13119462171778,44.0929935862709,0,0.00294987997219136,0.00859968788944516,0,0.00893762910361432,1.018872443647,0,0,0.00201304732576589,0.0904718768891229,0,0.075053367420104,0.4787852069846,0.00475958409638861,0.0015251843008623,0.0110746086188988,0,0,0.00069760803326052,0.000766920456002386,0,0,0,0,0,0,0,0,0,0,0,0,0,0,0,0,0,0,0,0,0,0,0,0,0,0,0,0,0,0,0,0,0,0,0,0,0,0,0,0,0.0405553772151416,0,0.00539679042453023,0
16.0034399760223,0,0,0,1.81799351006142,7.30144616367303,2.47249090077342,2.30443633580497,0.0021003087184769,0,0,0.317147850932703,0,3.78076172157919,0.0169867546635961,0.00329457963079654,0.000204324825995592,0.00011316057498334,0,0,0.00133588300823011,0.00144799047964109,0.00450614205534521,0.0115609938245808,0,0,0.00012833904118485,0.00893762910361432,0,3.11144911368915,0,2.58142215627811,7.3207321959791,2.4834546087678,1.32195959389153e-05,0.736847233289625,0.100497451393066,0.452772367478032,0.0532399227995468,13.5104292207271,2.2053526383567,0,0.00239771424574005,0.000759362766489646,0,0,0,0,0,0,0,0,0,0,0,0,0,0,0,0,0,0,0,0,0,0,0,0,0,0,0,0,0,0,0,0,0,0,0,0,0,0,0,0,0.270227206465934,0,0.0206054854479797,0
0.289264112988547,0.00303347541563413,0.123733575933625,0.00267859663221623,0,0.10194666232202,4.93639607426246,0.00421671679693139,1.33973329970297,0.0149993288228325,0.00274627298117212,0.0612639571791228,3.32083110611654e-05,0.00113932145051911,0,1.64774360333193,0.534308887456148,0,0.00643204770259583,0.00527321746041262,10.2350400440483,0.488342706625895,2.92693796797528,1.83432947696891,0,0.0140513988963594,0.0529991438223393,1.018872443647,3.11144911368915,0,0,0,0.0245699011981557,1.84226105848606,0,0.811630159801617,1.09778124389613,0.0136967073958405,0.00238315528652783,0.379759451749433,0.00106222398773247,0,0.00135457482662982,0,0,0,0,0,0,0,0,0,0,0,0,0,0,0,0,0,0,0,0,0,0,0,0,0,0,0,0,0,0,0,0,0,0,0,0,0,0,0,0,0,0.324565305729471,0,0.0396114041409666,0
0,0.00901110646322978,0,0,0,0,0,0,0,0,1.10890729153079,0,3.15080075704096,0,0,0,0,0,0.00338181543709673,0,0,0,0,0,0,1.82859758801167,0.381873846353104,0,0,0,0,0,0,0,0,0,0.00230746447182273,0.00122577054939702,0,0,0,0,0,0,0,0,0,0,0,0,0,0,0,0,0,0,0,0,0,0,0,0,0,0,0,0,0,0,0,0,0.00230680253892823,0,0,0,0,0,0,0,0,0,0,0,0,0,0,0,0,0
0,0,0,0,6.23313526051963,0.555094007140584,0,0.652765403790332,0,0,0,0,0,1.55255481753874,0,0,0,0,0,0,0,0,0,0,0,0,0,0,2.58142215627811,0,0,0,0.00534818552593019,0.40219673365097,0,0,0,0,0,0.00887689918031261,1.3450819622546,0,0,0,0,0,0,0,0,0,0,0,0,0,0,0,0,0,0,0,0,0,0,0,0,0,0,0,0,0,0,0,0,0,0,0,0,0,0,0,0,0,0,0,0,0,0,0
0.109442601191149,0,0.00190279741600425,0,0.00946500701934808,0.861463193388332,0.0441356673732246,0.0755398944493437,0.00238360036006569,0,0,0.00269283982339624,0,0.104865490777981,0.00494468990793088,0.00438600537421045,0,0,0,0,0,0,0.00112466622587037,0.00492392131528194,0,0,0,0.00201304732576589,7.3207321959791,0.0245699011981557,0,0.00534818552593019,0,1.14829671370635,0,2.88450936319631,0.236120139396233,0.235301547775941,0.107791065733905,5.86300062423126,0.160578089700098,0.00619647238525367,0.00516856467359684,0,0,0,0,0,0,0,0,0,0,0,0,0,0,0,0,0,0,0,0,0,0,0,0,0,0,0,0,0,0,0,0,0,0,0,0,0,0,0,0,0,2.71530950416329,0.000287582942597175,0.143648257133977,0
0.0149116880488743,0.783009289094534,1.74485440061036,0.000244396577155706,0.698762262481251,0.885072753233939,0.501148895499514,0.0901349815226204,0.282993736988285,0.00293341399623829,3.66534763395859,0.0110671861044208,0.15069322046263,0.16250009463234,0.00304908018808318,1.23243901741954,1.25092923182348,0.00139635846326962,0.567870981144887,0.00170178846173652,0.448153008623193,2.11910253421638,2.50289314815566,0.324874470642387,0.0767114969192164,0.671374727594111,0.613149887071612,0.0904718768891229,2.4834546087678,1.84226105848606,0,0.40219673365097,1.14829671370635,0,8.34052241147776e-05,24.9720270424244,23.4955498629698,51.8808318011562,4.80242469285643,11.0245756781824,5.10302002050152,0.233463753035114,0.0892670455429402,0.00224702350928367,0.000494372190234113,0.00067702281431321,9.81321610117933e-06,0,0,0,0,0,0,0,0,0,0,0,0,0,0,0.000969778936403875,0,8.93517759154949e-06,0,0,0,0,0,0,0.0677816529487438,0,0,0,0,0,0,0,0,0,0,0,0,0,11.6189956164297,0.00605871998114102,1.12907865533439,0
0,0,0,0,0,0,0,0,0,0,5.06484403042142e-05,0,0.000288738309088309,0,0.0891806218476874,0,0,0,0,0,0,0,6.06937830012488e-06,0,0,0,0,0,1.32195959389153e-05,0,0,0,0,8.34052241147776e-05,0,0.089842072941996,0.00581910138692915,0.0016437305949835,0.00166416485475737,0.00977377274364299,0.000449666523339118,9.36079108001999e-05,0.700527829710815,0.0465672759297434,0.0045343771594802,0.0238447580723064,0.181841351689684,0.0261739658413825,0.000379167516024992,1.51469526209723e-05,0,0,0,0,2.07671066777077e-05,2.27801237671185e-05,0,0,0,8.51918151553478e-05,0.000108529245007834,0,0,0.0944703766684228,0,3.41879317658959e-05,0,0,0,0,8.5513209064565e-06,1.39024473068699e-06,2.56225307850759e-05,0,4.81066605841437e-06,1.21945493753421e-05,0,0,1.03665711964876e-05,0,0,0,0.00344020350022707,1.76938427778588,0.0238670977489053,0.360822284996544,0.0443024454048132,1.23585185097219
0.00982018201699364,0.303424467030207,2.98881731039652,0,0,0.0238471166098678,0.402929812149161,0.00247725963906444,10.0043565428527,0.00197466454441168,0.0555966478218263,0.237868570694035,3.42738490183707,4.59548190566432e-05,1.69709282024979,0.635667624210772,0.798758630389769,0,0.0676116199430397,0.000828397696433083,0.136212986564502,2.34782098428734,1.85121860698721,0.360237050939565,0.0165338996173985,0.105361666916164,0.172091583890383,0.075053367420104,0.736847233289625,0.811630159801617,0,0,2.88450936319631,24.9720270424244,0.089842072941996,0,12.6960217604938,51.6198757311339,39.5574639044985,21.8705439073314,4.72272192004495,4.6013316663683,5.56145413774139,0.877076311837085,0.33751522044053,0.461812520998374,0.192879591671603,0.161315873588273,0.0582485292521148,0,0.00773712508163601,0.0202203019613659,0,0,0.00150705234108814,0.000629127897006913,0,0.0641338235237848,0,0.00302053584599444,0.00110731375673419,0.068814098683575,0.000375595076737126,0.0233336706579339,0.0129759704726229,0.0234173051807562,0.00204472908021697,0.00299326681320804,0,0.001027002166187,0.067961657491167,0.00755305097336921,0.00206936972461272,0.00398983053250498,0.0130992153351257,0.00246285284667701,0.000257774359942834,0,0.00196517980718284,0.00128934134743481,0,0,0.172019575241482,0.00564468659092491,14.2193379207761,0.44171176321812,1.22336501478295,0.00369318456345419
0.00337767378587887,1.10807800213495,2.42906095014222,0.000512283131293305,0,0.0171468972968119,0.423620842298482,0.00139495096095212,2.70708487748091,0.00246603938980651,15.6678754794445,0.040735359277921,7.15973603396403,0,0.175629414032599,0.968970677184025,0.83709334266953,0.00470567324450466,0.6078922132929,0.003557528340484,0.397093697019602,4.57257673997799,1.58059555431111,1.92818601152696,7.79997018169944,0.558989420068516,0.537249851600607,0.4787852069846,0.100497451393066,1.09778124389613,0.00230746447182273,0,0.236120139396233,23.4955498629698,0.00581910138692915,12.6960217604938,0,35.8806820576387,11.5666840449804,1.93075858992779,1.24016861722202,6.17957524757862,0.147093887764935,0.064340359285709,0.0266529501638971,0.0578697104799918,0.0158393900086259,0.0143439987470152,0.0294127944989881,0,0.00298000600036007,0.000586004049775845,0,0,0,0,0,0,0,0.0037723327262135,0,0.00944750268763064,0,0.0018864303938399,0.000580691565061582,0.00252414750893869,0,0,0,8.7294634642846e-05,0.223872523001106,0.000166523924609076,0,0.217167584524263,0.000425014570263001,0.000226798010458672,0,0,0,0,0,0,0.0250826812737848,0.000335659056704497,9.12135375207003,0.016999036953444,0.677264231045552,0
0,0.590540522820498,0.431384298400972,0,0.0281510996244844,0.234645835220959,0.0185308729428622,0.00229835712667347,0.0504264558064036,0,7.18417905763899,3.647396210716e-05,1.47025682643857,0.0336481833456345,0.0211510101672746,0.0167452903741277,0.339035040765653,0.00482796988538944,0.432354259170719,0,0.0041957711377849,1.37315558914203,0.0888530534695064,0.00993887560064435,0.256448220446898,0.362715054302937,0.267427125692836,0.00475958409638861,0.452772367478032,0.0136967073958405,0.00122577054939702,0,0.235301547775941,51.8808318011562,0.0016437305949835,51.6198757311339,35.8806820576387,0,6.47697499987357,3.71687383000229,8.01805569116082,1.52031610830851,0.443981644141152,0.0360326627442354,0.0075447848995942,0.0164831733065813,0.00148517704416344,0.00160448525494936,0.0113912026416033,0,0,0,0,0,0,0,0,0,0,0,0,0.00169210539889907,0,0.000423837920058417,0,0.00215001911047086,0,0,0,0,0.0629006990175227,0,0,0.00267913862546298,0,8.52126941933531e-06,0,0,0,0,0,0,0.00478278027112358,2.88681682900141e-05,23.332212501598,0.0599928232383075,0.894463752070394,0.000108795375283219
0,0.0480297301251447,0.0966387327632781,0,0.00376741564148131,0.00162696567735766,0.00224599784270842,0,0.017114627958181,0,0.453873963495271,0.000163877257871759,0.638278489471385,0,0.0393340137267651,0.00575354389637135,0.0692572679405744,0,0.0310221739505294,0,0.00286790368957183,0.165755930200271,0.0307739450349408,0.000833342996365694,0.145400312313915,0.02253089308457,0.0169210957074172,0.0015251843008623,0.0532399227995468,0.00238315528652783,0,0,0.107791065733905,4.80242469285643,0.00166416485475737,39.5574639044985,11.5666840449804,6.47697499987357,0,1.08590658422946,3.29081948374723,3.11888000341626,0.397782772036463,0.139182838312134,0.038789544779165,0.0895685585104856,0.00342508419370966,0.00506885819273641,0.0130251810048027,0,0,0.00123095568213181,0,0,0,0,0,0,0,0.00121326393484812,0,0.0145628203810976,0,5.66425465826449e-05,0,0.00146794213180153,0,0.00186153982832621,0,0,0.0160275977271548,0.00143978588154238,0,0.00308731749031421,0.00128743315988961,0,0,0,0,0,0,0,0.0159846420084006,4.80646179671436e-05,20.7216797460194,0.123027445723624,0.487944080081276,0.000439440643692221
1.3551257692145,0.00217607799844004,0.0105144254960188,0,19.2675423811159,8.28057440701542,1.69801039324273,0.109254413406399,8.55762951306776,0.0155139151255345,0.000639278922817364,10.2384717715602,0.0917612031225015,0.123476268318982,59.8980880270306,0.0044261908060976,0.00328832851194302,0,0.000629821070409452,0.00382321093207683,0.00120249067704081,0.0116348421613433,0.00575114424373858,0.00757676828340673,0,0.000297663564369048,0.000832839086886089,0.0110746086188988,13.5104292207271,0.379759451749433,0,0.00887689918031261,5.86300062423126,11.0245756781824,0.00977377274364299,21.8705439073314,1.93075858992779,3.71687383000229,1.08590658422946,0,2.35365756775614,0.0652098807422904,2.38415163119275,0.280752296504109,0.013298721430876,0.028745744707316,0.0276443970971466,0.021531511572154,0.00324109123885129,0,0,0.000341701967893405,0,0,4.44730796710156e-05,1.74518698997517e-05,0,0,0,0.000324163028476388,0,0,0,0.00379574013296485,0,0,0,0,0,0,0.000214429885953255,3.76390308962788e-05,0,0,1.26459293118446e-05,2.15264463220878e-05,0,3.41573498637969e-05,6.09609783417252e-05,0,0,0,0.00417035646610425,0.000996186828320226,10.352054449769,2.22467530761541,0.530223990499095,0.00224202598039068
0.00863155942745587,0.00203059597851801,0.000331122483577147,0,13.8663061614873,2.89430993205714,0.00210214010781885,0.24356217459265,0,0,0.0270502911774241,0,0.46549330260119,0.410838289738198,0.0283191275145019,0,0,0,0,0,0,0.00277498431870069,0.000910491158678198,0,0.00115814780682028,0,0,0,2.2053526383567,0.00106222398773247,0,1.3450819622546,0.160578089700098,5.10302002050152,0.000449666523339118,4.72272192004495,1.24016861722202,8.01805569116082,3.29081948374723,2.35365756775614,0,0.277119511018784,0.0934624375292289,0.0150558700337171,0.000117850139871213,0.0017869033480463,0.00110674728837608,0.00240906468478783,0,0,0,0,0,0,0,0,0,0,0,0,0,0,0,0.000570499197228276,0,0,0,0,0,0,0,0,0,0,0,0,0,0,0,0,0,0,0,4.76946559635856e-05,2.39458797968852,0.0606553112613076,0.0684155997868594,0.000115468600761417
0,0.00722345362709342,0.00407752236562071,0,0,0,0,0,0,0,1.8334431817218,0,8.51104118006356,0,0.00292306923780135,0,0.00326464899036635,0,0.00446117649718925,0,0,0.010613829866857,0.00206229917723003,0,7.37104238151346,0.00482191692928804,0.00236209336824703,0,0,0,0,0,0.00619647238525367,0.233463753035114,9.36079108001999e-05,4.6013316663683,6.17957524757862,1.52031610830851,3.11888000341626,0.0652098807422904,0.277119511018784,0,0.173699927727161,0.36870702943854,0.0617174997947507,0.260685275646891,0.00417914297363933,0.00840330667803771,0.240201338779454,0,0,0.00419657941318953,0,0,0,0,0,0.00278034991958831,0,0.00369270470778538,0,0.0510165636800225,0,0,0.00192286594371523,0.00993591841942185,0,0,0,0,0.0164442512677039,0.00048835412119199,0,0.0415697986800608,0.00112263921812144,0,0,0,0,0,0,0,0.0881989280440068,2.32044734082808e-06,1.05561901173419,0.0505575075012136,0.00238970830655585,0
0,0.00207076068285938,0.0282317565599242,0,0,0,0.000360180174855895,0,0.208525845401825,0,0.0027560304835567,0,0.307158921789495,0,3.75520564814545,0.00646456707689783,0.00770518501069105,0,0.00106207105452579,0,0.000420244893959232,0.0277668792232632,0.0138455918562001,0.00219586835740536,0,0.00135637692475658,0.00148278251383514,0.00069760803326052,0.00239771424574005,0.00135457482662982,0,0,0.00516856467359684,0.0892670455429402,0.700527829710815,5.56145413774139,0.147093887764935,0.443981644141152,0.397782772036463,2.38415163119275,0.0934624375292289,0.173699927727161,0,31.8112881957832,38.3029879344319,35.679463927973,20.7797420280038,5.73631991985886,1.66097622138767,0.492384357130389,0.135515191825008,1.54050258952541,0,0,0.35322530034748,0.43189298073598,0.254678134301503,11.0224273043636,0.0164074524228954,0.300290134200899,0.0747782319227897,0.216614188312173,0.0291712343289063,0.55818172390634,1.27685728723282,1.06628471397439,0.0165674498305592,0.148114093509069,0.000171178266920636,0.266667745616965,3.93473008699911,0.713327393083413,2.16767621678965,0.084622628581023,0.629940711121556,0.106557683051712,0.0524495310881431,0.0616475961090838,0.414067938873877,0,0,0.062916430451025,22.5338618772229,0.162553647625715,0.0984766197456062,16.4500400922805,0.00690997383132035,0.015460829761837
0,0,0.000524239915290192,0,0,0,0,0,0.000309701420602183,0,0.00181285047011581,0,0.382498331250033,0,0.423794914866255,0.000103286274590328,2.60166556841634e-05,0,0,0,0,0.00445333839226975,0.000938231098947253,0,0.0525614391841858,0,1.33138276783471e-05,0.000766920456002386,0.000759362766489646,0,0,0,0,0.00224702350928367,0.0465672759297434,0.877076311837085,0.064340359285709,0.0360326627442354,0.139182838312134,0.280752296504109,0.0150558700337171,0.36870702943854,31.8112881957832,0,11.0149386553171,7.68061245898993,1.52468391906452,0.539432793170021,10.1001626458091,0.465155113900703,0.317092993556427,1.39628686502667,0,0,0.102040650987942,0.161724211662316,0.163554119531223,0.135581359576575,0.00682297231702494,4.23049903055086,0.0379607790305823,2.38081005666634,0.0143765380078438,0.0295106076274433,1.51153511088741,1.6132720154669,0.172315480162557,0.906628499876289,0,0.275673342906115,8.19783030465312,0.916405631816145,0.106253559362776,14.0411112951085,2.87905667277141,0.723852697904963,0.0386825016739992,0.0273744863487564,0.456453349621904,0.00368923972387931,0,0.107933759191383,9.97170299835722,0.00841762060882359,0.036399171510875,16.4841795134185,0.00057791234468164,0.000162603324519344
0,0,0,0,0,0,0,0,0,0,0,0,0.0655677110764243,0,0.0192155164443252,0,0,0,0,0,0,0.000999988723677976,0,0,0,0,0,0,0,0,0,0,0,0.000494372190234113,0.0045343771594802,0.33751522044053,0.0266529501638971,0.0075447848995942,0.038789544779165,0.013298721430876,0.000117850139871213,0.0617174997947507,38.3029879344319,11.0149386553171,0,8.17604351149703,5.98796976387845,5.15942258780164,5.83613701563197,0.0433948300479493,0.128330992007308,0.323814849121133,0,0.0131395389588755,0.25797413215398,0.00853025707971631,0.228879970762168,0.0048819470122543,0.000647310477833396,18.6230604847939,0.0028481571979466,0.954961139596839,0.107076728954839,0.00490173845615229,0.0902006050109574,0.422496927973944,0.0358207858060893,0.216870581933515,0,0.0129145511242801,0.492099351690504,0.0845613278969785,0.00586198292432245,0.296813416234746,0.775161873945218,0.134399361742728,0.00203365742988982,0.169090155219057,0.0226976169535126,0.00174255362907566,0.00242189437353066,0.0154786948025643,41.7631351969321,0.00131666003472047,0.0239246150853699,18.0018136257713,0.00132297740760651,0.000633000795529021
0,0,0,0,0,0,0,0,0,0,0.00103216165058199,0,0.183207811399281,0,0.110974146124988,0,0,0,0,0,0,2.73750785442415e-05,4.7235562443453e-05,0,0,0,0,0,0,0,0,0,0,0.00067702281431321,0.0238447580723064,0.461812520998374,0.0578697104799918,0.0164831733065813,0.0895685585104856,0.028745744707316,0.0017869033480463,0.260685275646891,35.679463927973,7.68061245898993,8.17604351149703,0,3.68808100157783,3.48004951313742,7.54781147513773,0.0393343500935744,0.071136406168624,0.121073494093291,0,0,0.0405333112963286,0.0118010489109798,0.0316026538317195,0.00211877279742115,0.0010964667974321,1.95274625307674,0.00175805684715255,0.296959811426188,0.004861779776231,0.0393797267867623,0.0458888395632164,0.246009452317588,0.0102147176684216,0.039470054328809,0,0.00558106163066969,0.201205257062542,0.0220710659581675,0.00398342640026377,0.10169416956318,0.187549842520648,0.0272215195297745,0.00158348914408937,0.0268029249978481,0.00870720240697784,0,0,0.0150313642306106,6.13155955268879,0.00538422493347981,0.0886106928779899,28.3773370384933,0.00684719033418534,0.0110467692188857
0,0,0,0,0,0,0,0,0,0,0,0,0.00151601956743451,0,0.370798671696113,0,0,0,0,0,0,0,0,6.08770931551546e-05,0,0,0,0,0,0,0,0,0,9.81321610117933e-06,0.181841351689684,0.192879591671603,0.0158393900086259,0.00148517704416344,0.00342508419370966,0.0276443970971466,0.00110674728837608,0.00417914297363933,20.7797420280038,1.52468391906452,5.98796976387845,3.68808100157783,0,4.15547222259487,0.0519792952579396,0.802989755240206,0,0.0116029972082902,0,13.0972825468607,15.3476349392006,0.417859548005085,1.23635022005497,7.40471882504419,0.067072533158427,0.0145320311647953,6.31557627946581,0.00100844028483309,0.315039152845774,58.0584427891575,0.300701383525651,0.00736650979184268,0,0,0,0.0165290025522718,0.103084637186362,0.0291882337482675,2.82599800581366,0,0.000197715597026809,0.00138635058542677,0.115648035751355,1.3208783929377,0.15962654227526,0,0,0.954074283753606,9.36332658613344,0.0879730394492794,0.0863671421064843,10.6537037481447,0.0193835310073687,0.034207614358769
0,0,0,0,0,0,0,0,0,0,0,0,0.00551576164175543,0,0.114134100790591,0,0,0,0,0,0,0,0,0,0,0,0,0,0,0,0,0,0,0,0.0261739658413825,0.161315873588273,0.0143439987470152,0.00160448525494936,0.00506885819273641,0.021531511572154,0.00240906468478783,0.00840330667803771,5.73631991985886,0.539432793170021,5.15942258780164,3.48004951313742,4.15547222259487,0,0.0882830735593768,0.00448690687923781,0,0.00248454321603406,0,20.0467323320471,5.37184154684186,0,2.1817062044099,0.000926252729235941,0,0.0237229829608185,0,0.00238346232681187,0.855126619752255,0.0443473986853297,0.000135179536460833,0,0,0,0,1.61033630348048e-05,4.58367719122677e-05,0.000752063737738126,0.00113938090630695,0,0,0,0,0.872275077477428,0,0,0.611129991744009,0,6.69854040991583,0.00913330460270178,0.09941352992963,7.03471717884719,0.00595237866793263,0.0114908250240759
0,0,0,0,0,0,0,0,0,0,0,0,0.140873850308933,0,0.00247514936301584,0,0,0,0,0,0,8.05475540843065e-05,0,0,0.115039772264349,0,0,0,0,0,0,0,0,0,0.000379167516024992,0.0582485292521148,0.0294127944989881,0.0113912026416033,0.0130251810048027,0.00324109123885129,0,0.240201338779454,1.66097622138767,10.1001626458091,5.83613701563197,7.54781147513773,0.0519792952579396,0.0882830735593768,0,0,0.0107247755502191,0.0374862027722433,0,0,0.00135702518264665,0.00206119999548946,0,0,0,2.14661651048477,0,6.73321386271245,0,0.00151633557293409,0.0137268796725324,0.0880723721563355,0.015950094546733,0.0712872893584748,0,0.00178558263653424,0.133135295307241,0.00428197450028283,0.000136125321175472,13.8006035465682,0.115962876864915,0.0328598720122679,0.0014702649889857,0.00136200278192856,0.00222057441624443,0.00294114346824537,0,0,1.72616299271692,0.000290828340251448,0.0160377438505408,0.374427631207495,0.000123243067855,0
0,0,0,0,0,0,0,0,0,0,0,0,0,0,0,0,0,0,0,0,0,0,0,0,0,0,0,0,0,0,0,0,0,0,1.51469526209723e-05,0,0,0,0,0,0,0,0.492384357130389,0.465155113900703,0.0433948300479493,0.0393343500935744,0.802989755240206,0.00448690687923781,0,0,0.00285335690549171,0.0104745879962784,0,0,2.94319470650809,6.0173184635941,8.72524555224567,0.0946211288004421,0.0380675333087022,0,0.0888411710770755,0,10.1951156860983,0.00875029906254474,0.578102584293598,0.0110691122683799,0,0,0.00408056084611905,0.0219606837048361,0.140329369741029,0.0352195270402323,0.212877616447541,0,0.0010921569809211,0.000475885099236704,0.194693303246345,28.3378516544307,3.08311763649533,0,0,20.321311626558,1.66827741090366,0,0,0.16065356610891,0,0
