0,0,0.00119370867653747,0,0,6.70808917959417,2.45263619640412,6.8442477921432,0,0.000337415178056917,0,0.62555062313248,0,9.6045825241018,0.402525919266372,0.00562997201608725,0,0,0,0,0.000583905804787649,0,0.00364344381330239,0.00977659217171977,0,0,0,0.0385224184140805,15.0738171466169,0.911968579142274,0,0,0.0634773371985592,0.0294505825274778,0,0.161268235411081,0.00893472949757804,0.00191338946938365,0,4.78005344722698,0,0,0,0,0,0,0,0,0,0,0,0,0,0,0,0,0,0,0,0,0,0,0,0,0,0,0,0,0,0,0,0,0,0,0,0,0,0,0,0,0,0,0,0,0.0621924234275111,0,0.00531258736374568,0
0,0,3.41656263211974,0,0,0,0.000565577317374048,0,0.216894671990381,0,3.72591166324473,0,0.693327447010654,0,0,0.013176651855427,0.303400683861069,0.0318331423255173,0.263256597761826,0,0.00497391883338591,4.62911245263997,0.300555069555648,0.0043658601768218,6.75728266643124,0.727247268828989,1.52250183670399,0.00580406152871515,0,0.0093485048800199,0,0,0,1.61968519618571,0,0.454134409502394,5.68846611200681,1.46159622019051,0.090725857772845,0.000545492092337042,0,0.104110005070921,0,0.00174021296904026,0,0,0,0,0,0,0.25622996891067,0,0,0,0,0,0,0,0,0,0,0,0,0,0,0,0,0,0,0,0.0880604884682481,0,0,0.0207725334405904,0.00289914692552097,0.00544175705079306,0,0,0,0,0,0,0,0,0.543062793973231,0.00072743942957397,0.00588994549009657,0
0.00119370867653747,3.41656263211974,0,0,0,0.00204272859356783,0.0280914748128667,0.000959475482742737,0.415360576099142,0.000239979936222053,0.280764817798158,0.000704076834215306,0.0325130584434248,0,0,0.0630902140568637,1.22281643741844,0.00605399042778553,0.194979130468152,0,0.110348923552868,1.73312232587398,3.48333083580325,0.100677701680991,0.17408710194216,11.9328422177072,11.0795969478055,0.0497057026022619,0.0023182100951181,0.126206790200388,0,0,0.00144322494775079,2.512570869246,6.77094265068558e-06,3.65181200490628,3.32467903937186,1.40137726091304,0.196639185730459,0.00629719007290115,0.00296357275996041,0.0347406131245352,0.0012689473511638,0,0,0,0,0,0,0,0,0,0,0,0,0,0,0,0,0,0,0,0,0,0,0,0,0,0,0,0,0,0,0,0,0,0,0,0,0,0,0,0,0,2.60899240394506,0,0.0851590186458968,0
0,0,0,0,0,0.320934384149318,0.136974728571472,0,0.00171938588505954,4.37244120634631,0,0.0798045134820854,0,0,0,0,0,0,0,66.5806113040699,0,0,0,2.69606411445002,0,0,0,7.2378160060717,0,0.00259547012186362,0,0,0,0.00136400659417718,0,0,0,0,0,0,0,0,0,0,0,0,0,0,0,0,0,0,0,0,0,0,0,0,0,0,0,0,0,0,0,0,0,0,0,0,0,0,0,0,0,0,0,0,0,0,0,0,0,0,0,0,0,0
0,0,0,0,0,5.10851950716322,0,3.72213647066973,0,0,0,0,0,0.0781592525737495,3.89535930120079,0,0,0,0,0,0,0,0,0,0,0,0,0,1.95312152908363,0,0,10.1681494907798,0.00783255925696502,1.26085833134567,0.00262130419791438,0.00961612603295973,0.00094411624251594,0.0409404446119015,0,21.9966069623955,9.37222684574989,0,0.044037397320849,0.003292464501368,8.86966465712784e-05,0.00153063793741365,0.00884270110083454,0.00102905399253358,0,0,0,0,0,0,0,0,0,0,0,0,0,0,0,0,0,0,0,0,0,0,0,0,0,0,0,0,0,0,0,0,0,0,9.04025687980185e-05,0.000226921963008943,0.0116583398893237,0.0901403850080069,0,0.00108183578342367
6.70808917959417,0,0.00204272859356783,0.320934384149318,5.10851950716322,0,4.71381089270905,13.1473676668498,0.00382814986269021,9.67332795805129,0,5.23908404075476,0.000523360887610333,2.67888675325005,1.38872654414685,0.0106666529239267,0.000561647975636959,0,0,6.70277711611403,0.00532093103608175,0.00385403255866765,0.00924755703141389,3.04013170720409,0,0,0,1.49585105739585,8.38664295582088,0.232268479597465,0,1.29867695420026,0.823047165364037,0.79780221522267,0,0.0210085168859296,0.00505352479244499,0.188104315366191,0.00202147311016694,9.27088120979067,0.448383518138743,0,0,0,0,0,0,0,0,0,0,0,0,0,0,0,0,0,0,0,0,0,0,0,0,0,0,0,0,0,0,0,0,0,0,0,0,0,0,0,0,0,0,0,0.00303067015939868,0,0,0
2.45263619640412,0.000565577317374048,0.0280914748128667,0.136974728571472,0,4.71381089270905,0,0.756780636172588,0.0642973576132544,5.98785498300556,7.44313052557337e-05,0.5171325260019,0.00051768443420791,4.85002732327642,0.00998445018738925,0.0634737761315898,0.00156843143466448,0,0.000931855976592667,1.14041732453053,0.137876738242972,0.0353682980035491,0.10669408711425,4.4253552894234,0,0.00119921764904697,0.00290986262854092,5.85501421832346,0.464571052515354,14.1517107417722,0,0,0.00835184300238725,0.385974054113644,0,0.118193275937474,0.0422097487073701,0.00212220262993411,0,0.43595800800182,0,0,0,0,0,0,0,0,0,0,0,0,0,0,0,0,0,0,0,0,0,0,0,0,0,0,0,0,0,0,0,0,0,0,0,0,0,0,0,0,0,0,0,0,0.0278011466445978,0,0.0029683302493226,0
6.8442477921432,0,0.000959475482742737,0,3.72213647066973,13.1473676668498,0.756780636172588,0,0.00152367465726465,0.94960985200765,0,0.0975412042735444,0,16.3231027693645,0.0173758421336601,0.00381809100531285,0,0,0,0.00889725060287861,0.00215819098009925,0.000222943269918174,0.00140761925104202,0.0453593174591157,0,0,0.000295122857491833,0.0537664419743791,12.0921942320878,0.0180445425486339,0,1.57690857873541,0.185232213050373,0.244389095749805,0,0.00151889486410527,0.00141164909119462,0.00767944342415594,0,0.218802882702287,0.340538785847596,0,0,0,0,0,0,0,0,0,0,0,0,0,0,0,0,0,0,0,0,0,0,0,0,0,0,0,0,0,0,0,0,0,0,0,0,0,0,0,0,0,0,0,0,0,0,0
0,0.216894671990381,0.415360576099142,0.00171938588505954,0,0.00382814986269021,0.0642973576132544,0.00152367465726465,0,0.000663991241400395,0.0415140309541572,0.505341263946304,0.0504755649728239,0.00121548724318955,0.659712980783966,0.399980023253884,0.00337802077363369,0,0.00240835528818435,0,0.363064378458023,9.09981139675091,1.07985271600879,8.59156603319395,0.224225834402613,0.0114680032150019,0.128721113096878,0.504477330673065,0.00232858756481281,0.410942952592116,0,0,0,0.156129791479741,0,8.74316992423291,5.18043076261278,0.0696656656491545,0.00742506940767149,4.10040998056341,8.98636809195594e-05,0,0.098329053045969,0.0748692527940965,0.00722236700994825,0.00334942481744838,0,0,0,0,0.128180433998933,0.0042083099269997,0,0,0,0,0,0.0625994281077875,0,0.00186592516030748,0,0.00181953155074758,0,0,0,0.000957900393157532,0,0.00056532766018888,0,0,0.00152578277964459,0,0,0.0628708925760192,0.0256426773255903,0.0156058694106255,0,0,0,0,0,0,0.00527349135541602,0,1.03673272044441,0.00620578360975651,0.0407561893463533,0
0.000337415178056917,0,0.000239979936222053,4.37244120634631,0,9.67332795805129,5.98785498300556,0.94960985200765,0.000663991241400395,0,0,2.67395813846467,0,0.03922048957367,0,0.000820442648349573,0,0,0,14.1996510982354,0.000487713164659537,0.000456470235385649,0.000220577860050374,0.817681443302911,0,0.000160882972172445,0,3.79791003068997,0,0.00778754770673968,0,0,0,0.00235469098797941,0,0,0.000840102931359568,0,0,0.000397515402518773,0,0,0,0,0,0,0,0,0,0,0,0,0,0,0,0,0,0,0,0,0,0,0,0,0,0,0,0,0,0,0,0,0,0,0,0,0,0,0,0,0,0,0,0,0,0,0,0
0,3.72591166324473,0.280764817798158,0,0,0,7.44313052557337e-05,0,0.0415140309541572,0,0,0,18.0785609321653,0,0,0,0.163701223581048,8.45391550579539,3.40486175704481,0,0.000479701463778244,0.686329883665636,0.0104853917116928,0,2.15438354776111,8.52665300065978,2.80394688571398,0,0,0.00100997140066658,2.77253153699365,0,0,3.26476906048953,0,0.154406572229697,12.5312106640694,6.9028796740314,0.339323273346841,0.00206521941715569,0.019845948005551,2.50772277336789,6.85327371838418e-05,0,0,0,0,0,0,0,0,0,0,0,0,0,0,0,0,0,0,0.0027202073688386,0,0,0,0,0,0,0,0,0.00143938959876955,0,0,0,0,0,0,0,0,0,0,0,0,0,0.0459442477453648,0.000114410199326411,0.000494212738695995,0
0.62555062313248,0,0.000704076834215306,0.0798045134820854,0,5.23908404075476,0.5171325260019,0.0975412042735444,0.505341263946304,2.67395813846467,0,0,0,0.128321631994428,2.43563207413826,0.00297231306947988,7.09203151035595e-05,0,0,33.1627646051588,0.00102295393666349,0.0055928010497371,0.00431368589058941,0.25430342657941,0,0,0,0.165821862865047,0.0475442963898085,0.0291786696160103,0,0,0,0.0103274822158023,0,0.300214282491305,0.00156626063773228,0,0,4.68413798946566,0,0,0,0,0,0,0,0,0,0,0,0,0.0171019905072783,0,0,0,0,0,0,0,0.250023635994566,0,0,0,0,0,0,0,0.100360236947478,0,0,0,0,0,0,0,0,0,0,0,0,0,0,0,0.0288604763918857,0,0.00369948309447743,0
0,0.693327447010654,0.0325130584434248,0,0,0.000523360887610333,0.00051768443420791,0,0.0504755649728239,0,18.0785609321653,0,0,0,0.000127342285833687,0.00134761517416328,0.0243117507503621,0.0015527762102939,0.0467707158593658,0,0,0.252817299091586,0.00064345482569874,0,4.42849820907649,3.1869483427205,1.45034826001832,0,0,0,8.50502856611281,0,0,0.082275476531019,9.78400565867837e-05,3.84142446428832,8.78123943456428,0.731659488227088,0.435279699139441,0.220361997913381,0.884139859890567,5.57684946143448,0.0223525827706222,0.00280277038640925,6.33215885262155e-05,0.000181824507204148,0.000217637504174459,5.50124284213207e-05,0,0,0,0,0,0,0,0,0,0,0,0,0,0.302904191834825,0,0,0,0,0,0,0,5.51582019383992e-06,0,0,0,0,0,0,0,0,0,0,0,0,2.06501820098235e-05,3.02899707411586e-05,2.37351353129476,0.0281495891008249,0.007744578561603,7.08169288253699e-05
9.6045825241018,0,0,0,0.0781592525737495,2.67888675325005,4.85002732327642,16.3231027693645,0.00121548724318955,0.03922048957367,0,0.128321631994428,0,0,0.0102901482222212,0.000513152938096638,0,0,0,0.00314911705695412,0.000444864020253954,0.000958688021045845,0.00217105615437283,0.0370899680593151,0,0,0.000205284880506758,0.0371153275386017,4.6503339888558,0.01746213908012,0,1.51455752996789,0.0572348837438309,0.0436476847568558,0,0.00106767882787306,0.00274123601845722,0.0114325529821348,0,0.0941300446569149,0.0449551937938482,0,0,0,0,0,0,0,0,0,0,0,0,0,0,0,0,0,0,0,0,0,0,0,0,0,0,0,0,0,0,0,0,0,0,0,0,0,0,0,0,0,0,0,0,0,0,0
0.402525919266372,0,0,0,3.89535930120079,1.38872654414685,0.00998445018738925,0.0173758421336601,0.659712980783966,0,0,2.43563207413826,0.000127342285833687,0.0102901482222212,0,0.00221735745157625,0,0,0,0,0,0,0,0.000946047745633505,0,0,0,0,0.422336000495372,0,0,0,0.0753115792993908,0.30676813074509,0.0327030152062733,0.579464311227571,0.0451747048924523,0.104415646470536,0.0176179020308611,67.4174038467201,0.125984627873126,0.00057353706938454,1.16399080518707,0.0663303486414845,0.00462158416445884,0.0520001504019784,0.0581994847871369,0.0216119857218911,0.000453418667058746,0,0,0,0,0,7.60559990892738e-05,0,0,0,0,0,0,0,0,0.0538627973586928,0,0,0,1.49139318532214e-05,0,0,0.000113112194706906,0,4.39208388529331e-05,0,4.74194557949508e-06,1.01317653959574e-05,0,0,0,0,0,0,0.00190025574636222,0.00332690963953531,0.655109210344617,2.34573711820171,0.0176333938187432,0.0188035380877158
0.00562997201608725,0.013176651855427,0.0630902140568637,0,0,0.0106666529239267,0.0634737761315898,0.00381809100531285,0.399980023253884,0.000820442648349573,0,0.00297231306947988,0.00134761517416328,0.000513152938096638,0.00221735745157625,0,0,0,0,0,13.4825155000308,3.00240106168997,30.7110058615818,0.771768795114336,0.00105337146817545,0.00220661757785203,2.34811318207798,4.11940485182618,0.0079299823913979,0.951627057902998,0,0,0,0.65140785469631,0,0.278577550125843,0.452046828554365,0.00865263263189196,0,0.000591756473345747,0,0,0,0,0,0,0,0,0,0,0,0,0,0,0,0,0,0,0,0,0,0,0,0,0,0,0,0,0,0,0,0,0,0,0,0,0,0,0,0,0,0,0,0,0.15575934845959,0,0.0131576554330751,0
0,0.303400683861069,1.22281643741844,0,0,0.000561647975636959,0.00156843143466448,0,0.00337802077363369,0,0.163701223581048,7.09203151035595e-05,0.0243117507503621,0,0,0,0,0.00304423717222715,15.8612554563805,0,0.257423029909938,0.0812669673747508,5.68467386525368,0.000108573192575253,0.086534245072258,5.53492280684699,0.511056569225425,0.000267293278199649,0,0.0439962975654863,0.00157361790438071,0,0,0.724669867911286,0,0.113172282182103,0.160544095677022,0.0836237939636393,0.00625356827443342,0,0,0.00576032363518553,0,0,0,0,0,0,0,0,0,0,0,0,0,0,0,0,0,0,0,0,0,0,0,0,0,0,0,0,0,0,0,0,0,0,0,0,0,0,0,0,0,0,0.0867208392668642,0,0.00120288755342788,0
0,0.0318331423255173,0.00605399042778553,0,0,0,0,0,0,0,8.45391550579539,0,0.0015527762102939,0,0,0,0.00304423717222715,0,12.075916878761,0,0,0.00313329676245555,2.94929430426603e-05,0,0.00523338157178774,3.20827849469942,0.0391906363106916,0,0,0,0,0,0,0.00821351726203899,0,0.000639739337003359,0.0119945739677624,0.00188048831913399,0,0,0,0,0,0,0,0,0,0,0,0,0,0,0,0,0,0,0,0,0,0,0,0,0,0,0,0,0,0,0,0,0,0,0,0,0,0,0,0,0,0,0,0,0,0,0.000947045961680895,0,0,0
0,0.263256597761826,0.194979130468152,0,0,0,0.000931855976592667,0,0.00240835528818435,0,3.40486175704481,0,0.0467707158593658,0,0,0,15.8612554563805,12.075916878761,0,0,0.00640266994387856,0.0681470538121799,0.0470751800402755,0,0.077925291605582,7.28157630370633,0.604511338553716,0.000282095712924689,0,0.00177342893656439,0,0,0,0.279936300393902,0,0.053602110143461,0.338112757467653,0.105869479544086,0.0144612101456622,0,0.000924280648326566,0.0062892271611064,0,0,0,0,0,0,0,0,0,0,0,0,0,0,0,0,0,0,0,0,0,0,0,0,0,0,0,0,0,0,0,0,0,0,0,0,0,0,0,0,0,0,0.041199089494012,0,0.00039247030341749,0
0,0,0,66.5806113040699,0,6.70277711611403,1.14041732453053,0.00889725060287861,0,14.1996510982354,0,33.1627646051588,0,0.00314911705695412,0,0,0,0,0,0,0,0,0,3.64593114750312,0,0,0,6.40142747115814,0,0.00525745123588477,0,0,0,0,0,0,0,0,0,0,0,0,0,0,0,0,0,0,0,0,0,0,0,0,0,0,0,0,0,0,0,0,0,0,0,0,0,0,0,0,0,0,0,0,0,0,0,0,0,0,0,0,0,0,0,0,0,0
0.000583905804787649,0.00497391883338591,0.110348923552868,0,0,0.00532093103608175,0.137876738242972,0.00215819098009925,0.363064378458023,0.000487713164659537,0.000479701463778244,0.00102295393666349,0,0.000444864020253954,0,13.4825155000308,0.257423029909938,0,0.00640266994387856,0,0,1.81838140325331,8.75659959955665,0.693171629611498,0,0.00726531628886797,0.014892482080701,5.16547903978024,0.0093214019745846,10.7043620895343,0,0,0,0.741812118216642,0,0.105942594606443,0.191086156593115,0.00357031651200621,0.000884674420265619,0.00154134887387855,0,0,0,0,0,0,0,0,0,0,0,0,0,0,0,0,0,0,0,0,0,0,0,0,0,0,0,0,0,0,0,0,0,0,0,0,0,0,0,0,0,0,0,0,0.046686883381607,0,0.00128957792031312,0
0,4.62911245263997,1.73312232587398,0,0,0.00385403255866765,0.0353682980035491,0.000222943269918174,9.09981139675091,0.000456470235385649,0.686329883665636,0.0055928010497371,0.252817299091586,0.000958688021045845,0,3.00240106168997,0.0812669673747508,0.00313329676245555,0.0681470538121799,0,1.81838140325331,0,6.49919659201784,3.78876321627794,1.0329138953953,0.185303499644342,2.60139548057967,0.371989418718388,0.00268085485097146,0.369854983259145,0,0,0.0026033059213617,1.60137929142113,0,3.99253253823943,10.8741866421032,1.47998031149881,0.179339621137115,0.0104310680839735,0.000612976947742053,0.0708824233747321,0.378529079495114,1.57409946175836,0.0811900147190193,0.0238656305259561,0.00130704443650081,0.00123411581920774,0.0100583735156242,0,1.21891609783242,0.0656790173913484,0,0,0,0,0,0,0,0.0160331647152421,0,0.00330917974084136,0,0,0,0.0102298969100669,0,0.0342574689791434,0,0.00094114934496986,0.0511164188816866,0.00213281482147413,0,0.293700899436281,0.37769588761438,0.205689658255063,0,0,0,0,0,0,0.0453902520369439,0,3.0358250360991,0.10254980926937,0.105537861515794,0
0.00364344381330239,0.300555069555648,3.48333083580325,0,0,0.00924755703141389,0.10669408711425,0.00140761925104202,1.07985271600879,0.000220577860050374,0.0104853917116928,0.00431368589058941,0.00064345482569874,0.00217105615437283,0,30.7110058615818,5.68467386525368,2.94929430426603e-05,0.0470751800402755,0,8.75659959955665,6.49919659201784,0,0.445332920157715,0.00236803599045928,0.0940393056582127,8.23850948297289,0.391699203842437,0.0143611118469918,2.25735768244505,0,0,0.00272935013060389,4.28094798975654,2.17517886617874e-05,3.61080507997841,2.54174332182241,0.15482969521349,0.0251175096225489,0.00742314339876596,0.000366954816707265,0.00291495031821729,7.5204835361657e-05,0,0,0,0,0,0,0,0,0,0,0,0,0,0,0,0,0,0,0,0,0,0,0,0,0,0,0,0,0,0,0,0,0,0,0,0,0,0,0,0,0,1.76436600338522,0,0.0709677905068269,0
0.00977659217171977,0.0043658601768218,0.100677701680991,2.69606411445002,0,3.04013170720409,4.4253552894234,0.0453593174591157,8.59156603319395,0.817681443302911,0,0.25430342657941,0,0.0370899680593151,0.000946047745633505,0.771768795114336,0.000108573192575253,0,0,3.64593114750312,0.693171629611498,3.78876321627794,0.445332920157715,0,0,0.000239873732484297,0.0226468916475016,60.0386131687864,0.0159289865242063,0.824079366823696,0,0,0.00262798356021086,0.21085445009268,0,0.170774812417569,0.298151892272901,0.00851178741838294,0.00213879735951304,0.00502956247168047,0,0.000830729128498194,0,0,0,0,0,0,0,0,0,0,0,0,0,0,0,0,0,0,0,0,0,0,0,0,0,0,0,0,0,0,0,0,0,0,0,0,0,0,0,0,0,0,0.0780381343731478,0,0.00496578234724653,0
0,6.75728266643124,0.17408710194216,0,0,0,0,0,0.224225834402613,0,2.15438354776111,0,4.42849820907649,0,0,0.00105337146817545,0.086534245072258,0.00523338157178774,0.077925291605582,0,0,1.0329138953953,0.00236803599045928,0,0,0.342356563374098,2.45729398266956,0,0,0.000918110048761162,0.00253371755381038,0,0,0.109126019207151,0,0.179745293906721,11.0871115279802,0.109686847479604,0.0259966053050815,0.000224301333571889,0.000391426731513177,3.75386844392097,0.321016055229976,0.020171128367316,0,0,0,0,0.00151664218479756,0,0.0263360783071552,0,0,0,0,0,0,0,0,0,0,0.046858678016862,0,0,0,0,0,0,0,0,0.019036079849628,0,0,0.276559776788667,0,0.00185129994729361,0,0,0,0,0,0,0,0,0.0319378499437985,0.000152950626178729,0.000626775765334433,0
0,0.727247268828989,11.9328422177072,0,0,0,0.00119921764904697,0,0.0114680032150019,0.000160882972172445,8.52665300065978,0,3.1869483427205,0,0,0.00220661757785203,5.53492280684699,3.20827849469942,7.28157630370633,0,0.00726531628886797,0.185303499644342,0.0940393056582127,0.000239873732484297,0.342356563374098,0,10.1118850135137,0.000342366189364285,0,0.00301298831417142,1.09182106624514,0,0,0.667757202740845,0,0.098482954877604,0.526275816084752,0.207692622095773,0.0114195423488559,0.00016204364504252,0.000281339721674809,0.00441236326884251,0,0,0,0,0,0,0,0,0,0,0,0,0,0,0,0,0,0,0,0,0,0,0,0,0,0,0,0,0,0,0,0,0,0,0,0,0,0,0,0,0,0,0.0451571271120708,0,0.0016881418828817,0
0,1.52250183670399,11.0795969478055,0,0,0,0.00290986262854092,0.000295122857491833,0.128721113096878,0,2.80394688571398,0,1.45034826001832,0.000205284880506758,0,2.34811318207798,0.511056569225425,0.0391906363106916,0.604511338553716,0,0.014892482080701,2.60139548057967,8.23850948297289,0.0226468916475016,2.45729398266956,10.1118850135137,0,0.0118890272007594,0.000917197884318542,0.0460674905910723,0.596472152242775,0,0.00047972321351579,0.64937347852828,0,0.482988930295688,0.936696407356637,0.21613541432763,0.0146766356165207,0.00083638094830571,0,0.00605395089825525,3.71864790596889e-05,0,0,0,0,0,0,0,0,0,0,0,0,0,0,0,0,0,0,0,0,0,0,0,0,0,0,0,0.000421819278122806,0,0,0,0,0,0,0,0,0,0,0,0,0,0.186984340735913,0,0.0063703539180796,0
0.0385224184140805,0.00580406152871515,0.0497057026022619,7.2378160060717,0,1.49585105739585,5.85501421832346,0.0537664419743791,0.504477330673065,3.79791003068997,0,0.165821862865047,0,0.0371153275386017,0,4.11940485182618,0.000267293278199649,0,0.000282095712924689,6.40142747115814,5.16547903978024,0.371989418718388,0.391699203842437,60.0386131687864,0,0.000342366189364285,0.0118890272007594,0,0.0663422946001458,2.97219569750844,0,0,0.00358267696494337,0.243506717937028,0,0.102401524583975,0.1511656270401,0.00321016546510965,0.00112203046864712,0.0106945787147838,0,0,0,0,0,0,0,0,0,0,0,0,0,0,0,0,0,0,0,0,0,0,0,0,0,0,0,0,0,0,0,0,0,0,0,0,0,0,0,0,0,0,0,0,0.0518452864576329,0,0.00261318536112903,0
15.0738171466169,0,0.0023182100951181,0,1.95312152908363,8.38664295582088,0.464571052515354,12.0921942320878,0.00232858756481281,0,0,0.0475442963898085,0,4.6503339888558,0.422336000495372,0.0079299823913979,0,0,0,0,0.0093214019745846,0.00268085485097146,0.0143611118469918,0.0159289865242063,0,0,0.000917197884318542,0.0663422946001458,0,1.76264001173077,0,2.06660440759678,5.18458550427311,1.53282818376907,0,0.469986060837808,0.0257723050898187,0.302006653048722,0.00951645451243158,8.88731410609129,1.08553998322775,0.000858423970605746,0,0,0,0,0,0,0,0,0,0,0,0,0,0,0,0,0,0,0,0,0,0,0,0,0,0,0,0,0,0,0,0,0,0,0,0,0,0,0,0,0,0,0.0773313805097656,0,0.0060371372666177,0
0.911968579142274,0.0093485048800199,0.126206790200388,0.00259547012186362,0,0.232268479597465,14.1517107417722,0.0180445425486339,0.410942952592116,0.00778754770673968,0.00100997140066658,0.0291786696160103,0,0.01746213908012,0,0.951627057902998,0.0439962975654863,0,0.00177342893656439,0.00525745123588477,10.7043620895343,0.369854983259145,2.25735768244505,0.824079366823696,0.000918110048761162,0.00301298831417142,0.0460674905910723,2.97219569750844,1.76264001173077,0,0,0,0.0234937472049112,0.881579771782159,0,0.260214609245102,0.246424272258858,0.00631394218439816,0.00171141867269298,0.13109809941792,0,0,2.32937141976704e-05,0,0,0,0,0,0,0,0,0,0,0,0,0,0,0,0,0,0,0,0,0,0,0,0,0,0,0,0,0,0,0,0,0,0,0,0,0,0,0,0,0,0.0737435211852043,0,0.00761977081218838,0
0,0,0,0,0,0,0,0,0,0,2.77253153699365,0,8.50502856611281,0,0,0,0.00157361790438071,0,0,0,0,0,0,0,0.00253371755381038,1.09182106624514,0.596472152242775,0,0,0,0,0,0,0,0,0,0.000360648102229596,0,0,0,0,0,0,0,0,0,0,0,0,0,0,0,0,0,0,0,0,0,0,0,0,0,0,0,0,0,0,0,0,0,0,0,0,0,0,0,0,0,0,0,0,0,0,0,0,0,0,0
0,0,0,0,10.1681494907798,1.29867695420026,0,1.57690857873541,0,0,0,0,0,1.51455752996789,0,0,0,0,0,0,0,0,0,0,0,0,0,0,2.06660440759678,0,0,0,0,0.397881141133962,0,0,0,0.00129375531035757,0,0.0407387848938624,1.7082905714195,0,0,0,0,0,0,0,0,0,0,0,0,0,0,0,0,0,0,0,0,0,0,0,0,0,0,0,0,0,0,0,0,0,0,0,0,0,0,0,0,0,0,0,0,0,0,0
0.0634773371985592,0,0.00144322494775079,0,0.00783255925696502,0.823047165364037,0.00835184300238725,0.185232213050373,0,0,0,0,0,0.0572348837438309,0.0753115792993908,0,0,0,0,0,0,0.0026033059213617,0.00272935013060389,0.00262798356021086,0,0,0.00047972321351579,0.00358267696494337,5.18458550427311,0.0234937472049112,0,0,0,0.964353569664694,0,1.53474493877099,0.0892425047679901,0.148839619451881,0.0432468047086244,8.09325115827981,0.0505009149365523,0,0,0,0,0,0,0,0,0,0,0,0,0,0,0,0,0,0,0,0,0,0,0,0,0,0,0,0,0,0,0,0,0,0,0,0,0,0,0,0,0,0,0,0.646688075834384,0,0.0459365389679472,0
0.0294505825274778,1.61968519618571,2.512570869246,0.00136400659417718,1.26085833134567,0.79780221522267,0.385974054113644,0.244389095749805,0.156129791479741,0.00235469098797941,3.26476906048953,0.0103274822158023,0.082275476531019,0.0436476847568558,0.30676813074509,0.65140785469631,0.724669867911286,0.00821351726203899,0.279936300393902,0,0.741812118216642,1.60137929142113,4.28094798975654,0.21085445009268,0.109126019207151,0.667757202740845,0.64937347852828,0.243506717937028,1.53282818376907,0.881579771782159,0,0.397881141133962,0.964353569664694,0,0.000110491723735051,20.3271558631003,9.1473066121662,42.1569717813183,3.81890021871872,14.1493106532445,4.28520106071677,0.180365425831194,0.000501829616736714,2.19565039141251e-05,0,0,0,1.53013817414055e-05,0,0,0,0,0,0,0,0,0,0,0,0,0,0,0,5.58579501575311e-05,0,0,0,0,0,0,0,0,0,0,0,0,0,0,0,0,0,0,0,0,9.77800508754579,0.000657452143357147,0.625815530740296,0
0,0,6.77094265068558e-06,0,0.00262130419791438,0,0,0,0,0,0,0,9.78400565867837e-05,0,0.0327030152062733,0,0,0,0,0,0,0,2.17517886617874e-05,0,0,0,0,0,0,0,0,0,0,0.000110491723735051,0,0.187820461865175,0.00843008902057369,0.00180377705228033,0.00425394262887202,0.00784623660221869,0.000857950582397539,0.000264948009948644,0.761291539566571,0.0300537595211193,0.00269468614274412,0.0271132552633618,0.0566885432759347,0.0153727202165499,3.34672211925761e-06,0,2.08828133789905e-06,1.89150401587346e-05,0,0,2.18827096835857e-05,0,1.20572115547076e-05,0,0,9.24205915714832e-05,0,0,0,0.142335038757957,4.4888738194119e-05,0,0,0,0,7.39778401796762e-06,2.95884094217224e-06,0,0,0,2.74874438105636e-06,4.38344094825518e-06,0,0,0,0,0,0,0.00080813510959742,2.04025367122114,0.0906505984019572,0.512706452159795,0.0848859121941028,2.77152217561302
0.161268235411081,0.454134409502394,3.65181200490628,0,0.00961612603295973,0.0210085168859296,0.118193275937474,0.00151889486410527,8.74316992423291,0,0.154406572229697,0.300214282491305,3.84142446428832,0.00106767882787306,0.579464311227571,0.278577550125843,0.113172282182103,0.000639739337003359,0.053602110143461,0,0.105942594606443,3.99253253823943,3.61080507997841,0.170774812417569,0.179745293906721,0.098482954877604,0.482988930295688,0.102401524583975,0.469986060837808,0.260214609245102,0,0,1.53474493877099,20.3271558631003,0.187820461865175,0,14.7644754523894,38.975271601075,40.3990931616342,23.7849747794301,1.59321985663316,3.38471585917499,2.07757343207035,0.0382363199843724,0.00376972930089935,0.0441855758615093,0.0294612199421174,0.038995373790599,0.000784633617744046,0,0.00895785754609084,0.000682466744063903,0,0,0,0,0,0.00964581844393499,0,0.00150777892100385,0,0.0955351037320059,0,0.0350399826018528,0,0,0,0,0,1.25913689982465e-05,4.36148135244618e-05,1.00622506600976e-05,0,0.00734183417059434,0.00147329776434916,0.00142605867690632,0,0,0,0,0,0,0.000820907924381393,0.00940640985764123,20.7972518424202,0.592119104872328,1.01562809824804,0.00688478090329622
0.00893472949757804,5.68846611200681,3.32467903937186,0,0.00094411624251594,0.00505352479244499,0.0422097487073701,0.00141164909119462,5.18043076261278,0.000840102931359568,12.5312106640694,0.00156626063773228,8.78123943456428,0.00274123601845722,0.0451747048924523,0.452046828554365,0.160544095677022,0.0119945739677624,0.338112757467653,0,0.191086156593115,10.8741866421032,2.54174332182241,0.298151892272901,11.0871115279802,0.526275816084752,0.936696407356637,0.1511656270401,0.0257723050898187,0.246424272258858,0.000360648102229596,0,0.0892425047679901,9.1473066121662,0.00843008902057369,14.7644754523894,0,31.4417270049733,9.48740288076806,1.950900208608,1.0221514380241,8.13975135450368,0.0294589885634758,0.000390553930609207,0.000189932135472568,0.00431002103095396,0.00221489614719212,0.00489327139418351,0,0,0,0,0,0,0,0,0,0,0,0,0,0.0106837255897798,0,0.00336787402254174,0,0,0,0,0,0,0.00122335298215002,0,0,0,0,0,0,0,0,0,0,0,0,0.000352261408977245,9.35782382214018,0.010280422418593,0.354221700006793,0
0.00191338946938365,1.46159622019051,1.40137726091304,0,0.0409404446119015,0.188104315366191,0.00212220262993411,0.00767944342415594,0.0696656656491545,0,6.9028796740314,0,0.731659488227088,0.0114325529821348,0.104415646470536,0.00865263263189196,0.0836237939636393,0.00188048831913399,0.105869479544086,0,0.00357031651200621,1.47998031149881,0.15482969521349,0.00851178741838294,0.109686847479604,0.207692622095773,0.21613541432763,0.00321016546510965,0.302006653048722,0.00631394218439816,0,0.00129375531035757,0.148839619451881,42.1569717813183,0.00180377705228033,38.975271601075,31.4417270049733,0,2.68038535297857,6.14155351220332,8.37015593929261,2.51323787343816,0.0227762602815711,0.00132145902278592,5.15794346359096e-05,0.000618801300908643,0.000358278790271857,0.000218782141608514,0,0,0,0,0,0,0,0,0,0,0,0,0,0.00245995339800938,0,0.000148492229873432,0,0,0,0,0,0,0,0,0,0,4.34779196025175e-06,0,0,0,0,0,0,0,7.63364083924516e-05,2.71850117752882e-05,22.3638072161461,0.0303541525707943,0.580500606948838,5.68662813643505e-05
0,0.090725857772845,0.196639185730459,0,0,0.00202147311016694,0,0,0.00742506940767149,0,0.339323273346841,0,0.435279699139441,0,0.0176179020308611,0,0.00625356827443342,0,0.0144612101456622,0,0.000884674420265619,0.179339621137115,0.0251175096225489,0.00213879735951304,0.0259966053050815,0.0114195423488559,0.0146766356165207,0.00112203046864712,0.00951645451243158,0.00171141867269298,0,0,0.0432468047086244,3.81890021871872,0.00425394262887202,40.3990931616342,9.48740288076806,2.68038535297857,0,1.39005286348114,1.64667954855225,1.50496339874588,0.0451706027198423,0.00329880273889605,0.000111171246502903,0.00182774294576979,0.000964776651438742,0.000840474156507027,0,0,0,0,0,0,0,0,0,0,0,0,0,0.00714286100780317,0,0.00215006904098653,0,0,0,0,0,0,0,0,0,0,0,0,0,0,0,0,0,0,9.65444537522436e-05,0.000144989710220502,40.5654764680447,0.0917411681174554,0.525602829209224,2.94100223366823e-05
4.78005344722698,0.000545492092337042,0.00629719007290115,0,21.9966069623955,9.27088120979067,0.43595800800182,0.218802882702287,4.10040998056341,0.000397515402518773,0.00206521941715569,4.68413798946566,0.220361997913381,0.0941300446569149,67.4174038467201,0.000591756473345747,0,0,0,0,0.00154134887387855,0.0104310680839735,0.00742314339876596,0.00502956247168047,0.000224301333571889,0.00016204364504252,0.00083638094830571,0.0106945787147838,8.88731410609129,0.13109809941792,0,0.0407387848938624,8.09325115827981,14.1493106532445,0.00784623660221869,23.7849747794301,1.950900208608,6.14155351220332,1.39005286348114,0,1.313432542196,0.102153695287406,0.883546632274965,0.0479020995926915,0.00285241858472927,0.0200761653473215,0.00685759903771666,0.00799656514345482,0,0,0.000100825649945376,3.18259202425081e-05,0,0,0,0,0,0.000107166229066651,0,0.000251629165742187,0,0,0,0.000158576120937746,0,0,0,0,0,0,0,1.6924760890991e-05,9.12370809399987e-05,0,0,6.7174909626998e-06,0,0,0,0,0,0,0.000933816527878056,0.000397567476669211,13.8680865297945,1.23677089405663,0.460506168779522,0.0027016126764376
0,0,0.00296357275996041,0,9.37222684574989,0.448383518138743,0,0.340538785847596,8.98636809195594e-05,0,0.019845948005551,0,0.884139859890567,0.0449551937938482,0.125984627873126,0,0,0,0.000924280648326566,0,0,0.000612976947742053,0.000366954816707265,0,0.000391426731513177,0.000281339721674809,0,0,1.08553998322775,0,0,1.7082905714195,0.0505009149365523,4.28520106071677,0.000857950582397539,1.59321985663316,1.0221514380241,8.37015593929261,1.64667954855225,1.313432542196,0,0.319164845575235,0.020883818375758,0.001237119468084,4.78339861620632e-05,0.000733861999311273,0.000109446363155982,0.00023980287517924,0,0,0,0,0,0,0,0,0,0,0,0,0,0.000721999208834326,0,0.000426095842389063,0,0,0,0,0,0,0,0,0,0,0,0,0,0,0,0,0,0,5.0210756689885e-05,4.97098326689765e-05,1.38524161881453,0.0461552667548863,0.0107743980642542,0.000220850367425207
0,0.104110005070921,0.0347406131245352,0,0,0,0,0,0,0,2.50772277336789,0,5.57684946143448,0,0.00057353706938454,0,0.00576032363518553,0,0.0062892271611064,0,0,0.0708824233747321,0.00291495031821729,0.000830729128498194,3.75386844392097,0.00441236326884251,0.00605395089825525,0,0.000858423970605746,0,0,0,0,0.180365425831194,0.000264948009948644,3.38471585917499,8.13975135450368,2.51323787343816,1.50496339874588,0.102153695287406,0.319164845575235,0,0.0207825284046826,0.0017668705498706,0.000715680643559562,0.000786217420541746,7.37484320598669e-05,8.72255046106604e-05,0,0,0,0,0,0,0,0,0,0,0,0,0,0.060815795820822,0,0,0,0,0,0,0,0,0,0,0,0,0,0,0,0,0,0,0,0,3.42025783109051e-05,5.13726561893077e-06,4.88814335757055,0.0765671405042904,0.013411380918313,0.000299413026185351
0,0,0.0012689473511638,0,0.044037397320849,0,0,0,0.098329053045969,0,6.85327371838418e-05,0,0.0223525827706222,0,1.16399080518707,0,0,0,0,0,0,0.378529079495114,7.5204835361657e-05,0,0.321016055229976,0,3.71864790596889e-05,0,0,2.32937141976704e-05,0,0,0,0.000501829616736714,0.761291539566571,2.07757343207035,0.0294589885634758,0.0227762602815711,0.0451706027198423,0.883546632274965,0.020883818375758,0.0207825284046826,0,26.8445252406925,25.8869512716989,28.8046744580643,17.1364321295983,3.96958600293925,0.640421813687767,0.0937681746871403,0.598679062583832,1.04965337322319,0,0,0.773406849591286,0.0162253265674273,0.0533309244551873,18.3376971914849,0,0.809423304216663,0.10061318854604,0.511530824915645,0.0109221236042353,0.898486944884414,0.428421660058282,0.0910868336059899,0.00277780038517107,0.261926104282073,0,0.146387694553887,3.17037872229546,0.154552261043598,0.876379304097265,0.0291075794245799,0.405355560448466,0.366576404872928,0.00511826158201682,0.0245275058843434,0.0618274631555363,0.000133560312461783,0,0.0308910040086344,16.0994548693421,0.121390414307306,0.258897769185739,21.9521194365532,0.0144307642192823,0.0312569582433192
0,0.00174021296904026,0,0,0.003292464501368,0,0,0,0.0748692527940965,0,0,0,0.00280277038640925,0,0.0663303486414845,0,0,0,0,0,0,1.57409946175836,0,0,0.020171128367316,0,0,0,0,0,0,0,0,2.19565039141251e-05,0.0300537595211193,0.0382363199843724,0.000390553930609207,0.00132145902278592,0.00329880273889605,0.0479020995926915,0.001237119468084,0.0017668705498706,26.8445252406925,0,13.0637422460063,6.32473336753448,1.2348707776539,0.22194301689721,13.8229004081656,0.46948506476784,1.94960553202865,3.25908167497246,0,0,0.2740423227861,0.0518579763466449,0.212330404487727,0.220236655322989,0.000454225926417641,7.67099874165609,0.00210184357168562,2.00870749910813,0.0465956075877172,0.0452747739992169,0.394996188117429,0.154246039003307,0.105866501770493,1.03108235651985,0,0.27312597382218,15.5662756416927,0.920388950628588,0.043113029644823,20.6001138504045,3.75423916492314,1.90364037770783,0.0100008826415035,0.111864754197301,0.332474143096424,0.00619473864370305,0,0.230913582690609,9.78311872923412,0.00516357559970166,0.00198228805599533,19.1721157680385,7.968626272022e-05,0.000244361350088296
0,0,0,0,8.86966465712784e-05,0,0,0,0.00722236700994825,0,0,0,6.33215885262155e-05,0,0.00462158416445884,0,0,0,0,0,0,0.0811900147190193,0,0,0,0,0,0,0,0,0,0,0,0,0.00269468614274412,0.00376972930089935,0.000189932135472568,5.15794346359096e-05,0.000111171246502903,0.00285241858472927,4.78339861620632e-05,0.000715680643559562,25.8869512716989,13.0637422460063,0,7.58706116872162,6.28052257839379,5.65112816407951,3.37847991207315,0.0159484403011924,0.312946185979978,0.382519183434219,0,0.0102880830874761,0.460614747565119,0.000678760242999964,0.142028299189736,0.00471187495952811,0,16.4892631349662,0,0.3315796944341,0.0398351987323059,0.0238109405026465,0.00708043379727268,0.202958886618134,0.0473640957886804,0.925983642499775,0,0.0278197597127904,0.402129194781278,0.0191898309319733,0.000681778397459041,0.205923884224925,0.991718737083791,0.220401282788098,0,0.0443433065397363,0.00477882157342379,0.00169496358043171,0.00161601596268417,0.0033295809906614,33.3671936810622,0.000369461947923357,0.00133149819942614,22.1652352067098,3.19177748847163e-05,0.000132096398668451
0,0,0,0,0.00153063793741365,0,0,0,0.00334942481744838,0,0,0,0.000181824507204148,0,0.0520001504019784,0,0,0,0,0,0,0.0238656305259561,0,0,0,0,0,0,0,0,0,0,0,0,0.0271132552633618,0.0441855758615093,0.00431002103095396,0.000618801300908643,0.00182774294576979,0.0200761653473215,0.000733861999311273,0.000786217420541746,28.8046744580643,6.32473336753448,7.58706116872162,0,1.89323567531688,3.99745017500265,3.67250628108871,0.00132449307228714,0.220430737437465,0.18467476222386,0,0,0.0139634632801783,0.000161682590722863,0.0028418270896408,0.012431402519394,0,1.34772784265715,0,0.122590113569183,0.00239371380170487,0.0196572755617717,0.00260162730939774,0.0321020563104268,0.00251463194701232,0.139004569191607,0,0.00773643076068945,0.301570707762548,0.00946347137531808,0.00113380769624256,0.0841122242465784,0.154422400281708,0.062984738688187,0,0.00473982162616369,0,0,0,0.000339454638083486,2.1405414291095,0.00375624592434408,0.0538164218375851,41.7455134163285,0.00209414081067841,0.01032152440967
0,0,0,0,0.00884270110083454,0,0,0,0,0,0,0,0.000217637504174459,0,0.0581994847871369,0,0,0,0,0,0,0.00130704443650081,0,0,0,0,0,0,0,0,0,0,0,0,0.0566885432759347,0.0294612199421174,0.00221489614719212,0.000358278790271857,0.000964776651438742,0.00685759903771666,0.000109446363155982,7.37484320598669e-05,17.1364321295983,1.2348707776539,6.28052257839379,1.89323567531688,0,2.08953095501151,0.0146929734508795,0.117464150476479,0.00235710771286559,0.00727324859895141,0,15.4669464214143,17.7748394707261,0.0157545490958775,0.260180112825753,6.72177997006355,0,0.0177510303262999,2.79088330887822,0.00188730445960531,0.0451662968233175,53.1107139166162,0.0922429732339726,3.99327370193669e-05,0,5.17199304097147e-05,0,0.00306818262388828,0.246997793072734,0.0174325930270592,2.12877671487666,0,0.000361366514777723,0.00250058379710821,0.0089354091817536,0.142409671329872,0.0345298612219358,0,0.00967271382645446,0.158455301535433,4.60551719966016,0.0213124232030674,0.0195444638386248,14.3770049927075,0.00525535672422716,0.0121976867362635
0,0,0,0,0.00102905399253358,0,0,0,0,0,0,0,5.50124284213207e-05,0,0.0216119857218911,0,0,0,0,0,0,0.00123411581920774,0,0,0,0,0,0,0,0,0,0,0,1.53013817414055e-05,0.0153727202165499,0.038995373790599,0.00489327139418351,0.000218782141608514,0.000840474156507027,0.00799656514345482,0.00023980287517924,8.72255046106604e-05,3.96958600293925,0.22194301689721,5.65112816407951,3.99745017500265,2.08953095501151,0,0.0263446728871421,0.000102156143822025,0.00114198245373329,0.000579146448164906,0,15.7536637875464,2.03641990183386,0,1.00999686946629,0.00389643286726354,0,0.0603533984023423,0,0.00110912613611815,0.0187992241697589,0.0273475956965889,0.00090526938769496,0,0,0.000192669131178578,0,0,0.00335600714008816,5.97104287478444e-05,0.00154879841755189,0,0.000245767984127881,0.00020766053279817,0,0.0809854663266692,0,0,2.13086245271201,0,2.74859920444096,0.00254206687969925,0.0493814487528435,6.45722369627135,0.00373341602444757,0.00865185976717706
0,0,0,0,0,0,0,0,0,0,0,0,0,0,0.000453418667058746,0,0,0,0,0,0,0.0100583735156242,0,0,0.00151664218479756,0,0,0,0,0,0,0,0,0,3.34672211925761e-06,0.000784633617744046,0,0,0,0,0,0,0.640421813687767,13.8229004081656,3.37847991207315,3.67250628108871,0.0146929734508795,0.0263446728871421,0,0,0.0978156949433081,0.0534120595036641,0,0,0.00124052962851839,0,0,0,0,2.64352060934776,0,7.48594602821444,0,0,0,0.0103541705052243,0.00255519865935032,0.0779918843123239,0,0.00562503247130718,0.12098620712325,0.00267589675465178,0,16.9257249999381,0.0688526361045115,0.0183296932242681,0,0,0.000734859470809687,0,0,0,0.17103056336127,0,0,0.424216114500232,0,0
0,0,0,0,0,0,0,0,0,0,0,0,0,0,0,0,0,0,0,0,0,0,0,0,0,0,0,0,0,0,0,0,0,0,0,0,0,0,0,0,0,0,0.0937681746871403,0.46948506476784,0.0159484403011924,0.00132449307228714,0.117464150476479,0.000102156143822025,0,0,0,0.00383362077765447,0.00189460549615558,0,0.456802147620829,3.0602783738917,3.51275848935719,0.00863566373168624,0.0018630802537659,0,0.02034552946114,0,12.8877161275927,0.00245963778003101,0.578706392858185,0,0,0,0,0.0201543673713713,1.17824117754099,0.103192498506637,0.088503484837233,0,0,0.0029176201261564,0.0551739999227361,22.4836160093576,5.95554313228549,0,0,6.55585318200252,1.00309665335509,0,0,0.0268818370259983,0,0
0,0.25622996891067,0,0,0,0,0,0,0.128180433998933,0,0,0,0,0,0,0,0,0,0,0,0,1.21891609783242,0,0,0.0263360783071552,0,0,0,0,0,0,0,0,0,2.08828133789905e-06,0.00895785754609084,0,0,0,0.000100825649945376,0,0,0.598679062583832,1.94960553202865,0.312946185979978,0.220430737437465,0.00235710771286559,0.00114198245373329,0.0978156949433081,0,0,3.13586743346576,0,0,0.00119254715128737,0,0,0.00221460906922899,0,0.0283409700041511,0,0.0205643629718457,0,0,0.0441932578099929,0.0465902166491865,0,0.0660802387722612,0,0.135200793647463,3.60449301008904,0.0711481548175381,0,2.9820921442128,1.5128222683064,1.56917800164818,0,0,0.00599494809468296,0,0,0,0.669941200359194,0,0,0.585361529320622,0,0
0,0,0,0,0,0,0,0,0.0042083099269997,0,0,0,0,0,0,0,0,0,0,0,0,0.0656790173913484,0,0,0,0,0,0,0,0,0,0,0,0,1.89150401587346e-05,0.000682466744063903,0,0,0,3.18259202425081e-05,0,0,1.04965337322319,3.25908167497246,0.382519183434219,0.18467476222386,0.00727324859895141,0.000579146448164906,0.0534120595036641,0.00383362077765447,3.13586743346576,0,0,0,0.0116482693921341,0.0137298872612472,0.00355171257505528,0.000668579898880084,0,0.0435241172109801,0.00179972632261305,0.0117006424876604,0.000823418391348332,0.000105246818008748,0.749884861784197,0.450555945430803,0,0.0697443999682519,0,1.02104956302254,3.09519699301839,8.47421212906485,0.00267707251618533,0.0391808641786479,3.082774361298,8.68075789213452,0.0145292314496437,0.000464219691133364,0.703836096681921,0,0,0.00140736761194361,2.2549765501469,0,0,0.693808318249939,0,0
0,0,0,0,0,0,0,0,0,0,0,0.0171019905072783,0,0,0,0,0,0,0,0,0,0,0,0,0,0,0,0,0,0,0,0,0,0,0,0,0,0,0,0,0,0,0,0,0,0,0,0,0,0.00189460549615558,0,0,0,0,0.0288741629977644,0.0724615473605851,0.000795630846793939,0,12.0153584423129,0,0.364200151191857,0,0,0,0.00306208939585981,0,0,0,71.0132374234809,0,0,0.00138011424969772,2.35112918606967,0,0,0,4.27938237097275,0,0,0,0,0,0,0,0,0,0,0
