0,0.00129339009944194,0.00145678541240146,0,0,10.5436041147117,0.381847575443313,6.85683044034619,0.00183086933870993,0.0405548113329353,0,0.0140855395684393,0,9.5753137782268,0.183288447542734,0.0310201932211712,0,0,0,0.00181019485524393,0.00677894216758622,0.007205779160477,0.0300210494093976,0.00130882192724405,0,0.000579981817035655,0.00635734410201836,0.00379427481411111,20.7059635334765,1.08912627360096,0,0,1.14406310894092,0.600303655359968,0,0.281847390113983,0.072363990568843,0.0420965080303133,0.00541539409137667,3.05563761593843,0.00796408103191537,0,0,0,0,0,0,0,0,0,0,0,0,0,0,0,0,0,0,0,0,0,0,0,0,0,0,0,0,0,0,0,0,0,0,0,0,0,0,0,0,0,0,0,0.137698441147443,0,0,0
0.00129339009944194,0,1.05404808447107,0,0,0,0.00127991351847659,0,0.386077565177084,0,0.0734662768991508,0,0.0513367545232714,0,0,0.00358516867146282,0.0494732929768086,0,0.0255580150172615,0,0.00741147273162976,7.13084847274888,0.11218868160966,0.00637449260327837,5.94654896878134,0.215705241026113,0.715479189732069,0.00153263035254477,0,0.00811807265953535,0,0,0,0.228315457484895,0,0.0292963271256493,0.633012049071897,0.3256448935817,0.0125116372941285,0.00133691829024316,0.00118985017914353,0.00360946995185435,0,0.00433102561944243,0,0,0,0,0.00479440729286504,0,0.0611951262679984,0,0,0,0,0,0,0,0,0.00130316837188621,0,0,0,0,0,0,0,0,0,0,1.29813167207608,0,0,0.0420696211729877,0,0,0,0,0,0,0,0,0,0,0.0444855088775335,0,0,0
0.00145678541240146,1.05404808447107,0,0,0,0,0.00986026768032639,0,1.83172844698601,0,0.0569927249038488,0,0.00790508495104899,0,8.23726603855538e-05,0.149182292950359,0.538227539283829,0,0.0175497671096807,0,0.237576526288343,3.85694299585974,4.7167540079119,0.0806950960399632,0.179116758815539,16.4049068370712,8.84956799135295,0.0473783664669893,0.0023884624516924,0.142828635831901,0,0,0,2.0754377688166,0,1.19634385615762,5.02374727908741,0.791027106681657,0.0854444315760425,0.0104898783705242,0.027416464801495,0.00689512954221722,0,0,0,0,0,0,0,0,0,0,0,0,0,0,0,0,0,0,0,0,0,0,0,0,0,0,0,0,0.00792651323921839,0,0,0.00144953084452137,0,0,0,0,0,0,0,0,0,0,1.41275069287823,0,0,0
0,0,0,0,0,0.167126187084384,0.10141833281832,0,0.000523678216629297,3.40615589166943,0,0.160500327029304,0,0,0,0,0,0,0,59.2120266864517,0,0,0,0.938396272824711,0,0,0,25.2794431351373,0,0,0,0,0,0,0,0,0,0,0,0,0,0,0,0,0,0,0,0,0,0,0,0,0.538853824330656,0,0,0,0,0,0.0068337365089294,0,0,0,0,0,0,0,0,0,0.00794179375007698,0,0,0,0,0,0,0,0,0,0,0,0,0,0,0,0,0,0,0
0,0,0,0,0,5.68877044897207,0,0.746553139149192,0,0,0,0,0,0.803259685946462,3.64726257934564,0,0,0,0,0,0,0,0,0,0,0,0.000374312168851094,0,5.0012201618938,0,0,9.93968713302438,0.0196864877390397,2.49795277551562,0.000549260655483372,0.0155045736344623,0.000314230417714834,0.496121826891228,0,20.8878327085399,16.9405419106944,0,0.00423812890551255,0.000223674681844047,0,0,0.000765735358892315,0,0,0,0,0,0,0,0,0,0,0,0,0,0,0,0,0,0,0,0,0,0,0,0,0,0,0,0,0,0,0,0,0,0,0,0,0.000223839057911145,0.00920180835345393,0.0146341901851145,0.000266261612900816,1.29769416830471e-05
10.5436041147117,0,0,0.167126187084384,5.68877044897207,0,4.8969402073955,7.95503871144692,0.00749417556779351,9.5761255979629,0,3.03502842612732,0,3.46157841680923,2.25900350185589,0.000474933471482711,0,0,0,0.952083816294651,0.00170798151482468,0.0108731195677406,0.00115725820614578,1.30237931719903,0,0,0.000212882085423548,1.37069471410366,7.19351682579038,0.0120110439887008,0,2.83495310957123,2.05016396432287,1.27400435740601,0,0.00816259310986078,0.00617463786373014,0.423102320243908,0.0052014073339811,6.41730135638949,0.775583134284848,0,0,0,0,0,0,0,0,0,0,0,0,0,0,0,0,0,0,0,0,0,0,0,0,0,0,0,0,0,0,0,0,0,0,0,0,0,0,0,0,0,0,0,0.000527111628981832,0,0,0
0.381847575443313,0.00127991351847659,0.00986026768032639,0.10141833281832,0,4.8969402073955,0,0.238944297822483,0.186093777114628,11.1618776888418,0,0.517864681632262,0,2.12314810666326,0.0706085760203487,0.07245027887578,0,0,0,1.27635900364294,0.0842485223572345,0.179145496796151,0.0648821628500537,3.24428016462515,0,0.00230026716606883,0.00958701230174557,6.10239784720334,0.778768437439649,7.17626802222614,0,0,0.0247632074165536,0.216360422476001,0,0.130186741990045,0.155943425595444,0.0112646461344025,0.0014497231693443,0.100243882395872,0.00108686769699647,0,0,0,0,0,0,0,0,0,0,0,0,0,0,0,0,0,0,0,0,0,0,0,0,0,0,0,0,0,0,0,0,0,0,0,0,0,0,0,0,0,0,0,0.0610094807949566,0,0,0
6.85683044034619,0,0,0,0.746553139149192,7.95503871144692,0.238944297822483,0,0,1.03853900475607,0,0.0331621613378471,0,31.4835148082139,0.0835112367588734,0,0,0,0,0.0092340608541192,0,0,0,0.015912525467915,0,0,0,0.0212416568953337,11.8322775367772,0.000726745537986975,0,2.30685590911844,2.20567700182256,0.397021914084579,0,0.000400194587477528,3.42706772557943e-05,0.0756908046516845,0,0.366781605900792,0.0705220670540821,0,0,0,0,0,0,0,0,0,0,0,0,0,0,0,0,0,0,0,0,0,0,0,0,0,0,0,0,0,0,0,0,0,0,0,0,0,0,0,0,0,0,0,9.40127711862087e-05,0,0,0
0.00183086933870993,0.386077565177084,1.83172844698601,0.000523678216629297,0,0.00749417556779351,0.186093777114628,0,0,0.00766965196641347,0.00636260250952509,0.929215832328957,0.00409034702723828,0,0.776235500690677,0.298029802743785,0.00734501093583487,0,0.00341759039241884,0,0.108924086108762,11.7141025437253,1.1538505428221,6.83959790748119,0.0582634948680395,0.285788616328008,1.0306182280434,0.981473520033726,0.00247600779463646,0.0993666100379306,0,0,0,0.179495543496153,0,4.90493099422266,0.464120206008283,0.0593263463847794,0.0018433916948947,1.14940164578108,0.00286545122705554,0.0055877864390621,4.1248677926864e-05,0,0,0,0,0,0,0,0.00188699783639376,0,0,0,0,0,0,0.00211565592326224,0,0,0,0,0,0,0,0,0,0,0,0,0.00424108681017035,0,0,0,0,0.000822999247485295,0,0,0,0,0,0,0,0,0.470774359613524,0,0,0
0.0405548113329353,0,0,3.40615589166943,0,9.5761255979629,11.1618776888418,1.03853900475607,0.00766965196641347,0,0,11.8788874145726,0,0.218270293180264,0.0013792590899897,0,0,0,0,27.5580455533196,0.000966619946835792,0.00252518689247344,0.000661608140124434,0.408235310474987,0,0,0,2.28974218891214,0,0.00442076872135028,0,0,0,0.000759418737092774,0,0,0,0,0,0,0,0,0,0,0,0,0,0,0,0,0,0,0,0,0,0,0,0,0,0,0,0,0,0,0,0,0,0,0,0,0,0,0,0,0,0,0,0,0,0,0,0,0,0,0,0,0,0
0,0.0734662768991508,0.0569927249038488,0,0,0,0,0,0.00636260250952509,0,0,0,13.0855495968023,0,0,0,0.355138044435027,6.31935663902767,7.25525936664463,0,0.00246542696223035,0.0424938859770439,0.0101158015090882,0,1.52638837725472,8.8067697458097,2.15268567327172,0,0,0.000502878072040762,0.786175054768597,0,0,5.11315168252284,0,0.0207446800756849,15.1085458516752,3.98681343663732,0.124251548689944,0,0.0099524243293941,0.727894483594183,0,0.00167208019517914,0,0,0,0,0.00117254628704169,0,0,0,0,0,0,0,0,0,0,0.00283860257468192,0,0,0,0,0,0,0,0,0,0,0.0280070208863677,0,0,0.00250955586427174,0,0,0,0,0,0,0,0,0,0,0.00626680505527685,0,0,0
0.0140855395684393,0,0,0.160500327029304,0,3.03502842612732,0.517864681632262,0.0331621613378471,0.929215832328957,11.8788874145726,0,0,0,0.0128886575377249,2.40394564569653,0,0,0,0,46.4710732915095,0.000948333163606957,0,0.000559248717663382,1.12273591034989,0,0,0,0.440755307788208,0.00075056663579642,0.00164064975991243,0,0,0,0.00203243956129317,0,0.726754104677303,0,0.000250186997973982,0,3.26505297868535,0,0,0,0,0,0,0,0,0,0,0,0,0,0,0,0,0,0,0,0,0,0,0,0,0,0,0,0,0,0,0,0,0,0,0,0,0,0,0,0,0,0,0,0,0.0215711886879998,0,0,0
0,0.0513367545232714,0.00790508495104899,0,0,0,0,0,0.00409034702723828,0,13.0855495968023,0,0,0,0,0,0.0324988248861459,0,0.177428462389706,0,0,0.0363529844240845,0.00143744747697503,0,11.4188704142123,5.08466204210008,2.90907914405776,0,0,0,6.64091953359884,0,0,0.434545880838422,1.32427253394754e-05,0.0431805825236808,11.7885141984967,0.314913061262938,0.267634819404823,0,0.00663862313910758,8.18964270994531,0,0.0198566229466937,0,0,0,0,0,0,0,0,0,0,0,0,0,0,0,0.00975151537911361,0,0.017981960615713,0,0,0,0,0,0,0,0,0.0413484392361094,0,0,0.0604977149026589,0.00148337355341358,0,0,0,0,0,0,0,0.00193902863618134,0,0.0026076434687562,0,0,0
9.5753137782268,0,0,0,0.803259685946462,3.46157841680923,2.12314810666326,31.4835148082139,0,0.218270293180264,0,0.0128886575377249,0,0,0.00753218566910907,0,0,0,0,0.00183987879529962,0,0,0,0.00177169542047412,0,0,0,0.00138947280393118,8.75974001028666,0,0,0.95574273294629,0.179499301961049,0.0247958879157515,0,0.000933411869094688,0,0.00745338700898305,0,0.0314527263984565,0.0185355507796892,0,0,0,0,0,0,0,0,0,0,0,0,0,0,0,0,0,0,0,0,0,0,0,0,0,0,0,0,0,0,0,0,0,0,0,0,0,0,0,0,0,0,0,0.000704748749622286,0,0,0
0.183288447542734,0,8.23726603855538e-05,0,3.64726257934564,2.25900350185589,0.0706085760203487,0.0835112367588734,0.776235500690677,0.0013792590899897,0,2.40394564569653,0,0.00753218566910907,0,0,0,0,0,0,0,0,6.87164442670371e-05,0.00151914632417521,0,0,1.3148185216504e-05,0.0010714060443493,0.725008085159165,0.000969853356607014,0,0.00183045724601115,0.849224603295977,0.447721687873192,0.0498547514031533,3.53336157727924,0.00646995073653978,0.0609044005652282,0.0152806267100221,79.3200832243917,0.062452078545468,0.00365489646705363,0.467234447227899,0.00400719343305264,0.00652417588283317,0.00772992656802002,0.0514065541449775,0.00566877601899887,0.00057920872378165,0,0,7.74266911392663e-05,0,0,0,0,0,0,0,0.000207377282904875,0,0,0,0.000310382141903986,2.84542136262944e-05,0.00049577487711711,0,0,0,0,0,0,0,0,0.000258003294222268,4.5068444118633e-05,0,0,0,0,0,0,0.00232445925078411,0.00899942300009438,4.07059328785546,0.987629104997715,0.00264137395368444,0.00870216591687696
0.0310201932211712,0.00358516867146282,0.149182292950359,0,0,0.000474933471482711,0.07245027887578,0,0.298029802743785,0,0,0,0,0,0,0,0,0,0,0.0012302746439171,15.547842199412,0.909699099217515,41.2352300629124,0.780480112729481,0,0.0060561549911544,3.59298426813979,11.9509360932305,0.0763511991101233,1.29799387756404,0,0,0.0134869538891292,1.1510457602666,0,0.738596352124473,0.490126827713562,0.0264558311413946,0.00601233208934639,0.0298352800010465,0.00354971369265757,0,0,0,0,0,0,0,0,0,0,0,0,0,0,0,0,0,0,0,0,0,0,0,0,0,0,0,0,0,0,0,0,0,0,0,0,0,0,0,0,0,0,0,0.492036823981638,0,0,0
0,0.0494732929768086,0.538227539283829,0,0,0,0,0,0.00734501093583487,0,0.355138044435027,0,0.0324988248861459,0,0,0,0,0.141359235727439,13.147583582278,0,0.529663757056071,0.0254692461209845,9.05595972049554,0,0.117168106591689,6.59274474489818,0.332529964508889,0,0,0.0762389035671752,0,0,0,1.78396718676804,0,0.00533755989563561,0.138061583083745,0.286727030082325,0.00903680663312608,0,0,0.00179230457926713,0,0,0,0,0,0,0,0,0,0,0,0,0,0,0,0,0,0,0,0,0,0,0,0,0,0,0,0,0.0013442022444965,0,0,0,0,0,0,0,0,0,0,0,0,0,0.00496252849992406,0,0,0
0,0,0,0,0,0,0,0,0,0,6.31935663902767,0,0,0,0,0,0.141359235727439,0,16.6151501470332,0,0,0,0,0,0.000861720263944932,3.18867226579117,0.00419700406396221,0,0,0,0,0,0,0.00628553188881668,0,0,0.00259317553004215,0,0,0,0,0,0,0,0,0,0,0,0,0,0,0,0,0,0,0,0,0,0,0,0,0,0,0,0,0,0,0,0,0,0,0,0,0,0,0,0,0,0,0,0,0,0,0,0,0,0,0
0,0.0255580150172615,0.0175497671096807,0,0,0,0,0,0.00341759039241884,0,7.25525936664463,0,0.177428462389706,0,0,0,13.147583582278,16.6151501470332,0,0,0.00596170959191494,0.0155004925384575,0.100865936946315,0,0.298937317044941,9.73995450921106,0.733157595818248,0,0,0.00291317772390066,0.00254179471189421,0,0,0.399391788482443,0,0.000273521175519073,0.611022127479326,0.151142063818819,0.00220478526466333,0,0.00110474930591076,0,0,0,0,0,0,0,0,0,0,0,0,0,0,0,0,0,0,0,0,0,0,0,0,0,0,0,0,0,0.00978676314109817,0,0,0,0,0,0,0,0,0,0,0,0,0,0,0,0,0
0.00181019485524393,0,0,59.2120266864517,0,0.952083816294651,1.27635900364294,0.0092340608541192,0,27.5580455533196,0,46.4710732915095,0,0.00183987879529962,0,0.0012302746439171,0,0,0,0,0,0,0,2.9490776722465,0,0,0,9.30747389153712,0,0,0,0,0,0,0,0,0,0,0,0,0,0,0,0,0,0,0,0,0,0,0,0,0,0,0,0,0,0,0,0,0,0,0,0,0,0,0,0,0,0,0,0,0,0,0,0,0,0,0,0,0,0,0,0,0,0,0,0
0.00677894216758622,0.00741147273162976,0.237576526288343,0,0,0.00170798151482468,0.0842485223572345,0,0.108924086108762,0.000966619946835792,0.00246542696223035,0.000948333163606957,0,0,0,15.547842199412,0.529663757056071,0,0.00596170959191494,0,0,0.489336868441336,10.9583675705453,0.462546567065615,0.00583573451102499,0.0505718804416254,0.0953421623475789,10.0492029077668,0.0255411017800482,11.7918319605994,0,0,0,2.0077607272238,0,0.205186505024254,1.17747998898707,0.149448302533589,0.02978595706775,0.00677499837926273,0.00418009653664565,0,0,0,0,0,0,0,0,0,0,0,0,0,0,0,0,0,0,0,0,0,0,0,0,0,0,0,0,0,0,0,0,0,0,0,0,0,0,0,0,0,0,0,0.113575940317127,0,0,0
0.007205779160477,7.13084847274888,3.85694299585974,0,0,0.0108731195677406,0.179145496796151,0,11.7141025437253,0.00252518689247344,0.0424938859770439,0,0.0363529844240845,0,0,0.909699099217515,0.0254692461209845,0,0.0155004925384575,0,0.489336868441336,0,3.23730456104113,5.9545350622495,0.683754870772447,0.528319852269727,2.52556664450692,1.81626718343427,0.00591558670897392,0.278918421043621,0,0,0,0.38564416357313,0,0.415520803721142,0.998604446361524,0.181507795383683,0.00927054038287159,0.00803296119366929,0.00438581252248925,0,0.00708850559667087,0.0134696927800303,0.00249791954512096,0.0027122792015391,0,0,0,0,0.165280476154338,0.0155165379079652,0,0,0,0,0,0,0,0.00220518184784584,0,0,0,0,0.000974960023587108,0.00207529868325612,0,0.00160435830532776,0,0.00072801850797579,0.114127930749288,0.00105485061302451,0.000770703678056602,0.0174291988695873,0.0144090381805789,0.0226578816426498,0,0,0,0,0,0,0.00350935935320559,0,0.426359548793655,0.00668588830271717,0,0
0.0300210494093976,0.11218868160966,4.7167540079119,0,0,0.00115725820614578,0.0648821628500537,0,1.1538505428221,0.000661608140124434,0.0101158015090882,0.000559248717663382,0.00143744747697503,0,6.87164442670371e-05,41.2352300629124,9.05595972049554,0,0.100865936946315,0,10.9583675705453,3.23730456104113,0,0.366574288802502,0.0112874876250686,0.373106906499492,6.47406890838663,1.03491481583441,0.0403096862590658,1.75869110303311,0,0,0.000430488879218233,4.2882465914106,3.12882245608452e-05,1.29988031819156,2.7955158578017,0.229949442489627,0.0335420713682938,0.0176602621224394,0.0126296782781778,0.00151860127086639,0,0,0,0,0,0,0,0,0,0,0,0,0,0,0,0,0,0,0,0,0,0,0,0,0,0,0,0,0.00182228444419029,0,0,0,0,0,0,0,0,0,0,0,0,0,0.744092345411608,0,0,0
0.00130882192724405,0.00637449260327837,0.0806950960399632,0.938396272824711,0,1.30237931719903,3.24428016462515,0.015912525467915,6.83959790748119,0.408235310474987,0,1.12273591034989,0,0.00177169542047412,0.00151914632417521,0.780480112729481,0,0,0,2.9490776722465,0.462546567065615,5.9545350622495,0.366574288802502,0,0,0.00212992115458422,0.0482147130882223,65.7560119949047,0.0179018534772785,0.34263593694656,0,0,0,0.0383274591324458,0,0.0554574547293634,0.0476520713588546,0.00571368374343618,6.2325372587027e-05,0.0083695191831075,0.000552462823946148,0,0,0,0,0,0,0,0,0,0,0,0,0,0,0,0,0,0,0,0,0,0,0,0,0,0,0,0,0,0,0,0,0,0,0,0,0,0,0,0,0,0,0,0.0400871699629631,0,0,0
0,5.94654896878134,0.179116758815539,0,0,0,0,0,0.0582634948680395,0,1.52638837725472,0,11.4188704142123,0,0,0,0.117168106591689,0.000861720263944932,0.298937317044941,0,0.00583573451102499,0.683754870772447,0.0112874876250686,0,0,0.931156938848302,2.56793023362095,0,0,0.00411894613219051,0,0,0,0.668976982823117,0,0.010369329685859,10.048802847849,0.530566399781113,0.0540691352599114,0,0.00342285429465338,6.12932829895474,0,1.00014642999656,0.00394957781006026,0,0,0,3.48933155931984,0,0,0,0,0,0,0,0,0,0,0.0872533647128822,0,0.593021548096639,0,0,0,0,0,0,0,0,0.399020304316224,0,0,1.00055968616948,0.00108142065788399,0.000771497183201263,0,0,0,0,0,0,0.034562007705334,0,0.0160784191855109,0,0,0
0.000579981817035655,0.215705241026113,16.4049068370712,0,0,0,0.00230026716606883,0,0.285788616328008,0,8.8067697458097,0,5.08466204210008,0,0,0.0060561549911544,6.59274474489818,3.18867226579117,9.73995450921106,0,0.0505718804416254,0.528319852269727,0.373106906499492,0.00212992115458422,0.931156938848302,0,14.2344372158296,0.00529782590973989,0,0.0288515592539954,0.957515704713098,0,0,2.10297902917295,0,0.0258465161140005,1.19958542427297,0.870900605660826,0.0141337434525019,0.000651065837527942,0.000949591181233393,0.00290904868313182,0,0,0,0,0,0,0,0,0,0,0,0,0,0,0,0,0,0,0,0,0,0,0,0,0,0,0,0,0.0121777915685884,0,0,0.00143318232131155,0,0,0,0,0,0,0,0,0,0,0.0190341756906888,0,0,0
0.00635734410201836,0.715479189732069,8.84956799135295,0,0.000374312168851094,0.000212882085423548,0.00958701230174557,0,1.0306182280434,0,2.15268567327172,0,2.90907914405776,0,1.3148185216504e-05,3.59298426813979,0.332529964508889,0.00419700406396221,0.733157595818248,0,0.0953421623475789,2.52556664450692,6.47406890838663,0.0482147130882223,2.56793023362095,14.2344372158296,0,0.0431509201662493,0.0117499346053828,0.0885331380606052,0.591858955187584,0,0,1.11836857809559,0,0.217933549129249,1.58725692762422,0.819244358396378,0.0254331015378102,0.00381649826955008,0.00353882326849876,0.00334377999037984,0,0.00137472018497116,0,0,0,0,0,0,0,0,0,0,0,0,0,0,0,0,0,0.000685579701444183,0,0,0,0,0,0,0,0,0.0719177522074856,0,0,0.00202481715526846,0,0,0,0,0,0,0,0,0,0,0.106203175216264,0,0,0
0.00379427481411111,0.00153263035254477,0.0473783664669893,25.2794431351373,0,1.37069471410366,6.10239784720334,0.0212416568953337,0.981473520033726,2.28974218891214,0,0.440755307788208,0,0.00138947280393118,0.0010714060443493,11.9509360932305,0,0,0,9.30747389153712,10.0492029077668,1.81626718343427,1.03491481583441,65.7560119949047,0,0.00529782590973989,0.0431509201662493,0,0.216732992248293,4.23961699439374,0,0,0.000614396756515468,0.157544236374994,0,0.0547881136764185,0.2080410107458,0.00546844654715416,0.000388726853438786,0.00623737356852132,0.000335302893689562,0,0,0,0,0,0,0,0,0,0,0,0,0,0,0,0,0,0,0,0,0,0,0,0,0,0,0,0,0,0,0,0,0,0,0,0,0,0,0,0,0,0,0,0.0304896153468295,0,0,0
20.7059635334765,0,0.0023884624516924,0,5.0012201618938,7.19351682579038,0.778768437439649,11.8322775367772,0.00247600779463646,0,0,0.00075056663579642,0,8.75974001028666,0.725008085159165,0.0763511991101233,0,0,0,0,0.0255411017800482,0.00591558670897392,0.0403096862590658,0.0179018534772785,0,0,0.0117499346053828,0.216732992248293,0,2.17880834748664,0,2.34506873134423,7.64092185591739,1.73935046955462,0,0.229552782470478,0.0497792605896136,0.449511706595506,0.00401530479021732,5.62666989151208,0.583080597647085,0,0,0,0,0,0,0,0,0,0,0,0,0,0,0,0,0,0,0,0,0,0,0,0,0,0,0,0,0,0,0,0,0,0,0,0,0,0,0,0,0,0,0,0.0379394102027145,0,0,0
1.08912627360096,0.00811807265953535,0.142828635831901,0,0,0.0120110439887008,7.17626802222614,0.000726745537986975,0.0993666100379306,0.00442076872135028,0.000502878072040762,0.00164064975991243,0,0,0.000969853356607014,1.29799387756404,0.0762389035671752,0,0.00291317772390066,0,11.7918319605994,0.278918421043621,1.75869110303311,0.34263593694656,0.00411894613219051,0.0288515592539954,0.0885331380606052,4.23961699439374,2.17880834748664,0,0,0,0.0148947351867641,1.82043470580798,0,0.5611754638205,1.44456670121474,0.0822365467419276,0.0141420366570712,0.0457084060602346,0.00586612685370677,0,0,0,0,0,0,0,0,0,0,0,0,0,0,0,0,0,0,0,0,0,0,0,0,0,0,0,0,0,0.000851501792462434,0,0,0,0,0,0,0,0,0,0,0,0,0,0.286070745072568,0,0,0
0,0,0,0,0,0,0,0,0,0,0.786175054768597,0,6.64091953359884,0,0,0,0,0,0.00254179471189421,0,0,0,0,0,0,0.957515704713098,0.591858955187584,0,0,0,0,0,0,0,0,0,0.00198405967079859,0,0,0,0,0,0,0,0,0,0,0,0,0,0,0,0,0,0,0,0,0,0,0,0,0,0,0,0,0,0,0,0,0,0,0,0,0,0,0,0,0,0,0,0,0,0,0,0,0,0,0
0,0,0,0,9.93968713302438,2.83495310957123,0,2.30685590911844,0,0,0,0,0,0.95574273294629,0.00183045724601115,0,0,0,0,0,0,0,0,0,0,0,0,0,2.34506873134423,0,0,0,0,0.360580347156613,0,0,0,0.0390161955888958,0,0.0245250645642757,1.87917310871507,0,0,0,0,0,0,0,0,0,0,0,0,0,0,0,0,0,0,0,0,0,0,0,0,0,0,0,0,0,0,0,0,0,0,0,0,0,0,0,0,0,0,0,0,0,0,0
1.14406310894092,0,0,0,0.0196864877390397,2.05016396432287,0.0247632074165536,2.20567700182256,0,0,0,0,0,0.179499301961049,0.849224603295977,0.0134869538891292,0,0,0,0,0,0,0.000430488879218233,0,0,0,0,0.000614396756515468,7.64092185591739,0.0148947351867641,0,0,0,0.85247970232401,0,0.443559493353398,0.0130896760559427,0.0982228670724974,0.0332191474040139,7.16486350335824,0.0480599831326268,0,0,0,0,0,0,0,0,0,0,0,0,0,0,0,0,0,0,0,0,0,0,0,0,0,0,0,0,0,0,0,0,0,0,0,0,0,0,0,0,0,0,0,0.269003645565741,0,0,0
0.600303655359968,0.228315457484895,2.0754377688166,0,2.49795277551562,1.27400435740601,0.216360422476001,0.397021914084579,0.179495543496153,0.000759418737092774,5.11315168252284,0.00203243956129317,0.434545880838422,0.0247958879157515,0.447721687873192,1.1510457602666,1.78396718676804,0.00628553188881668,0.399391788482443,0,2.0077607272238,0.38564416357313,4.2882465914106,0.0383274591324458,0.668976982823117,2.10297902917295,1.11836857809559,0.157544236374994,1.73935046955462,1.82043470580798,0,0.360580347156613,0.85247970232401,0,0.000647495665509177,19.9927793847503,10.2189141314903,47.1941790180435,1.32467006588058,15.6061306058209,3.81606093507336,1.59201045047999,0.020559793106698,0.00611030532927575,0,0,0,0,0.00697246139484874,0,0,0,0,0,0,0,0,0,0,0.000244259892497212,0,0.0229672283182325,0,1.72278156371202e-05,0,0,0,0,0,0,0.0193068149459809,0,0,0.00231743425264809,0,0,0,0,0,0,0,0,0.0396106669121911,2.99608342246159e-05,8.85324575748684,0.00148792056649941,0,0.000116631269356186
0,0,0,0,0.000549260655483372,0,0,0,0,0,0,0,1.32427253394754e-05,0,0.0498547514031533,0,0,0,0,0,0,0,3.12882245608452e-05,0,0,0,0,0,0,0,0,0,0,0.000647495665509177,0,0.364258796205557,0.000315646305613662,0.000974011169853711,0.00144977974345817,0.00864912604502738,0.000742942543975679,0.000177315497773299,0.924713210207088,0.00606944135217404,0.0120537613207026,0.0237922671458369,0.0332489698702542,0.0108116070817964,0.000181640563409979,0,0,0.000143190262950868,0,0,3.20540886066117e-05,0,0,0,0,0.000298175489879939,0,0,0,0.0245324793484716,0,0.000133893526428686,0,3.16539142677387e-05,0,0.000168650721646114,1.83927383984402e-05,0.000108756203339619,0,4.43208034054537e-05,0.000101106594338192,5.44550411887822e-05,0,0,1.34945673476845e-05,0,0,0,0.00569179987951484,1.64234436018517,0.150419723083318,0.876241452948591,0.0102666098105142,0.983676805121211
0.281847390113983,0.0292963271256493,1.19634385615762,0,0.0155045736344623,0.00816259310986078,0.130186741990045,0.000400194587477528,4.90493099422266,0,0.0207446800756849,0.726754104677303,0.0431805825236808,0.000933411869094688,3.53336157727924,0.738596352124473,0.00533755989563561,0,0.000273521175519073,0,0.205186505024254,0.415520803721142,1.29988031819156,0.0554574547293634,0.010369329685859,0.0258465161140005,0.217933549129249,0.0547881136764185,0.229552782470478,0.5611754638205,0,0,0.443559493353398,19.9927793847503,0.364258796205557,0,16.3266730015082,22.1851431610189,37.730544295293,20.4893024873541,5.5427533691098,3.54297828139252,0.650775125828343,0.0145319653890079,0.00174216266879213,0.0152653483070701,0.0219836605353863,0.00614250516718044,0.042244331173708,0,0,0,0,0,0,0,0,0,0,0.000170840737703862,0,0,0,0.0101607813605193,0,0.000191658322278346,0,0,0,3.64067792790149e-05,0.000497065539386554,6.98355250925743e-06,0,0,3.66855067059568e-05,0,0,0,0,0,0,0,0.0461376801265298,0.039202055829655,58.3402102735659,0.174041293588401,0.00169819296373086,0.00694648285509321
0.072363990568843,0.633012049071897,5.02374727908741,0,0.000314230417714834,0.00617463786373014,0.155943425595444,3.42706772557943e-05,0.464120206008283,0,15.1085458516752,0,11.7885141984967,0,0.00646995073653978,0.490126827713562,0.138061583083745,0.00259317553004215,0.611022127479326,0,1.17747998898707,0.998604446361524,2.7955158578017,0.0476520713588546,10.048802847849,1.19958542427297,1.58725692762422,0.2080410107458,0.0497792605896136,1.44456670121474,0.00198405967079859,0,0.0130896760559427,10.2189141314903,0.000315646305613662,16.3266730015082,0,24.9220439088109,4.27939418578473,0.207507906266184,1.54127050549387,5.31909416718741,0.000917870629258262,0.0326487288352698,0,0,0,0,0.0047893998058484,0,0,0,0,0,0,0,0,0,0,0.0148700920675039,0,0.00628006461080281,0,3.31200766675067e-05,0,0,0,0,0,0,0.0426511275362582,0,0,0.119693880863888,0.000277027479849305,0.000879484087920934,0,0,0,0,0,0,0.000486254693967542,1.43569607187359e-05,13.5258577053546,0.00524996519637869,0,0
0.0420965080303133,0.3256448935817,0.791027106681657,0,0.496121826891228,0.423102320243908,0.0112646461344025,0.0756908046516845,0.0593263463847794,0,3.98681343663732,0.000250186997973982,0.314913061262938,0.00745338700898305,0.0609044005652282,0.0264558311413946,0.286727030082325,0,0.151142063818819,0,0.149448302533589,0.181507795383683,0.229949442489627,0.00571368374343618,0.530566399781113,0.870900605660826,0.819244358396378,0.00546844654715416,0.449511706595506,0.0822365467419276,0,0.0390161955888958,0.0982228670724974,47.1941790180435,0.000974011169853711,22.1851431610189,24.9220439088109,0,1.71618329445953,6.02004228820713,12.1272650510883,0.660191533852076,0.00154409345954622,1.50907870439391e-05,0.000253895520938812,0.000132897208774411,0,0,0.00120781635236703,0,0,0,0,0,0,0,0,0,0,0.00098934239671146,0,0.000339522594746408,0,0,0,0,0,0,0,0,0.0212060531363644,0,0,0.00287446594642663,0,0,0,0,0,0,0,0,0,8.42537526881778e-05,20.1286952506631,0.00269385260100584,3.70959096960633e-05,0
0.00541539409137667,0.0125116372941285,0.0854444315760425,0,0,0.0052014073339811,0.0014497231693443,0,0.0018433916948947,0,0.124251548689944,0,0.267634819404823,0,0.0152806267100221,0.00601233208934639,0.00903680663312608,0,0.00220478526466333,0,0.02978595706775,0.00927054038287159,0.0335420713682938,6.2325372587027e-05,0.0540691352599114,0.0141337434525019,0.0254331015378102,0.000388726853438786,0.00401530479021732,0.0141420366570712,0,0,0.0332191474040139,1.32467006588058,0.00144977974345817,37.730544295293,4.27939418578473,1.71618329445953,0,0.626473883276576,1.39135463363679,0.335278712730407,0.00226245863200381,0.000111980403763356,0,0.000370279055619501,0,0,0,0,0,0,0,0,0,0,0,0,0,0.000738581653536532,0,0,0,0,0,0,0,0,0,0,0,0,0,0.00195155630925795,0,0,0,0,0,0,0,0,0,0.000142009490288432,44.8828184967065,0.00238512452710349,0,6.78743149322945e-05
3.05563761593843,0.00133691829024316,0.0104898783705242,0,20.8878327085399,6.41730135638949,0.100243882395872,0.366781605900792,1.14940164578108,0,0,3.26505297868535,0,0.0314527263984565,79.3200832243917,0.0298352800010465,0,0,0,0,0.00677499837926273,0.00803296119366929,0.0176602621224394,0.0083695191831075,0,0.000651065837527942,0.00381649826955008,0.00623737356852132,5.62666989151208,0.0457084060602346,0,0.0245250645642757,7.16486350335824,15.6061306058209,0.00864912604502738,20.4893024873541,0.207507906266184,6.02004228820713,0.626473883276576,0,3.88092912650113,0.0118412482362369,0.065490883421988,0.000565253790729264,0.000338440470296098,0.000652658461423116,0.000814292261129341,0.000650713801465928,0.000948721040675483,0,0,0,0,0,0,0,0,0,0,0,0,0,0,0.000267463837740413,0,0,0,0,0,0,0,0,0,0,0,0,0,0,0,0,0,0,0.000358926452473886,0.000981834406700579,13.79726908803,0.0867723400924253,0.000445241073636413,0.000755431198606157
0.00796408103191537,0.00118985017914353,0.027416464801495,0,16.9405419106944,0.775583134284848,0.00108686769699647,0.0705220670540821,0.00286545122705554,0,0.0099524243293941,0,0.00663862313910758,0.0185355507796892,0.062452078545468,0.00354971369265757,0,0,0.00110474930591076,0,0.00418009653664565,0.00438581252248925,0.0126296782781778,0.000552462823946148,0.00342285429465338,0.000949591181233393,0.00353882326849876,0.000335302893689562,0.583080597647085,0.00586612685370677,0,1.87917310871507,0.0480599831326268,3.81606093507336,0.000742942543975679,5.5427533691098,1.54127050549387,12.1272650510883,1.39135463363679,3.88092912650113,0,0.15091684929066,0.00206761864325529,4.55841500507576e-05,0,0,0,0,0,0,0,0,0,0,0,0,0,0,0,0,0,0,0,0,0,0,0,0,0,0,0,0,0,0,0,0,0,0,0,0,0,0,0,6.06852314909597e-05,5.5865929834948,0.00293857338706885,0,4.67835035368701e-05
0,0.00360946995185435,0.00689512954221722,0,0,0,0,0,0.0055877864390621,0,0.727894483594183,0,8.18964270994531,0,0.00365489646705363,0,0.00179230457926713,0,0,0,0,0,0.00151860127086639,0,6.12932829895474,0.00290904868313182,0.00334377999037984,0,0,0,0,0,0,1.59201045047999,0.000177315497773299,3.54297828139252,5.31909416718741,0.660191533852076,0.335278712730407,0.0118412482362369,0.15091684929066,0,0.00256024385514762,0,0,0,0,0,0,0,0,0,0,0,0,0,0,0,0,0,0,0,0,0,0,0,0,0,0,0,0,0,0,0.00959362114543816,0.000288122444610222,0,0,0,0,0,0,0,0,0,2.9601985124128,0.000289423928452963,0,0
0,0,0,0,0.00423812890551255,0,0,0,4.1248677926864e-05,0,0,0,0,0,0.467234447227899,0,0,0,0,0,0,0.00708850559667087,0,0,0,0,0,0,0,0,0,0,0,0.020559793106698,0.924713210207088,0.650775125828343,0.000917870629258262,0.00154409345954622,0.00226245863200381,0.065490883421988,0.00206761864325529,0.00256024385514762,0,21.8598156404551,19.1457562932676,22.2189678199263,17.4132339209891,3.95632863923744,1.19933526676542,0.184992896799929,0.146384308937822,1.32331089610259,0,0,0.271728669562871,0.0181636001255472,0.0316603603016975,5.07535261851253,0,0.19677981960965,0.00114729944840831,0.0127133104042361,0.0370963183810409,0.457933718003475,0.237110291755448,0.776889212741587,0.000482896228476759,0.106149746082632,0,0.57526146396426,0.669812098669276,0.468249076890866,0.999406714083494,0.0492684614246467,0.405144156788481,0.144628294681804,0.00841895551500449,0.103906368230265,0.27441666219706,0,0.000268480967772152,0.0889123290673574,16.2695094230908,0.316046460653486,0.154086377948988,39.7565535624888,0.00318091783368184,0.0170565356340663
0,0.00433102561944243,0,0,0.000223674681844047,0,0,0,0,0,0.00167208019517914,0,0.0198566229466937,0,0.00400719343305264,0,0,0,0,0,0,0.0134696927800303,0,0,1.00014642999656,0,0.00137472018497116,0,0,0,0,0,0,0.00611030532927575,0.00606944135217404,0.0145319653890079,0.0326487288352698,1.50907870439391e-05,0.000111980403763356,0.000565253790729264,4.55841500507576e-05,0,21.8598156404551,0,11.7675903852618,4.99331071597088,1.00614899001764,0.188703523388906,5.59989921800071,0.102507462193064,0.723043162960748,5.83081891274231,0,0,0.128926124148948,0.0678694141859963,0.0299705157425245,0.00168432541713573,0.000872435904174934,15.6237865238313,0,3.02660602456204,0.0410656955736454,0.0186741656444668,0.875426734081909,1.66521609449569,0.0789574216986532,0.992374693326451,0,1.43406594056987,2.14353424312517,2.08834376293586,0.00307748402425881,12.352166747644,1.48294931080927,0.804169438990106,0.0140373311704364,0.0836054823923039,1.09827661217012,0,0,0.0788980221127319,16.6722351144834,0.00334850411084427,0.000384799858060943,17.5685086438363,0,5.85367346082884e-05
0,0,0,0,0,0,0,0,0,0,0,0,0,0,0.00652417588283317,0,0,0,0,0,0,0.00249791954512096,0,0,0.00394957781006026,0,0,0,0,0,0,0,0,0,0.0120537613207026,0.00174216266879213,0,0.000253895520938812,0,0.000338440470296098,0,0,19.1457562932676,11.7675903852618,0,4.65809699649095,4.51578662716715,5.72625166574651,1.51414245065848,0.0100273119929648,0.0798870679346188,0.458598894052594,0,0.0277332369847843,0.642961523289411,0.000495447950555735,0.516943866692014,0.000216748443942674,0,14.6039139834542,0,0.131549805246438,0.0230906491143376,0.0542729492693363,0.0172046960188553,1.07065000747818,0.00538099243710111,0.791532186412336,0,0.195827871252048,0.203532612003107,0.491931949336004,0,0.244122684611577,0.562283499297406,0.100430168852068,0.00142250660144476,0.138488618326821,0.0208847738587087,0.00209219390307878,0.0241258753724995,0.0062126221324918,36.444180113899,0.00674974242327976,0.000264540603252881,15.1670129837203,0,0.000117146750257685
0,0,0,0,0,0,0,0,0,0,0,0,0,0,0.00772992656802002,0,0,0,0,0,0,0.0027122792015391,0,0,0,0,0,0,0,0,0,0,0,0,0.0237922671458369,0.0152653483070701,0,0.000132897208774411,0.000370279055619501,0.000652658461423116,0,0,22.2189678199263,4.99331071597088,4.65809699649095,0,1.48235052202276,3.78972089123938,0.940009069417659,0,0.0589676138671687,0.197426221631357,0,0,0.0627791834655552,0.000133413037096412,0.0366347725266848,0,0,0.993942706073053,0,0.0688467195141129,0.00116798236661006,0.569156420226558,0.00447789782471372,0.524224343402403,0,0.196011393165278,0,0.108598578724201,0.0776354025728386,0.191008420971568,0,0.127453159312648,0.170454069866521,0.0286754617801235,0,0.005255144105978,0.0102108567519137,0,0.00207434231178472,0.00189666515521081,3.59099423058943,0.0111785546925235,0.014941382856764,33.1796576402824,0.000998996902547705,0.00735509960963598
0,0,0,0,0.000765735358892315,0,0,0,0,0,0,0,0,0,0.0514065541449775,0,0,0,0,0,0,0,0,0,0,0,0,0,0,0,0,0,0,0,0.0332489698702542,0.0219836605353863,0,0,0,0.000814292261129341,0,0,17.4132339209891,1.00614899001764,4.51578662716715,1.48235052202276,0,2.10730615058048,0.00318754022882608,0.5039402534385,0.000245058004491896,0.00177267811456728,0,15.9013145913245,22.9784307603894,0.0399160959640146,0.444687657887716,1.9537296487588,0.00374997195098897,0.00086084190964235,2.58070787820198,0,0.199810114275104,65.8881030121254,0.0279383132905518,0.00138407750465595,0,0.000392984058377446,0.0205823772860383,0.00269294087617825,0.0270047138022112,0.0103418295156225,2.59509891218605,0,0.00080926756353895,0.00176743480183484,0.0128354659703754,0.541184617434596,0.158353343534771,0,0.039572020958899,0.385613990767967,4.55262974030563,0.0362276557465903,0.0162513803568093,13.0302178745815,0.00119315780848071,0.00126875121850159
0,0,0,0,0,0,0,0,0,0,0,0,0,0,0.00566877601899887,0,0,0,0,0,0,0,0,0,0,0,0,0,0,0,0,0,0,0,0.0108116070817964,0.00614250516718044,0,0,0,0.000650713801465928,0,0,3.95632863923744,0.188703523388906,5.72625166574651,3.78972089123938,2.10730615058048,0,0.0926247741802176,0,0,0.00347486157120999,0,17.7777597251761,4.715239488895,0,2.80699926431359,0,0,0.0121136220560482,0,0,0.0739744275043679,0.57355946727775,4.28747315212846e-05,0.00575304156952669,0,0.000357491061271144,0,0.000465637364169583,0,0.00145468607864768,0,0,0.00101073064840567,0.000385642352511768,0,0.215116248618534,0.000729109315597269,0,3.54492818319148,0,3.41401380444701,0.00655884229138106,0.00879559275215626,5.70118169494371,0.000469794110805964,0.00281835164237501
0,0.00479440729286504,0,0,0,0,0,0,0,0,0.00117254628704169,0,0,0,0.00057920872378165,0,0,0,0,0,0,0,0,0,3.48933155931984,0,0,0,0,0,0,0,0,0.00697246139484874,0.000181640563409979,0.042244331173708,0.0047893998058484,0.00120781635236703,0,0.000948721040675483,0,0,1.19933526676542,5.59989921800071,1.51414245065848,0.940009069417659,0.00318754022882608,0.0926247741802176,0,0,0.00321829041163135,0.00649833280284766,0,0,0,0,0,0,0,4.19483851303991,0,13.2108295343517,0,0.00104241249097831,0.00110544194772046,0.0459617597534237,0,0.0427186217031999,0,0.00909228518446139,0.00217124284986256,0.021160069886787,0,14.1954472770959,0.019271307781191,0.00166580283113761,0,0,0.00102847470138159,0,0,0,0.971236209964325,0.000284365075754421,0.00171439756376734,0.990099481744458,0,0
0,0,0,0,0,0,0,0,0,0,0,0,0,0,0,0,0,0,0,0,0,0,0,0,0,0,0,0,0,0,0,0,0,0,0,0,0,0,0,0,0,0,0.184992896799929,0.102507462193064,0.0100273119929648,0,0.5039402534385,0,0,0,0,0,0,0,1.45727353250093,3.57175883177599,2.70565229177369,0.00209963154499886,0.00524362470332063,0,0.000977471537413854,0,13.004920824617,0.040031469189751,0.0578529608959585,0,0,0,0,0.00240690160789771,0.00703457658207555,0.0188581301807199,0.0256475982662474,0,0,0.000998263159035567,0.0241116070591842,37.6587866391758,3.66064684702616,0,0,3.26193111375602,0.419378513830245,0,0,0.0700564043018293,0,0
0,0.0611951262679984,0,0,0,0,0,0,0.00188699783639376,0,0,0,0,0,0,0,0,0,0,0,0,0.165280476154338,0,0,0,0,0,0,0,0,0,0,0,0,0,0,0,0,0,0,0,0,0.146384308937822,0.723043162960748,0.0798870679346188,0.0589676138671687,0.000245058004491896,0,0.00321829041163135,0,0,1.71696470448875,0,0,0,0,0,0.00218041355544657,0,0.100881751435591,0,0.0115447885354515,0,0,0.0285374244951919,0.143581036655923,0,0.208152222249658,0,0.0221853760927456,15.7477746830162,0.0428103435902387,0,5.8851930840095,0.646652712713924,1.08229076198348,0,0,0.0218035971175663,0,0,0,0.116527763737762,0,0,0.156841430348867,0,0
0,0,0,0,0,0,0,0,0,0,0,0,0,0,7.74266911392663e-05,0,0,0,0,0,0,0.0155165379079652,0,0,0,0,0,0,0,0,0,0,0,0,0.000143190262950868,0,0,0,0,0,0,0,1.32331089610259,5.83081891274231,0.458598894052594,0.197426221631357,0.00177267811456728,0.00347486157120999,0.00649833280284766,0,1.71696470448875,0,0,0,0,0.0165798091578556,0,0.00481367726936528,0,0.209640041913635,0,0.014360460239672,0,0.00016817896951998,1.08542089791468,0.303612395089286,0.00230252106199715,0.306109663006824,0,0.532524233695904,4.19198728821556,5.59206767375785,0.00105740404161584,0.0449706656592738,4.31229167973999,4.86347514562578,0.00702303476633361,0.00202322346243721,0.864621461252908,0,0,0.00281957737750652,1.81506057633875,7.80357474923488e-05,0,0.877517259315077,0,0
0,0,0,0.538853824330656,0,0,0,0,0,0,0,0,0,0,0,0,0,0,0,0,0,0,0,0,0,0,0,0,0,0,0,0,0,0,0,0,0,0,0,0,0,0,0,0,0,0,0,0,0,0,0,0,0,0,0.0162241923457278,0.323018591950814,0.00232844471458461,0,19.0058432369905,0,0.151813749163534,0,0,0,0.00569567273119155,0,0,0,47.1892175145376,0.00105160978984106,0.00359955501846811,0,3.46163115471172,0,0,0,4.53067428971479,0,0.00135235077611781,0,0,0,0,0,0,0,0,0
0,0,0,0,0,0,0,0,0,0,0,0,0,0,0,0,0,0,0,0,0,0,0,0,0,0,0,0,0,0,0,0,0,0,0,0,0,0,0,0,0,0,0,0,0.0277332369847843,0,15.9013145913245,17.7777597251761,0,0,0,0,0,0,7.07092785658261,0,1.49607542367655,0,0,0,0,0,0.0330252233075887,3.3009973508363,0,0,0,0,0,0,0,0,0,0,0,0,0,0.0441576528113186,0,0,3.87633711841869,0,0.470382207051053,0,0,0,0,0
0,0,0,0,0,0,0,0,0,0,0,0,0,0,0,0,0,0,0,0,0,0,0,0,0,0,0,0,0,0,0,0,0,0,3.20540886066117e-05,0,0,0,0,0,0,0,0.271728669562871,0.128926124148948,0.642961523289411,0.0627791834655552,22.9784307603894,4.715239488895,0,1.45727353250093,0,0,0.0162241923457278,7.07092785658261,0,1.3822847296292,6.56760339167927,0.00309509497963618,10.4829400310312,0,11.3963263773289,0,2.19970088493702,3.61460354130464,0.0596566081012856,0,0,0,1.14728147689212,0.0020137697294402,0.00617679013169048,0.0155767972926424,0.405048845237907,0,0,0,0.121325078892091,1.31608986059539,0.100130790774708,0,1.0619790593341,1.46222468733404,3.60404450560425,0,0,0.121022840795063,0,0
0,0,0,0,0,0,0,0,0,0,0,0,0,0,0,0,0,0,0,0,0,0,0,0,0,0,0,0,0,0,0,0,0,0,0,0,0,0,0,0,0,0,0.0181636001255472,0.0678694141859963,0.000495447950555735,0.000133413037096412,0.0399160959640146,0,0,3.57175883177599,0,0.0165798091578556,0.323018591950814,0,1.3822847296292,0,2.31200738013904,0.0236320011333687,9.83274947877958,0,0.700279221697183,0,1.04549764177305,0.00144487243943769,1.36058957880259,0.000244807385955392,0,0,1.471114713239,0.035557285768636,0.135913635148202,0.30803356889535,4.00736297745469,0,0.00130967077598951,0.00979059100205776,11.9613614114431,0.487530272886369,11.7722890439243,0,0,0.0127127870523377,0.0405965632038479,2.03155547121481e-05,0,0.00718355892532218,0,0
0,0,0,0,0,0,0,0,0,0,0,0,0,0,0,0,0,0,0,0,0,0,0,0,0,0,0,0,0,0,0,0,0,0,0,0,0,0,0,0,0,0,0.0316603603016975,0.0299705157425245,0.516943866692014,0.0366347725266848,0.444687657887716,2.80699926431359,0,2.70565229177369,0,0,0.00232844471458461,1.49607542367655,6.56760339167927,2.31200738013904,0,0.00020274596257126,0.632578001062821,0,0.265856430049739,0,24.4037956005849,0.0130364287295248,0.072928291408776,0,0,0,0.00942544755615069,0.00124118976765329,0.00635640369905466,0.0318347673895536,0.0774931925012916,0,0,0.00087292603575647,0.062654929244608,10.2212177777207,0.0904289679901157,0,6.13520528220245,0.281300663968917,4.97290786833596,0,0,0.00569963016533134,0,0
0,0,0,0,0,0,0,0,0.00211565592326224,0,0,0,0,0,0,0,0,0,0,0,0,0,0,0,0,0,0,0,0,0,0,0,0,0,0,0,0,0,0,0,0,0,5.07535261851253,0.00168432541713573,0.000216748443942674,0,1.9537296487588,0,0,0.00209963154499886,0.00218041355544657,0.00481367726936528,0,0,0.00309509497963618,0.0236320011333687,0.00020274596257126,0,0.00163824176372558,0,1.71573182450633,0,0,0.881787946618967,0.0518727844253927,0.00130350052371142,0,0,0.00751887144423467,0,13.8254983340662,0.000883176723120185,15.0793224732883,0,0.000338151584506645,0,0.0957377542464549,0,0,0,0,0,0,0,0,0.00359414084383378,0,0
