0,0,0.000428289723257626,0,0.047914504188045,9.2025575639424,3.43828172322312,5.14938134676365,0.00770002709250629,0.0273085187922865,0,0.0603206503940762,0,14.4983265221138,0.786444189197502,0.000763408724039405,0,0,0,0,0,0.00334009194803121,0.00208148731141185,0.0185322929821656,0,0,0.000465076167217693,0.0208690978306082,27.0433695901672,0.461517962585267,0,0,1.22824951579341,0.168390593179322,0,0.122682686887051,0.0624953256173361,0.0940227854445211,0.018399477509676,16.98962727059,0.0488840283243298,0,0.000591152670866901,0,0,0,0,0,0,0,0,0,0,0,0,0,0,0,0,0,0,0,0,0,0,0,0,0,0,0,0,0,0,0,0,0,0,0,0,0,0,0,0,0,0.119599684635036,0,0.00788934077537234,0
0,0,4.47036195175235,0,0,0.000300725115172824,0.0022658025372982,0,0.912877776370293,0,2.46787303665517,0,0.571002757874024,0,0,0.0482133248945789,0.141015732090864,0.0158539117957123,0.315744964943568,0,0.0177204722057236,7.28826317773106,0.335061705465667,0.0339399985106807,8.43251240165224,1.71969346962121,4.24302020145169,0.0144912928334092,0,0.0137669294403348,0.00241175088217638,0,0,0.672503180147172,0,1.00097708842948,1.56092500270625,0.658970214624888,0.104959770984651,0.0273768278650836,0.00175658412083371,0.0196451159277493,0.065688002892836,0.0438015109029003,0,0,0,0,0.00264167194749113,0,0.308624011001903,0,0,0,0,0,0,0.0380915421858672,0,0.000743766892317109,0,0.00373382787137878,0,0,0.00244617663332269,0,0,0,0,0,0.288163514577829,0,0,0.211926462345115,0,0.000878243334408123,0,0,0,0,0,0,0,0,0.79088326610026,0.00134433814390443,0.0235717552579058,0
0.000428289723257626,4.47036195175235,0,0,0,0.00540425888122134,0.060237567251156,0.000315053305593709,0.829989040428892,0.000601222796297074,0.44994633211102,0.00326324601182196,0.0726614533048915,0,0,0.44218998499822,0.832825803030549,0.00228464257166562,0.352939682506256,0,0.118573079527489,4.95090988799193,4.71678947310619,0.277019341905824,0.373411527074988,14.0501252581392,7.85459447391509,0.120869993273546,0.00957724068625354,0.18006565630814,0,0,0.00557226623744418,1.90893380609511,0,4.84327971475687,2.33246197540501,1.69964572071151,0.35044702528205,0.115903722086719,0.0144738091534793,0.021804264912744,0.133633193485542,0.00775203071448987,0,6.53464985772415e-05,0,0,0,0,0.00169002102186078,0,0,0,0,0,0,0,0,0.000805908599836438,0,0,0,0,0,0,0,0,0,0,0,0,0,0.0112345809977784,0,0,0,0,0,0,0,0,0,0,2.84902174081004,0.00260156371038564,0.111887831197594,0
0,0,0,0,0,0.0593991575952506,0.134849348301998,0,0.00344108886600767,8.7183958128567,0,0.944531871744587,0,0,0,0,0,0,0,76.4303578932085,0.00179820218205061,0,0,0.994303846050652,0,0,0,14.2172740831858,0,0.00305562852372694,0,0,0,0,0,0,0,0,0,0,0,0,0,0,0,0,0,0,0,0,0,0,0,0,0,0,0,0,0,0,0,0,0,0,0,0,0,0,0,0,0,0,0,0,0,0,0,0,0,0,0,0,0,0,0,0,0,0
0.047914504188045,0,0,0,0,4.4826693873525,0,1.8861696446447,0,0,0,0,0.00121882549532405,0.792683466924003,4.15839471260684,0,0,0,0,0,0,0,0,0,0,0,0,0,3.43585122091949,0,0,2.92238188161564,0.0972563783987206,1.54150554685336,0.00865281505384055,0.41964991028817,0.111972854148894,0.159727455501923,0.0026988294942501,36.9506399434293,13.613519182566,0.000343314527595368,0.232949136276551,0.0256028662259656,0.00100659435616204,0.00443206610040703,0.00533083941169522,0.000756407744457954,8.22620135097867e-05,0,0,0,0,0,0.000131881740762041,0,0,0,0,0.000596963587822917,0,0,0,0.000732524227288478,0,0,0,0,0,0,0,1.99733290324463e-05,0,0,0,1.16325278175643e-05,0,0,0,0,0,0,0.000863783885732356,0.00346273618163532,0.478731331749906,0.422145562168871,0.0096308363369115,0.00167910431270079
9.2025575639424,0.000300725115172824,0.00540425888122134,0.0593991575952506,4.4826693873525,0,7.73087423245336,12.3982721920312,0.0527437701850998,9.66195044937655,0,7.99134628343892,0,4.79632022620727,4.03393745824131,0.00162842469333695,0.000986827294001125,0,0,2.3499951301411,0.010096310198321,0.00774587095989047,0.0102624346861669,1.72197668904255,0,0.000168271636068424,0.000932495707754872,0.864811568943412,4.86557634611975,0.215233719384086,0,1.48258120509046,0.88687366028972,1.05772846742461,0,0.0599349604344073,0.0234236274812861,0.249233653185422,0.00181503299695092,8.02400224572385,0.814778255870516,0,0,0,0,0,0,0,0,0,0,0,0,0,0,0,0,0,0,0,0,0,0,0,0,0,0,0,0,0,0,0,0,0,0,0,0,0,0,0,0,0,0,0,0.0269330779601132,0,0.00317215532978259,0
3.43828172322312,0.0022658025372982,0.060237567251156,0.134849348301998,0,7.73087423245336,0,0.624198552550102,0.478125209161292,9.6876846365758,0.00115638080739219,0.732843250623346,0.000568017888839065,0.350470853315165,0.159911389255746,0.0727379793482617,0.0103868450909252,3.14062138692148e-05,0.00119452987698705,2.11037817709766,0.14930894599625,0.0905841718108009,0.197876654024054,7.86915786555123,0.000437715299458851,0.00592105088822162,0.00903165859024034,7.51863504612668,1.9452466082675,20.0033426983606,0,0,0.0530457827692375,0.363473914556695,0,0.789394214372796,0.286880641374844,0.0562223024555571,0.0105661467142615,1.93675762792635,0.00148694921256424,3.54144424987071e-05,0.00592743576465654,0,0,0,0,0,0,0,0,0,0,0,0,0,0,0,0,0,0,0,0,0,0,0,0,0,0,0,0,0,0,0,0,0,0,0,0,0,0,0,0,0,0.356924675515283,0.000218041799603694,0.0196204957829738,0
5.14938134676365,0,0.000315053305593709,0,1.8861696446447,12.3982721920312,0.624198552550102,0,0,3.46619053094217,0,0.141775889342324,0,20.9200966418485,0.208107947512637,0,0,0,0,0,0,0,0,0.00307481711620023,0,0,0,0,5.73059369223389,0.0023813341656202,0,2.87939675485804,0.163038485439609,0.369984715901192,0,0.000734482045080419,0,0.0657324652051667,0,0.459907924965394,0.571953097878158,0,0,0,0,0,0,0,0,0,0,0,0,0,0,0,0,0,0,0,0,0,0,0,0,0,0,0,0,0,0,0,0,0,0,0,0,0,0,0,0,0,0,0,0.000213300290759716,0,0,0
0.00770002709250629,0.912877776370293,0.829989040428892,0.00344108886600767,0,0.0527437701850998,0.478125209161292,0,0,0.00867102346925774,0.508926484553079,1.50219200924585,0.454619466210025,0,0.503984179626644,0.388776246733588,0.0102549939378852,0.00162908240677329,0.0203182448511893,0.00965556578821173,0.321570804216099,9.18106908427925,0.828383868543784,7.09170560922125,0.884950082475606,0.0492443002542831,0.163018838059127,1.08720794231156,0.0288109658101848,0.664547840055362,0,0,0.0282852540409242,0.33417264437544,8.77825055726411e-05,24.4447324278659,6.49233375575159,0.234938112019793,0.0973890202681363,5.16001773568051,0.00372547343093546,0.0169459218276116,0.660348390561747,0.138816719597059,0.0107006367807148,0.0208678758797737,0,0,0,0,1.348518892385,0.0470373361340244,0,0,0,0,0,0.0405147892309676,0,0.00918071050224899,0,0.00088623638523434,0,0,0.00442945459550348,0.0327148067108336,0.000104427141986695,0.021819120571216,0,0.000922197324545338,0.171163089824176,0.00998301889704643,0,0.16936605971479,0.124711582388741,0.235973805626889,0.000334678992180929,0,0.00184290658331598,0,0,0,0.0141658190956283,0,13.3795410031407,0.0527933320329147,0.320000820357044,0
0.0273085187922865,0,0.000601222796297074,8.7183958128567,0,9.66195044937655,9.6876846365758,3.46619053094217,0.00867102346925774,0,0,10.1007019625842,0,0.0610619342816843,0.0417718656766773,0.00126726042818208,0.000561962118854613,0,0,12.5158331351582,0.00147443486004886,0.00103547681589126,0.00429771230395184,1.1706079798428,0,0.000353858568898153,0.000250963153857718,1.09131967261447,0.00113202006699865,0.0511871311641873,0,0,0.000723007187747038,0.0019648536491164,0,0.00675314621383115,0.00909696031686436,0,5.0792002538172e-05,0.0578161515627484,0,0,0,0,0,0,0,0,0,0,0,0,0,0,0,0,0,0,0,0,0,0,0,0,0,0,0,0,0,0,0,0,0,0,0,0,0,0,0,0,0,0,0,0,0.00119509871221539,0,0,0
0,2.46787303665517,0.44994633211102,0,0,0,0.00115638080739219,0,0.508926484553079,0,0,0,12.5217618233691,0,0,0.00101055648250662,0.196365654740731,7.40826698264463,7.34577274112459,0,0.00478362116928198,1.84345847308543,0.0226812286216005,0.00307177382147515,1.32274122132289,9.55279293441519,2.92197300647388,0.0018678417328546,0.000436471266233807,0.00589383463452542,1.89532214667917,0,0,5.16999287158354,0,0.75509388625066,11.80745086066,5.00603747054272,0.434101943860052,0.0220424720049797,0.0104792716471618,1.19440923740999,0.0248390041804743,0.00525139776981296,0,0,0,0,0,0,0,0,0,0,0,0,0,0.00291522012536042,0,0,0,0.000466455963125462,0,0,0,0,0,0,0,0,0,0,0,0.00826289588499902,0,0,0,0,0,0,0,0,0,0,0.333680954064696,0.00144935766000769,0.00773193056412561,0
0.0603206503940762,0,0.00326324601182196,0.944531871744587,0,7.99134628343892,0.732843250623346,0.141775889342324,1.50219200924585,10.1007019625842,0,0,0,0.0284705426635473,5.00483266642256,0.000794434871788962,0,0,0,50.8336811182815,0.0017922105503719,0.000456621863304555,0.00201426974797587,0.254664244626807,0,3.01214091857427e-05,0,2.58720648739913,0.000398970640827028,0.0155522709513806,0,0,0.00182962590617237,0.0176344359061933,0,0.768672275397943,0.181870429908049,0.00431594490047294,0.00201326137195277,6.45257078948673,0,0,0.00221714328385451,0,0,0,0,0,0,0,0,0,0,0,0,0,0,0,0,0,0,0,0,0,0,0,0,0,0,0,0,0,0,0,0,0,0,0,0,0,0,0,0,0,0.755479186215007,0,0.0215643435424549,0
0,0.571002757874024,0.0726614533048915,0,0.00121882549532405,0,0.000568017888839065,0,0.454619466210025,0,12.5217618233691,0,0,0,0.00041517751148611,0.000865945815272967,0.0108886476072459,8.11711266761111e-05,0.101245567634686,0,0.000938715643248027,0.500010230458651,0.00308836712280313,0.000430880354263755,13.4527034635014,3.87770241161289,2.16921460035863,0.000442092108252773,0,0,10.0403554724699,0,0.000467112901473513,0.214377521594197,0.000340814205384214,4.42290328494916,18.0395946688123,0.819828199874316,0.502056673029208,0.039759862499529,0.792292571655089,6.47552966302516,0.633212861879795,0.403342019630922,0.0126617354435006,0.0616579967796394,0.0014740485716557,0,0.302577574167117,0,0,0.000895995291174095,0,0,0.000307673230047066,0,0,0.00294918975963027,0,0.0109862771815139,0,0.107749763000204,0,0,0,0.000623716113333887,0,0.000338843087282104,0,8.10903266991615e-05,0.00419508968728943,0.0013841595988619,0,0.286961251274408,0.000302845974652468,0.000657362954929075,0,0,0,0,0,0,0.00228676539892093,8.53172546059286e-05,2.25024326470998,0.126004782681136,0.0218958545716488,0
14.4983265221138,0,0,0,0.792683466924003,4.79632022620727,0.350470853315165,20.9200966418485,0,0.0610619342816843,0,0.0284705426635473,0,0,0.113202298189056,0,0,0,0,0,0,0,0,0,0,0,0,4.99474762670517e-05,9.9904873191794,0.000390556565010127,0,0.301054264197987,0.0847129280703702,0.117183857048434,0,0.000131185778730085,0.000810414820968816,0.0237874555034219,0,0.529012153371424,0.191984666470635,0,0,0,0,0,0,0,0,0,0,0,0,0,0,0,0,0,0,0,0,0,0,0,0,0,0,0,0,0,0,0,0,0,0,0,0,0,0,0,0,0,0,0,0,0,0,0
0.786444189197502,0,0,0,4.15839471260684,4.03393745824131,0.159911389255746,0.208107947512637,0.503984179626644,0.0417718656766773,0,5.00483266642256,0.00041517751148611,0.113202298189056,0,0,0,0,8.46255379661764e-05,0,0,4.12433807364821e-05,0,0.00127614535921888,0.000209577792300063,0,2.55451816249148e-05,0.00207156427577135,0.239483157464398,0.00118038065103693,0,0,0.199546091058485,0.433891889637921,0.0958024715083397,2.5105709105403,0.644900794581142,0.0369517051480807,0.0362940669432413,78.0930996954302,0.0636122960828073,0.00177188910570231,0.815584608442498,0.0980878478700593,0.00417319292372911,0.0132231271947826,0.0183512964560693,0.00641519725255639,0.000953335031100783,0,0,1.8954408154873e-05,0,0,0,0,0,0,0,0.000243339197776953,0,0,0,0.00597685376129844,0,0,0,0,0,6.48431875276455e-05,0,7.96757945809926e-05,0,0,1.08418881811642e-05,6.41701496039982e-06,0,0,0,0,0,0,0.00139608498657775,0.00773187444955799,4.15135063380019,1.77269095343252,0.0840343209506551,0.0130354641006596
0.000763408724039405,0.0482133248945789,0.44218998499822,0,0,0.00162842469333695,0.0727379793482617,0,0.388776246733588,0.00126726042818208,0.00101055648250662,0.000794434871788962,0.000865945815272967,0,0,0,0.0066975760454301,0,0.00259026990461004,0,15.9804437826649,1.48070466992354,34.9784207540487,0.847608601937342,0,0.00728053831868314,5.66804681894935,7.7993016725725,0.0242493455503825,0.311721760930333,0,0,0.00331520640905858,0.724139856166811,0,1.53563474215686,0.4729884388918,0.0535014035837764,0.0187151415706894,0.0275243462426809,0.0012520086440293,0.00192899406428069,0.0155517263307548,0,0,0,0,0,0,0,0,0,0,0,0,0,0,0,0,0,0,0,0,0,0,0,0,0,0,0,0,0,0,0,0,0,0,0,0,0,0,0,0,0,1.13086614866266,0.000470506885847006,0.0649154575558077,0
0,0.141015732090864,0.832825803030549,0,0,0.000986827294001125,0.0103868450909252,0,0.0102549939378852,0.000561962118854613,0.196365654740731,0,0.0108886476072459,0,0,0.0066975760454301,0,0.0133971065033808,9.48090786564424,0,1.63084624714857,0.0498933345668557,8.62008817925687,0.000482013236130972,0.023768496356602,6.41510947791255,0.143080807463563,0.00495090519384659,0.0015417629023977,0.397462483385265,0,0,0,0.740578537930336,0,0.240033626080692,0.0805279722395449,0.149916865085661,0.027504541171759,0.00477703515823384,0,0.00181867729407661,0.00480058600832452,0,0,0,0,0,0,0,0,0,0,0,0,0,0,0,0,0,0,0,0,0,0,0,0,0,0,0,0,0,0,0.00118532550586387,0,0,0,0,0,0,0,0,0,0,0.147054833444769,0,0.00345548843947272,0
0,0.0158539117957123,0.00228464257166562,0,0,0,3.14062138692148e-05,0,0.00162908240677329,0,7.40826698264463,0,8.11711266761111e-05,0,0,0,0.0133971065033808,0,6.99419248720163,0,0,0.00678640061793057,0.000105276088870107,0,0,2.61576131559095,0.0134617854408566,0,0,0,0,0,0,0.00812192208972548,0,0.00866109782708722,0.0112513457674669,0.00766640669113688,0.00217005404180584,0.000133970491769447,0,0,0.00015564349724819,0,0,0,0,0,0,0,0,0,0,0,0,0,0,0,0,0,0,0,0,0,0,0,0,0,0,0,0,0,0,0,0,0,0,0,0,0,0,0,0,0,0.00366592269309077,0,0,0
0,0.315744964943568,0.352939682506256,0,0,0,0.00119452987698705,0,0.0203182448511893,0,7.34577274112459,0,0.101245567634686,0,8.46255379661764e-05,0.00259026990461004,9.48090786564424,6.99419248720163,0,0,0.0633628487570823,0.197044906951743,0.205649684358004,0.00145773815764165,0.0695459258532115,9.90239089809496,0.378606626213697,0.00396026516536337,0,0.0314560319651341,0.00824149446832521,0,0,0.387829813585156,0,0.345044928168589,0.212875546344906,0.362763269711771,0.0363101679999477,0.00792644692863556,0.000635190028742197,0.00267259759894211,0.012857441034392,0.00163239810568309,0,0,0,0,0,0,0,0,0,0,0,0,0,0,0,0,0,0,0,0,0,0,0,0,0,0,0,0,0,0.00148676900103173,0,0,0,0,0,0,0,0,0,0,0.21241423347619,0.000154466603989973,0.00403599207283604,0
0,0,0,76.4303578932085,0,2.3499951301411,2.11037817709766,0,0.00965556578821173,12.5158331351582,0,50.8336811182815,0,0,0,0,0,0,0,0,0,0.00182451259259211,0.00031487705718055,3.41157173866878,0,0,0,9.83456683622374,0,0.0141121075892903,0,0,0,0.000704144977837114,0,0.00501840570264566,0.00223934631638851,0,0,0.00405416377596855,0,0,0,0,0,0,0,0,0,0,0,0,0.799360884725756,0,0,0,0,0,0.015403421267027,0,0,0,0,0,0,0,0,0,0.717282766819052,0,0,0,0.00192379094951636,0,0,0,0,0,0,0,0,0,0,0,0.0014532507464114,0,0,0
0,0.0177204722057236,0.118573079527489,0.00179820218205061,0,0.010096310198321,0.14930894599625,0,0.321570804216099,0.00147443486004886,0.00478362116928198,0.0017922105503719,0.000938715643248027,0,0,15.9804437826649,1.63084624714857,0,0.0633628487570823,0,0,0.537741246865314,9.59833596703535,0.493452543016506,0.00141131529574082,0.039306444631961,0.0293171432969996,5.6764537286971,0.0213806304248494,16.6417937401646,0,0,5.13717785448863e-05,1.31593585876182,0,0.36589613088923,0.159844774291529,0.0221136500766478,0.0074507645031738,0.00813304984097209,0,0.000606542029614199,0.0095406612857289,0,0,0,0,0,0,0,0,0,0,0,0,0,0,0,0,0,0,0,0,0,0,0,0,0,0,0,0,0,0,0,0,0,0,0,0,0,0,0,0,0,0.173329172865409,0.000506542454841524,0.00905436805672908,0
0.00334009194803121,7.28826317773106,4.95090988799193,0,0,0.00774587095989047,0.0905841718108009,0,9.18106908427925,0.00103547681589126,1.84345847308543,0.000456621863304555,0.500010230458651,0,4.12433807364821e-05,1.48070466992354,0.0498933345668557,0.00678640061793057,0.197044906951743,0.00182451259259211,0.537741246865314,0,6.25118474449866,3.34646432945329,0.875049170652064,0.375536355704173,2.21832539759397,1.79750374436282,0.0071930172224432,0.260891530455258,0.00200820724188306,0,0.000389688903237073,1.277661139596,1.66805844588784e-05,6.41625400465434,6.15726096008221,1.28824009402782,0.213796458298786,0.16702005979266,0.00122369242066368,0.0394304106844175,0.211663564821396,0.0425777126433922,0.00150595307075868,0.00434370599819278,0,0,0,0,1.37258217831741,0.0112207817938342,0,0,0,0,0,0.000732759823808063,0,0.00260346284445316,0,0.00128350905281543,0,0,0,0.00651710329995794,0,0.00814765364570853,0,0.000537364461555952,0.0945664926266818,0.00358188109610879,0,0.0263071108172146,0.0424012445096333,0.0962544670219548,0,0,0,0,0,0,0.0134968748398579,0,4.54697639443558,0.0198143936764056,0.138433760488014,0
0.00208148731141185,0.335061705465667,4.71678947310619,0,0,0.0102624346861669,0.197876654024054,0,0.828383868543784,0.00429771230395184,0.0226812286216005,0.00201426974797587,0.00308836712280313,0,0,34.9784207540487,8.62008817925687,0.000105276088870107,0.205649684358004,0.00031487705718055,9.59833596703535,6.25118474449866,0,0.547589944051297,0.00389050864885927,0.178022509029469,6.76632306451056,1.17529230432181,0.0408734498815272,2.97749995203985,0,0,0.00445921232565085,4.03449872608155,0,3.31923298279383,1.10897869358057,0.369256275474661,0.0700931183282721,0.0491843107515341,0.00265316933490389,0.00469133967021371,0.0500893545090436,7.61703560823099e-05,0,0,0,0,0,0,0,0,0,0,0,0,0,0,0,0,0,0,0,0,0,0,0,0,0,0,0,0,0,0.000607254866123876,0,0,0,0,0,0,0,0,0,0,1.44922364944197,0.00107476107291635,0.0742718332661494,0
0.0185322929821656,0.0339399985106807,0.277019341905824,0.994303846050652,0,1.72197668904255,7.86915786555123,0.00307481711620023,7.09170560922125,1.1706079798428,0.00307177382147515,0.254664244626807,0.000430880354263755,0,0.00127614535921888,0.847608601937342,0.000482013236130972,0,0.00145773815764165,3.41157173866878,0.493452543016506,3.34646432945329,0.547589944051297,0,0.000976030883460886,0.0104680281168546,0.0368794809337235,65.7168947631831,0.0582163733914013,1.8130491665441,0,0,0.0115197418734848,0.256508527759145,0,0.549160226437549,0.413555569501984,0.0247429401556036,0.00599851744540686,0.0330819421352981,0,0.000114809537990718,0.0145113674709002,0,0,0,0,0,0,0,0,0,0,0,0,0,0,0,0,0,0,0,0,0,0,0,0,0,0,0,0,0,0,0.000144427063501179,0,0,0,0,0,0,0,0,0,0,0.256235542004844,0,0.0116566367379077,0
0,8.43251240165224,0.373411527074988,0,0,0,0.000437715299458851,0,0.884950082475606,0,1.32274122132289,0,13.4527034635014,0,0.000209577792300063,0,0.023768496356602,0,0.0695459258532115,0,0.00141131529574082,0.875049170652064,0.00389050864885927,0.000976030883460886,0,0.94787397027736,1.768203691278,0.000536109447848902,0,0.00217921862238101,0.00283455069809049,0,0,0.097044602620456,0,0.299182597163119,17.9416951784493,0.140521305737993,0.160768292121681,0.0106927255899353,0.00267102153142085,4.96435579178891,0.0169223296529139,0.254517358425433,0.000253037271149371,0.00258953616339325,0,0,0.0790192495279538,0,0,0,0,0,0,0,0,0.0215724014683979,0,0.00202671362059677,0,0.0504119562036234,0,0,0,0,0,0,0,0,0.012175894817485,0,0,1.15391501932253,0,5.19324193540109e-05,0,0,0,0,0,0,0,0,0.20871107940604,0.00292941282789658,0.00432178886861111,0
0,1.71969346962121,14.0501252581392,0,0,0.000168271636068424,0.00592105088822162,0,0.0492443002542831,0.000353858568898153,9.55279293441519,3.01214091857427e-05,3.87770241161289,0,0,0.00728053831868314,6.41510947791255,2.61576131559095,9.90239089809496,0,0.039306444631961,0.375536355704173,0.178022509029469,0.0104680281168546,0.94787397027736,0,16.2505858079283,0.00987671053408625,0.00109169697220297,0.0445861873972445,1.01922123989951,0,0,0.750943121989484,0,0.676857179383242,0.593576349824844,0.57233663378779,0.0502205934665161,0.0148595321577454,0.000980677455066012,0.00408416286259671,0.0212339953402247,0.00831745756002565,0,2.54625410040978e-05,0,0,0.00166387490701577,0,0,0,0,0,0,0,0,0,0,0,0,0.00118688763817535,0,0,0,0,0,0,0,0,0,0,0,0.0134516386223352,0,0,0,0,0,0,0,0,0,0,0.271063124540408,0.000374555531392519,0.0131130475718174,0
0.000465076167217693,4.24302020145169,7.85459447391509,0,0,0.000932495707754872,0.00903165859024034,0,0.163018838059127,0.000250963153857718,2.92197300647388,0,2.16921460035863,0,2.55451816249148e-05,5.66804681894935,0.143080807463563,0.0134617854408566,0.378606626213697,0,0.0293171432969996,2.21832539759397,6.76632306451056,0.0368794809337235,1.768203691278,16.2505858079283,0,0.0213749902899132,0.00161401147754532,0.0224860410783231,0.707878399337575,0,0.000117199666369548,0.343524821951603,0,0.654720064078817,0.674348724777414,0.267007162894862,0.0272426283884099,0.0142071256283837,0.00044654789690282,0.00694460021600542,0.0192837595036294,0.00973425800050637,0,0,0,0,0.000978833143971156,0,0,0,0,0,0,0,0,0.000262266436045294,0,0,0,0.00314973981922521,0,0,0,0,0,0,0,0,0,0,0,0.0332922190134021,0,0,0,0,0,0,0,0,0,0,0.232162709177985,0.000462419439759179,0.00646439974026324,0
0.0208690978306082,0.0144912928334092,0.120869993273546,14.2172740831858,0,0.864811568943412,7.51863504612668,0,1.08720794231156,1.09131967261447,0.0018678417328546,2.58720648739913,0.000442092108252773,4.99474762670517e-05,0.00207156427577135,7.7993016725725,0.00495090519384659,0,0.00396026516536337,9.83456683622374,5.6764537286971,1.79750374436282,1.17529230432181,65.7168947631831,0.000536109447848902,0.00987671053408625,0.0213749902899132,0,0.103551164294807,1.46430226587401,0,0,0.00317848761768544,0.316711340339337,0,0.382282147119045,0.214502186067016,0.0186738439048706,0.00214282292024365,0.0652219856787072,0,0.000237029681130096,0.00439761421173464,0,0,0,0,0,0,0,0,0,0,0,0,0,0,0,0,0,0,0,0,0,0,0,0,0,0,0,0,0,0,0,0,0,0,0,0,0,0,0,0,0,0.136975562578609,5.39883391051286e-05,0.0132858226599127,0
27.0433695901672,0,0.00957724068625354,0,3.43585122091949,4.86557634611975,1.9452466082675,5.73059369223389,0.0288109658101848,0.00113202006699865,0.000436471266233807,0.000398970640827028,0,9.9904873191794,0.239483157464398,0.0242493455503825,0.0015417629023977,0,0,0,0.0213806304248494,0.0071930172224432,0.0408734498815272,0.0582163733914013,0,0.00109169697220297,0.00161401147754532,0.103551164294807,0,1.80232521422771,0,3.50233992992022,8.20993134612196,2.13760611442695,0,1.03269085314669,0.360260751450156,0.779120594548796,0.034180691846842,8.61576757294137,2.15777489176151,0,0.00117479474874508,0,0,0,0,0,0,0,0,0,0,0,0,0,0,0,0,0,0,0,0,0,0,0,0,0,0,0,0,0,0,0,0,0,0,0,0,0,0,0,0,0,0.635352695951621,0,0.0323238857990288,0
0.461517962585267,0.0137669294403348,0.18006565630814,0.00305562852372694,0,0.215233719384086,20.0033426983606,0.0023813341656202,0.664547840055362,0.0511871311641873,0.00589383463452542,0.0155522709513806,0,0.000390556565010127,0.00118038065103693,0.311721760930333,0.397462483385265,0,0.0314560319651341,0.0141121075892903,16.6417937401646,0.260891530455258,2.97749995203985,1.8130491665441,0.00217921862238101,0.0445861873972445,0.0224860410783231,1.46430226587401,1.80232521422771,0,0,0,0.0193709446247789,1.9130188053768,0,1.26745583510258,0.454751277292974,0.0580999485350308,0.0125186256975166,0.171634613886021,0,0.000630277300278734,0.0125575611857141,0,0,0,0,0,0,0,0,0,0,0,0,0,0,0,0,0,0,0,0,0,0,0,0,0,0,0,0,0,0,0,0,0,0,0,0,0,0,0,0,0,0.59247823826014,0.000666929508606035,0.028445916124112,0
0,0.00241175088217638,0,0,0,0,0,0,0,0,1.89532214667917,0,10.0403554724699,0,0,0,0,0,0.00824149446832521,0,0,0.00200820724188306,0,0,0.00283455069809049,1.01922123989951,0.707878399337575,0,0,0,0,0,0,0,0,7.24807438486769e-05,0.00133024864007189,0.000724873740941339,0,0,0,0,0,0,0,0,0,0,0,0,0,0,0,0,0,0,0,0,0,0,0,0,0,0,0,0,0,0,0,0,0,0,0,0,0,0,0,0,0,0,0,0,0,0,0,0,0,0
0,0,0,0,2.92238188161564,1.48258120509046,0,2.87939675485804,0,0,0,0,0,0.301054264197987,0,0,0,0,0,0,0,0,0,0,0,0,0,0,3.50233992992022,0,0,0,0,0.706928083823143,0,0,0,0.00882224979290192,0,0.0637406825095317,1.46726782385555,0,0,0,0,0,0,0,0,0,0,0,0,0,0,0,0,0,0,0,0,0,0,0,0,0,0,0,0,0,0,0,0,0,0,0,0,0,0,0,0,0,0,0,0,0,0,0
1.22824951579341,0,0.00557226623744418,0,0.0972563783987206,0.88687366028972,0.0530457827692375,0.163038485439609,0.0282852540409242,0.000723007187747038,0,0.00182962590617237,0.000467112901473513,0.0847129280703702,0.199546091058485,0.00331520640905858,0,0,0,0,5.13717785448863e-05,0.000389688903237073,0.00445921232565085,0.0115197418734848,0,0,0.000117199666369548,0.00317848761768544,8.20993134612196,0.0193709446247789,0,0,0,0.872219848172655,0,0.852322205677677,0.356180224228162,0.283467646620233,0.0539504485191608,5.03404475556896,0.111547503178591,0,0.00169301364924961,0,0,0,0,0,0,0,0,0,0,0,0,0,0,0,0,0,0,0,0,0,0,0,0,0,0,0,0,0,0,0,0,0,0,0,0,0,0,0,0,0,1.51548573110584,0,0.0578723022039706,0
0.168390593179322,0.672503180147172,1.90893380609511,0,1.54150554685336,1.05772846742461,0.363473914556695,0.369984715901192,0.33417264437544,0.0019648536491164,5.16999287158354,0.0176344359061933,0.214377521594197,0.117183857048434,0.433891889637921,0.724139856166811,0.740578537930336,0.00812192208972548,0.387829813585156,0.000704144977837114,1.31593585876182,1.277661139596,4.03449872608155,0.256508527759145,0.097044602620456,0.750943121989484,0.343524821951603,0.316711340339337,2.13760611442695,1.9130188053768,0,0.706928083823143,0.872219848172655,0,4.91308626891078e-05,16.3997834377063,8.43662505805021,51.0776080896978,7.64396549537713,16.9650094517757,4.59420168499788,0.120196055638473,0.121444939598835,0.000123557918212346,0,0.000100023371188995,0,0,0.00149566354915101,0,0,0,0,0,0,0,0,0,0,0,0,0.000654725719990215,0,0,0,0,0,0,0,0,0,0,0,0.00475444757255872,0,0,0,0,0,0,0,0,0,0,10.8573693760287,0.00311281009842975,0.434255947728618,0
0,0,0,0,0.00865281505384055,0,0,0,8.77825055726411e-05,0,0,0,0.000340814205384214,0,0.0958024715083397,0,0,0,0,0,0,1.66805844588784e-05,0,0,0,0,0,0,0,0,0,0,0,4.91308626891078e-05,0,0.263097944394621,0.041900697189288,0.000356744599579392,0.000884733997949353,0.0121446459770442,0.000425619421510671,0.000191907190599548,0.686255322268613,0.0707537774854896,0.00521333654299618,0.0107936883559924,0.0297872635621142,0.00430143816427638,0.00110894424497923,6.83764593783034e-06,0,6.80359527342746e-05,0,0.00179960618437365,7.37582609088299e-05,1.78777760586626e-05,5.92545958888113e-05,3.36686900173492e-05,0,0.00258348245535943,0,5.73892357191913e-05,0,0.00993788540960002,7.26107734464696e-06,0.000102309702425607,0,0,0,7.78069155294583e-05,3.444494491855e-05,3.95817615224911e-05,0,0,8.83407250516102e-05,4.13501670185955e-05,0,0,1.57324771338646e-06,0,0,0,0.00164838518005458,1.50542517308585,0.126255904033917,0.543874291846552,0.075854232636498,3.25432447874423
0.122682686887051,1.00097708842948,4.84327971475687,0,0.41964991028817,0.0599349604344073,0.789394214372796,0.000734482045080419,24.4447324278659,0.00675314621383115,0.75509388625066,0.768672275397943,4.42290328494916,0.000131185778730085,2.5105709105403,1.53563474215686,0.240033626080692,0.00866109782708722,0.345044928168589,0.00501840570264566,0.36589613088923,6.41625400465434,3.31923298279383,0.549160226437549,0.299182597163119,0.676857179383242,0.654720064078817,0.382282147119045,1.03269085314669,1.26745583510258,7.24807438486769e-05,0,0.852322205677677,16.3997834377063,0.263097944394621,0,24.9559517674458,47.5242527802085,49.7469656797115,20.0540176058845,4.89891511130332,8.89997555286644,6.67685124016589,0.857221836321988,0.291791131962229,0.346875011882403,0.181713462056781,0.0267376216092045,0.403172582050054,0.00036815612093055,0.00676450181057505,0.018349131757056,0,0.0279267596233684,0.00547064075919505,0.000479432151041766,0.00242402357982692,0.0227501995214501,2.61584448214402e-05,0.031811954049665,0,0.176056190319017,0.000499237412153453,0.0276501314705833,0.00287858138055675,0.0126947223625159,0,0.00278356987675385,0,0.00508765515258171,0.01576380225045,0.00624977031203118,0.00291866681051717,0.0108566870160939,0.00795288611066352,0.00399781790896782,0.000472454862254889,1.54481260355486e-05,0.000671324991202414,0,0,0.000359011003926855,0.089992837545369,0.056586637552736,33.9601231324449,0.86472332171568,1.34130812885695,0.0118970779585977
0.0624953256173361,1.56092500270625,2.33246197540501,0,0.111972854148894,0.0234236274812861,0.286880641374844,0,6.49233375575159,0.00909696031686436,11.80745086066,0.181870429908049,18.0395946688123,0.000810414820968816,0.644900794581142,0.4729884388918,0.0805279722395449,0.0112513457674669,0.212875546344906,0.00223934631638851,0.159844774291529,6.15726096008221,1.10897869358057,0.413555569501984,17.9416951784493,0.593576349824844,0.674348724777414,0.214502186067016,0.360260751450156,0.454751277292974,0.00133024864007189,0,0.356180224228162,8.43662505805021,0.041900697189288,24.9559517674458,0,23.1042987334399,16.1449435278922,5.56880889802952,2.02147467724337,7.03236066528123,0.736390003108435,0.153848505271084,0.0129410671672748,0.0440705664678859,0.022916823093508,0.00254227414251246,0.0846687625601027,0,0,0.000687668132081231,0,0.00952470830345839,0,0,0,0,0,0.00543826177354909,0,0.0133821143734012,0,0.00367017054557905,0.000135257210854174,8.98795109337824e-05,0,0,0,0.00022476593368871,3.74503982523045e-05,9.78511494749454e-05,0.000375660509964071,0.293186060606317,8.94023946013257e-05,0.000333344857846467,0,0,0.000578828056852485,0,0,0,0.0040849614911839,0.00822330672015564,12.6007177535611,0.0336601083392717,0.599046851108499,5.60986502471852e-05
0.0940227854445211,0.658970214624888,1.69964572071151,0,0.159727455501923,0.249233653185422,0.0562223024555571,0.0657324652051667,0.234938112019793,0,5.00603747054272,0.00431594490047294,0.819828199874316,0.0237874555034219,0.0369517051480807,0.0535014035837764,0.149916865085661,0.00766640669113688,0.362763269711771,0,0.0221136500766478,1.28824009402782,0.369256275474661,0.0247429401556036,0.140521305737993,0.57233663378779,0.267007162894862,0.0186738439048706,0.779120594548796,0.0580999485350308,0.000724873740941339,0.00882224979290192,0.283467646620233,51.0776080896978,0.000356744599579392,47.5242527802085,23.1042987334399,0,4.25118791986541,9.50201295815287,12.6370527339714,0.950151458632165,0.867440761907162,0.0203071808790989,0.00105003875954358,0.00391671358482907,0.000118786588977819,0,0.010649655445039,0,0,0,0,5.89480782333248e-05,0,0,0,0,0,0,0,0.00144342368998838,0,0,0,0,0,0,0,0,0,0,0,0.000357840109123757,0,0,0,0,0,0,0,0,0,6.95130303693832e-05,28.4249001589994,0.0412374161520329,1.0682420021306,7.2360841205417e-05
0.018399477509676,0.104959770984651,0.35044702528205,0,0.0026988294942501,0.00181503299695092,0.0105661467142615,0,0.0973890202681363,5.0792002538172e-05,0.434101943860052,0.00201326137195277,0.502056673029208,0,0.0362940669432413,0.0187151415706894,0.027504541171759,0.00217005404180584,0.0363101679999477,0,0.0074507645031738,0.213796458298786,0.0700931183282721,0.00599851744540686,0.160768292121681,0.0502205934665161,0.0272426283884099,0.00214282292024365,0.034180691846842,0.0125186256975166,0,0,0.0539504485191608,7.64396549537713,0.000884733997949353,49.7469656797115,16.1449435278922,4.25118791986541,0,2.95448166012341,4.26481657361644,2.96361656791428,0.94542520724964,0.0158405842115102,0.000184822226906613,0.00081283371250959,0.000595082054683848,0,0.00234799130730673,0,0,0,0,0,0,0,0,0,0,0.000160928661502075,0,0.00177853467585769,0,0.000233756930070328,0,0,0,0,0,0,0,0,0,0,0,0,0,0,0,0,0,0,6.29453478289957e-05,0.000119027607065711,38.9713409185722,0.172615698996189,1.31173749817872,6.35319032257697e-05
16.98962727059,0.0273768278650836,0.115903722086719,0,36.9506399434293,8.02400224572385,1.93675762792635,0.459907924965394,5.16001773568051,0.0578161515627484,0.0220424720049797,6.45257078948673,0.039759862499529,0.529012153371424,78.0930996954302,0.0275243462426809,0.00477703515823384,0.000133970491769447,0.00792644692863556,0.00405416377596855,0.00813304984097209,0.16702005979266,0.0491843107515341,0.0330819421352981,0.0106927255899353,0.0148595321577454,0.0142071256283837,0.0652219856787072,8.61576757294137,0.171634613886021,0,0.0637406825095317,5.03404475556896,16.9650094517757,0.0121446459770442,20.0540176058845,5.56880889802952,9.50201295815287,2.95448166012341,0,2.44346066568711,0.265699479512895,0.474796905757073,0.0347199315880943,0.00204216800225922,0.00612825347957595,0.00579432516059537,0.00205809514400079,0.000605179505340253,0,0,9.82331209199673e-05,0,0.00169897154956752,0,0,0,0,0,0.000427487605715605,0,0,0,0.000204905945295482,5.14095581631074e-05,0.000666090709324375,0,0,0,0,0,1.47952955140249e-05,0,9.17186675292664e-05,0,0,0,0,0,0,0,0,0.000556462482753981,0.00237453301632724,18.7799875814519,0.443422751464703,0.490016854779084,0.00216382685785961
0.0488840283243298,0.00175658412083371,0.0144738091534793,0,13.613519182566,0.814778255870516,0.00148694921256424,0.571953097878158,0.00372547343093546,0,0.0104792716471618,0,0.792292571655089,0.191984666470635,0.0636122960828073,0.0012520086440293,0,0,0.000635190028742197,0,0,0.00122369242066368,0.00265316933490389,0,0.00267102153142085,0.000980677455066012,0.00044654789690282,0,2.15777489176151,0,0,1.46726782385555,0.111547503178591,4.59420168499788,0.000425619421510671,4.89891511130332,2.02147467724337,12.6370527339714,4.26481657361644,2.44346066568711,0,0.367196074170488,0.0782071032661859,0.00123437903537198,0.000338602578273142,0.000107304682498584,0.000550123333973056,0,0.00213917991196801,0,0,0,0,0,0,0,0,0,0,0.000173871809221407,0,0,0,0.000242613920944714,0,0,0,0,0,0,0,0,0,0.00110267523214547,0,0,0,0,0,0,0,0,2.83892159923071e-05,0.000131258828203248,4.72346505694595,0.0229143367718676,0.0650328389056211,0.000132308636607986
0,0.0196451159277493,0.021804264912744,0,0.000343314527595368,0,3.54144424987071e-05,0,0.0169459218276116,0,1.19440923740999,0,6.47552966302516,0,0.00177188910570231,0.00192899406428069,0.00181867729407661,0,0.00267259759894211,0,0.000606542029614199,0.0394304106844175,0.00469133967021371,0.000114809537990718,4.96435579178891,0.00408416286259671,0.00694460021600542,0.000237029681130096,0,0.000630277300278734,0,0,0,0.120196055638473,0.000191907190599548,8.89997555286644,7.03236066528123,0.950151458632165,2.96361656791428,0.265699479512895,0.367196074170488,0,0.696614703363967,0.191587842819243,0.00292528043550399,0.033742992571828,0.00153501735483826,0,0.492047441297225,0,0,0,0,0,0,0,0,0,0,0.000211013871653197,0,0.0619590454465471,0,0,0,0,0,0,0,0,0,0,0,0.0430752463472698,0.000386646570108909,0,0,0,0,0,0,0,0.00181620347851743,0.000103615341685728,10.5310349700831,0.174358028977645,0.0921888885461386,0.000101656895525992
0.000591152670866901,0.065688002892836,0.133633193485542,0,0.232949136276551,0,0.00592743576465654,0,0.660348390561747,0,0.0248390041804743,0.00221714328385451,0.633212861879795,0,0.815584608442498,0.0155517263307548,0.00480058600832452,0.00015564349724819,0.012857441034392,0,0.0095406612857289,0.211663564821396,0.0500893545090436,0.0145113674709002,0.0169223296529139,0.0212339953402247,0.0192837595036294,0.00439761421173464,0.00117479474874508,0.0125575611857141,0,0,0.00169301364924961,0.121444939598835,0.686255322268613,6.67685124016589,0.736390003108435,0.867440761907162,0.94542520724964,0.474796905757073,0.0782071032661859,0.696614703363967,0,37.6152443896729,30.8619798841467,26.9970705893313,21.9352422841905,1.33896456536463,1.64639566149657,0.882306147391789,0.177907964046036,1.34738875046678,0,0.189027244369244,1.5725991636263,0.0991034952338733,0.611200420235092,17.2837332163814,0.0140740212461403,1.22886966719405,0.158584133504906,0.545663477926955,0.297762769538916,0.751559368734641,0.403013643584424,0.63133845542378,0.00293318315984814,0.243046745327642,0,0.527219392027567,1.67929820673989,0.692241773039685,1.69121570503086,0.0655078311774115,0.57787448325219,0.257962573930613,0.0666308668581368,0.11910411926382,0.306112696853019,0,0,0.153850219299222,17.97322332441,0.440004778298284,0.914259069725802,54.3452330994587,0.0317167782222045,0.0106032825860425
0,0.0438015109029003,0.00775203071448987,0,0.0256028662259656,0,0,0,0.138816719597059,0,0.00525139776981296,0,0.403342019630922,0,0.0980878478700593,0,0,0,0.00163239810568309,0,0,0.0425777126433922,7.61703560823099e-05,0,0.254517358425433,0.00831745756002565,0.00973425800050637,0,0,0,0,0,0,0.000123557918212346,0.0707537774854896,0.857221836321988,0.153848505271084,0.0203071808790989,0.0158405842115102,0.0347199315880943,0.00123437903537198,0.191587842819243,37.6152443896729,0,14.7891737729927,11.4171110433136,1.67862934372931,0.159505955237012,9.10571493223534,1.84025410844348,0.501310127317015,2.28714451969127,0,0.0246231147182989,0.507004412922072,0.395976327054024,0.475032575598674,0.458985521929027,0.0613854599646921,6.33782088976435,0.00262733374153092,3.82707786872315,0.437168285649525,0.0986528850398004,1.16975108570365,1.3510089871683,0.0572135500997875,0.687112358996435,0,0.814176619751681,7.39467219948958,1.54224290678439,0.101231694308699,18.0359340119223,3.23636091756876,1.99170962957731,0.231444542922969,0.333758992107641,1.69154580562806,0.000496745474182249,0,0.489664788612457,12.4597578603233,0.0485030756640326,0.277663621782561,26.6934619054443,0.00101693419754812,0.00063576009632696
0,0,0,0,0.00100659435616204,0,0,0,0.0107006367807148,0,0,0,0.0126617354435006,0,0.00417319292372911,0,0,0,0,0,0,0.00150595307075868,0,0,0.000253037271149371,0,0,0,0,0,0,0,0,0,0.00521333654299618,0.291791131962229,0.0129410671672748,0.00105003875954358,0.000184822226906613,0.00204216800225922,0.000338602578273142,0.00292528043550399,30.8619798841467,14.7891737729927,0,8.70065194272643,7.66168709110104,1.98000360486376,3.86392759191638,0.121065603711481,0.0472723255001918,0.343743964962495,0,0.00405012066422102,1.92894850408377,0.00477644228636568,1.33326010804192,0.0683362088362663,0.00051806929154034,17.8074272819414,0,0.576027836738903,0.186890608469555,0.0322727175906372,0.0252363209430585,1.00921806479107,0.0121965099159003,0.616145068583655,0,0.0641119143876991,0.16006824666095,0.3266539144006,0.0050567824920221,0.474100467131555,0.744386228110201,0.156575020297914,0.00180487674287928,0.142577009125814,0.0148703036849192,0.00210318041371062,0.00751955051360392,0.0401061080235684,52.4392740490761,0.00623804382368238,0.0341442022696104,24.9824169932549,0.00073878417146179,0.00010422720113743
0,0,6.53464985772415e-05,0,0.00443206610040703,0,0,0,0.0208678758797737,0,0,0,0.0616579967796394,0,0.0132231271947826,0,0,0,0,0,0,0.00434370599819278,0,0,0.00258953616339325,2.54625410040978e-05,0,0,0,0,0,0,0,0.000100023371188995,0.0107936883559924,0.346875011882403,0.0440705664678859,0.00391671358482907,0.00081283371250959,0.00612825347957595,0.000107304682498584,0.033742992571828,26.9970705893313,11.4171110433136,8.70065194272643,0,6.77508140531514,2.51651165751168,5.71290095103701,0.0256196646445443,0.00922200502202252,0.287614082214354,0,0.00769036829515936,0.412523794662653,0.00152742091499177,0.128009333500334,0.0499150930785894,0.00172241695945698,2.19677107706793,0,0.275239732753274,0.0230627011076957,0.172998212118965,0.0108909049025673,0.431495617482778,0.00187979037136107,0.140726312881019,0,0.0381666727693189,0.107484404038679,0.0600216203646423,0.00263764298361375,0.392031914831579,0.265407049054169,0.0595807205967351,0.00016928095761682,0.00565580693912462,0.00785713377666765,0,0,0.0146524691268419,4.69244110180844,0.0117450041607265,0.177721792871781,30.0190376805615,0.00446740108868464,0.00284306421240067
