0,0,0,0,0.00136566118817213,7.50816972170415,4.06979420456204,1.29585511271105,0.0042605624172759,0.215679224032288,0,0.575269929076689,0,10.5805605329663,2.13459508723089,0.00109077582962362,0,0,0,0,0.00164020506608786,0,0.000461251402003178,0.00193870024190494,0,0,0,0.00703665496541083,14.36983110421,0.364708631854018,0,0,0.236101228600857,0.230333918652712,0,0.273682328181412,0.0144229080788126,0.0577630522744991,0.00695151725837921,11.848546721604,0.0238559166228443,0,0.00102841682542838,0,0,0,0,0,0,0,0,0,0,0,0,0,0,0,0,0,0,0,0,0,0,0,0,0,0,0,0,0,0,0,0,0,0,0,0,0,0,0,0,0,0.384021057430766,0,0,0
0,0,6.16239789348043,0,0,0,0,0,0.0459557506612799,0,0.741356367767804,0,0.148276978747108,0,0,0.00131983543748079,0.15028678795219,0.00562468726031577,0.308240604343126,0,0,4.80453538153572,0.107705839883671,0.00210657445272729,3.90458332228762,1.03953140202808,2.17714750060719,0,0,0,0.00441601002941813,0,0,0.368092389019134,0,0.0106452096229617,0.727875542358074,0.261355542158881,0.00938688084413917,0,0.000888428996513174,0.0141136410319684,0.00013534558394984,0.00408692471215732,0,0,0,0,0,0,0.0412639564883716,0,0,0,0,0.00026657655535171,0,0.00737256546114837,0,0,0,0,0,0,0,0,0,0,0,0,1.29847477975691,0,0,0.0231439956093953,0,0,0,0,0.000441173465046667,0,0,0,0,0,0.00671098541452168,0,0,0
0,6.16239789348043,0,0,0,0,0.00242582660063465,0,1.08601761368281,0,0.280826957652483,0,0.0533252896123453,0,0,0.055669509240614,2.15550441941256,0.00637959340615785,1.00064351516752,0,0.0984181842115884,10.940897284917,8.64098368736136,0.0420900149114188,0.264311524236891,11.0998429184238,7.21240684741308,0.0332886027885605,0,0.0504513228600419,0,0,0,1.69697825625998,0,0.31718980621439,7.01702551361293,1.76235179480426,0.167872412822241,0.00105188946745411,0.00196294204270422,0.0226265695875557,0.00880565102985149,0,0,0,0,0,0,0,0,0,0,0,0,0,0,0.0168696653995754,0,0,0,0,0,0,0,0,0,0,0,0,0.035403470654592,0,0,0,0,0,0,0,0,0,0,0,0,0,0.215806342026377,0,0,0
0,0,0,0,0,0.0105274607481894,0.00142300293123065,0,0.00264853985751212,2.3049753635227,0,0.0588073998681724,0,0,0,0,0,0,0,56.0777050382212,0,0,0,0.817746083562559,0,0,0,5.93617726577985,0,0,0,0,0,0,0,0,0.000685822434968453,0,0,0,0,0,0,0,0,0,0,0,0,0,0,0,0,0,0,0,0,0,0,0,0,0,0,0,0,0,0,0,0,0,0,0,0,0,0,0,0,0,0,0,0,0,0,0,0,0,0,0
0.00136566118817213,0,0,0,0,4.26731654340828,0.000599454958638002,1.65254207486277,0,0,0,0,0,0.300323048236701,3.9331659728277,0,0,0,0,0,0,0,0,0,0,0,0,0,2.26337618667593,0,0,11.6476477822683,0.0859220658524491,0.526111261339582,0.0102479373488141,0.0935129806217787,0.000147452260143515,0.0106536158591425,0.000499911404185041,27.7554249234953,15.979598635488,0,0.249936490473858,0.0106286521788819,0.00544977444509693,0.0167842253160448,0.161997405440856,0.0263991323270635,0.00348491120310291,0,0,0,0,0.00602460955002918,0,0,9.53295452854113e-05,0,0,0,0,0,0,0.0288606761643775,0,2.79402853617865e-05,0,0,0,0,0,3.86112154662829e-05,0,0,0,0,0,0,0,0,0,0,0.00116680490203945,0.0132770236146634,0.120514770561393,0.538359637489324,0.00131068161380502,0.00122199149595828
7.50816972170415,0,0,0.0105274607481894,4.26731654340828,0,4.41660924537058,9.2116637661361,0.0171967246424849,11.6556178595524,0,1.18200956858296,0,3.51740935316478,2.48640999148898,8.02240268649975e-05,0,0,0,0.430915622864498,0.0042500332436944,0.000741791926201898,0,0.28332810474077,0,0,0,2.06192398573396,3.63518915662751,0.0558071292562938,0,1.85779705079763,0.274186455135329,0.764749856365757,0,0.0191842267700314,0.0417099077273159,0.0984292235647506,0.00241343829775107,3.83003708742613,1.1708817511775,0,0,0,0,0,0,0,0,0,0,0,0,0,0,0,0,0,0,0,0,0,0,0,0,0,0,0,0,0,0,0,0,0,0,0,0,0,0,0,0,0,0,0,0.00324769912451511,0,0,0
4.06979420456204,0,0.00242582660063465,0.00142300293123065,0.000599454958638002,4.41660924537058,0,0.188242425634311,0.248283023802871,8.49043631043499,0,1.89967652575061,0,1.29547465457372,0.374762292597688,0.102475545844766,0.00662149149676101,0,0,0.0990192045383919,0.112004624501428,0.0413975158587519,0.0804230156155076,1.26786708152719,0,0.000423466311305892,0.00131953398005728,6.0326400429337,0.840872507956245,13.2439352729109,0,0,0.0350097201275748,0.505892030344172,0,0.287800045873112,0.434564665205102,0.00880533141408449,0.00153656321173097,1.31901699174361,0.000918479708427126,0,0.000565523480830941,0,0,0,0,0,0,0,0,0,0,0,0,0,0,0,0,0,0,0,0,0,0,0,0,0,0,0,0,0,0,0,0,0,0,0,0,0,0,0,0,0,0.15180833863918,0,0,0
1.29585511271105,0,0,0,1.65254207486277,9.2116637661361,0.188242425634311,0,0,1.32466177797671,0,0.0251084493923089,0,12.4199513870285,0.0306395141358772,0,0,0,0,0,0,0,0,0,0,0,0,0.000191382046567309,5.1436701015538,0.000246743291890401,0,0.518585345262639,0.0844631285009615,0.0343700791353097,0,0.0012004068500585,0,0.00078830881721993,0,0.17672254130568,0.23688660802331,0,0,0,0,0,0,0,0,0,0,0,0,0,0,0,0,0,0,0,0,0,0,0,0,0,0,0,0,0,0,0,0,0,0,0,0,0,0,0,0,0,0,0,0.000611024661023783,0,0,0
0.0042605624172759,0.0459557506612799,1.08601761368281,0.00264853985751212,0,0.0171967246424849,0.248283023802871,0,0,0.0073158393315731,0.0215452331657502,1.39948518265963,0.00373459584318549,0,0.0876029439400403,1.1259125314202,0.0592021685187262,0,0.0520477484179997,0.00446473796270475,1.10231406903221,7.53304367317564,0.976176181761002,7.47392102461644,0.00458889614395303,0.0156027434679488,0.0392014333067714,2.03703692902412,0.007425912173725,1.10485346954536,0,0,0.00644011819848785,0.4990126518743,0,16.1648994816085,4.27504263076846,0.193163353059971,0.0452496905152925,8.28322143907698,0.00471032938740441,0,0.0306959262871666,0,0,0,0,0,0,0,0.000392621663529505,0,0,0,0,0,0,0.2231918414118,0,0,0,0,0,0,0,0,0,0,0,0,0.00358848278224836,0,0,0,0,0.000299390952378797,0,0,0,0,0,0,0,2.26886163563449e-06,6.95924243128317,0,0,0
0.215679224032288,0,0,2.3049753635227,0,11.6556178595524,8.49043631043499,1.32466177797671,0.0073158393315731,0,0,4.84216447745407,0,0.0670477148255758,0.0434567766346251,0,0,0,0,22.454174831048,0.00104562519023314,0.00082211247734601,0.00221258127884049,0.20849954319711,0,0,0,4.46210740704515,0.0217285100060259,0.0337142393963044,0,0,0,0.006719068586617,0,0.00449088067201579,0.018014708897661,6.18439915056569e-05,0,0.131640613637289,0,0,0,0,0,0,0,0,0,0,0,0,0,0,0,0,0,0,0,0,0,0,0,0,0,0,0,0,0,0,0,0,0,0,0,0,0,0,0,0,0,0,0,0,0.000347763418952809,0,0,0
0,0.741356367767804,0.280826957652483,0,0,0,0,0,0.0215452331657502,0,0,0,10.6163110545171,0,0,0,0.208208761944319,5.92791627434836,5.30896362515695,0,0,1.13530756908731,0.00962685438605642,0.000727979920841719,1.63160719183737,7.25903452823257,2.35262101962333,0.00217708326324034,0.000965891852480583,0.000366710604522792,1.65972615114037,0,0,4.33947436445601,0,0.00795931888765628,7.37703743996771,3.79381715304842,0.16628440145929,0.00180229479206393,0.00486976604712587,1.48131493353591,5.63916000708587e-05,0.00469494508818219,0,0,0,0,0.00149927543853532,0,0,0,0,0,0,0,0,0.0456920543726082,0,0.000484589152073014,0,0,0,0,0,0,0,0,0,0,1.0558560970274,0,0,0.0076270553609027,0,0,0,0,0,0,0,0,0,0,0.000464512257186887,0,0,0
0.575269929076689,0,0,0.0588073998681724,0,1.18200956858296,1.89967652575061,0.0251084493923089,1.39948518265963,4.84216447745407,0,0,0,0.00427102722293294,2.51025234298697,0.00995522984985057,0,0,0,39.9654420161299,0.00161339757388178,0.00328683423627295,0.00258276598134684,0.747605096954168,0,0,0,1.83422015973967,0.0194434710932621,0.129008194590032,0,0,0.00415736249878786,0.0869589161325651,0,1.72078356245308,0.0333699643116451,0.0236738995271146,0.00760613611213908,5.5016519037077,0.000893451785446104,0,0.00389615663553499,0,0,0,0,0,0,0,0,0,0,0,0,0,0,0,0,0,0,0,0,0,0,0,0,0,0,0,0,0,0,0,0,0,0,0,0,0,0,0,0,0,1.05852499280477,0,0,0
0,0.148276978747108,0.0533252896123453,0,0,0,0,0,0.00373459584318549,0,10.6163110545171,0,0,0,8.07016980139711e-05,0,0.0183285398435027,0.00799133542614901,0.117295661156837,0,0,0.152339293742842,0.000319275150407305,0,12.2566179655236,2.44025587733647,3.07406530043292,0,0,0,7.95159012547144,0,0,0.264692542505063,3.57135597823985e-05,2.38097114468267,7.19499542798441,2.20456297642763,1.06860922782121,0.00705990224034914,0.549142172057273,5.42506828734746,0.0428431836084929,0.0796839296334804,0.00169493508868351,0.00558356656341186,0.000218899387595728,0,0.0980188101264228,0,0,0,0,0,0,0,0,0.0171039962674561,0,0.00186008691469107,0,0.0125803099743407,0,0,0,0,0,0,0,0,0.414959261159581,0.000735589724399174,0,0.0244385431167941,0,0,0,0,0,0,0,0,0.280755482088081,1.4788891555054e-05,0.089934307241873,0.00104128665069363,3.61914121748651e-05,0
10.5805605329663,0,0,0,0.300323048236701,3.51740935316478,1.29547465457372,12.4199513870285,0,0.0670477148255758,0,0.00427102722293294,0,0,0.0437386951703601,0,0,0,0,0,0,0,0,0,0,0,0,0,4.54441141524366,0,0,0.585499523573463,0.0211507894094815,0.0358328976675009,0,0.000354989811724132,7.23332285611725e-05,0.00185440789151982,0,0.128517958650614,0.042245281710227,0,0,0,0,0,0,0,0,0,0,0,0,0,0,0,0,0,0,0,0,0,0,0,0,0,0,0,0,0,0,0,0,0,0,0,0,0,0,0,0,0,0,0,0.000472631051606994,0,0,0
2.13459508723089,0,0,0,3.9331659728277,2.48640999148898,0.374762292597688,0.0306395141358772,0.0876029439400403,0.0434567766346251,0,2.51025234298697,8.07016980139711e-05,0.0437386951703601,0,0,0,0,0,0.00171940565357012,0,0,0,0.000782555889779206,0,0,0,0,0.467695146088561,0.00659519359100871,0,0.0116695209740807,0.097981637327425,0.425110460227816,0.0671135334383047,1.25894484553268,0.013704181419252,0.0976997879001508,0.00439437190244583,54.4870330278209,0.693826734967879,0.000491387323258454,0.514414020704116,0.016373746430689,0.00521909064291596,0.0409060919840518,0.0746073217913811,0.0110024464568285,0.000177501421484812,0,0,1.25717197709445e-05,0,0.00502814653726946,9.317352229313e-05,0,0,0,0,0,0,0,0,0.0208144347313861,0,2.36488333231278e-05,0,0,0,0,0,0,0,0,0,0,0,0,0,0,0,0,0.00310941114241712,0.0117156104296156,0.928715296282281,1.33471267589544,0.00072603761440614,0.00063080410816609
0.00109077582962362,0.00131983543748079,0.055669509240614,0,0,8.02240268649975e-05,0.102475545844766,0,1.1259125314202,0,0,0.00995522984985057,0,0,0,0,0.00802142668998895,0,0.00304344865271733,0,11.8023235525271,1.6899742210741,42.2735803891761,1.02521995399238,0,0.00151121532197971,0.900610760344083,9.79312007277868,0.00202123339341379,1.14595625251655,0,0,0,0.186809068542502,0,0.0427886181128589,0.296826227136799,0.0100279101965306,0.000938131404824905,0.00317576206194733,0,0,0.000353181630605748,0,0,0,0,0,0,0,0,0,0,0,0,0,0,0,0,0,0,0,0,0,0,0,0,0,0,0,0.00131751674733292,0,0,0,0,0,0,0,0,0,0,0,0,0,0.0314752008925709,0,0,0
0,0.15028678795219,2.15550441941256,0,0,0,0.00662149149676101,0,0.0592021685187262,0,0.208208761944319,0,0.0183285398435027,0,0,0.00802142668998895,0,0.0350356497450043,8.10635041661595,0,0.920058739848059,0.310424099155279,6.60735860750643,0.0174026467322802,0.0272451915079601,5.36866976795784,0.143924630035796,0.0305988568846518,0.000339562968299598,0.554202557703642,0,0,0,0.830690712586649,0,0.0968805065530354,0.961655797227555,0.274218722202051,0.0315225211173905,0,0.00157325182846696,0.0060297920701893,0.00145464089506329,0,0,0,0,0,0,0,0,0,0,0,0,0,0,0.00207563175646119,0,0,0,0,0,0,0,0,0,0,0,0,0.014680435149424,0,0,0,0,0,0,0,0,0,0,0,0,0,0.106870370972067,0,0,0
0,0.00562468726031577,0.00637959340615785,0,0,0,0,0,0,0,5.92791627434836,0,0.00799133542614901,0,0,0,0.0350356497450043,0,23.3306940501401,0,0,0.0111930460666496,0,0,0.0151590536662635,2.21596853450738,0.0133644554871965,0,0,0,0,0,0,0.00156708720541565,0,5.66595955236626e-05,0.00957564849631789,0,0.000805005944370732,0,0,0,0,0,0,0,0,0,0,0,0,0,0,0,0,0,0,0,0,0,0,0,0,0,0,0,0,0,0,0,0.00226054932713839,0,0,0,0,0,0,0,0,0,0,0,0,0,0.000207033215622463,0,0,0
0,0.308240604343126,1.00064351516752,0,0,0,0,0,0.0520477484179997,0,5.30896362515695,0,0.117295661156837,0,0,0.00304344865271733,8.10635041661595,23.3306940501401,0,0,0.00150380238479015,0.537379400429851,0.0179595270494414,0.00132142883276301,0.0792815891778865,10.5465681336106,0.288949194088611,0.00223573658595942,0,0.00427881003402031,0.00861417036762406,0,0,0.384780934806444,0,0.00653028057583254,0.85099633782123,0.240072962146117,0.01982864206279,0,0,0.00611671958750991,0.000218151928799702,0,0,0,0,0,0,0,0,0,0,0,0,0,0,0.00988922203980409,0,0,0,0,0,0,0,0,0,0,0,0,0.0884599050927704,0,0,0,0,0,0,0,0,0,0,0,0,0,0.00717461674101886,0,0,0
0,0,0,56.0777050382212,0,0.430915622864498,0.0990192045383919,0,0.00446473796270475,22.454174831048,0,39.9654420161299,0,0,0.00171940565357012,0,0,0,0,0,0,0,0,3.36421206893436,0,0,0,9.38520285603972,0,0.0064548894698243,0,0,0,0.0023797104637693,0,0.000227977176121096,0.0106249219848814,0,0,0,0,0,0,0,0,0,0,0,0,0,0,0,0,0,0,0,0,0,0,0,0,0,0,0,0,0,0,0,0,0,0,0,0,0,0,0,0,0,0,0,0,0,0,0,0,0,0,0
0.00164020506608786,0,0.0984181842115884,0,0,0.0042500332436944,0.112004624501428,0,1.10231406903221,0.00104562519023314,0,0.00161339757388178,0,0,0,11.8023235525271,0.920058739848059,0,0.00150380238479015,0,0,1.36469112430218,8.99858444675841,0.521013284366064,0,0.00128785658878389,0.0283749710118859,5.99572244022935,0.000639295880559707,9.59000802264428,0,0,0,0.370132906803706,0,0.028046167862739,0.500818096281795,0.0100353176326399,0.00286247929729872,0.000835518560694797,0,0,0.000317329036799879,0,0,0,0,0,0,0,0,0,0,0,0,0,0,0,0,0,0,0,0,0,0,0,0,0,0,0,0,0,0,0,0,0,0,0,0,0,0,0,0,0,0.0150386323269541,0,0,0
0,4.80453538153572,10.940897284917,0,0,0.000741791926201898,0.0413975158587519,0,7.53304367317564,0.00082211247734601,1.13530756908731,0.00328683423627295,0.152339293742842,0,0,1.6899742210741,0.310424099155279,0.0111930460666496,0.537379400429851,0,1.36469112430218,0,8.23673630551118,2.26938601334184,0.388636382351693,0.476986639657106,1.8242192514229,0.711487028953212,0.00191181692338971,0.735808928478512,0,0,0.00106506821671844,1.83135296450343,0,0.398495087214113,7.8797908072877,1.45786806915395,0.133888297650591,0.0039432041901927,0.00632928004665925,0.0374810989214218,0.00680599755676416,0.00445483210296571,0,0,0,0,0,0,0.0765732252975148,0.00260236983798946,0,0,0,0,0,0.015070067402836,0,0,0,0,0,0,0,0.00143487581077838,0,0,0,0,0.0396225926260408,0.000527671804851244,0,0.00282349494258451,0.00663386688746768,0.00818493382297643,0,0,0,0,0,0,0.000180072993006866,0,0.452792721094718,0.000475176396479673,0,0
0.000461251402003178,0.107705839883671,8.64098368736136,0,0,0,0.0804230156155076,0,0.976176181761002,0.00221258127884049,0.00962685438605642,0.00258276598134684,0.000319275150407305,0,0,42.2735803891761,6.60735860750643,0,0.0179595270494414,0,8.99858444675841,8.23673630551118,0,0.172983654090589,0.000676276240879937,0.0193315362862,5.5145307556898,0.497454123332898,0.00232314638610849,2.51202609401955,0,0,0,1.85122572144682,0,0.473447904796925,2.43647718407887,0.291309261256153,0.0330292116628572,0.00103261662666954,0,0.00106823878245689,0.006879023088602,0,0,0,0,0,0,0,0,0,0,0,0,0,0,0.000506695810420336,0,0,0,0,0,0,0,0,0,0,0,0,0.00132699267770929,0,0,0,0,0,0,0,0,0,0,0,0,0,0.291770725319248,0,0,0
0.00193870024190494,0.00210657445272729,0.0420900149114188,0.817746083562559,0,0.28332810474077,1.26786708152719,0,7.47392102461644,0.20849954319711,0.000727979920841719,0.747605096954168,0,0,0.000782555889779206,1.02521995399238,0.0174026467322802,0,0.00132142883276301,3.36421206893436,0.521013284366064,2.26938601334184,0.172983654090589,0,0.000524496642024141,0.000587346428651367,0.00233725087745727,57.1862923239954,0.00845158904845027,0.717348721627228,0,0,0.00082732570406797,0.141642129640329,0,0.15678203042129,0.597954706950095,0.0151961154057102,0.00156560240292939,0.0129675946963401,0,0,0.000881580366091579,0,0,0,0,0,0,0,0,0,0,0,0,0,0,0.00288357094049152,0,0,0,0,0,0,0,0,0,0,0,0,0,0,0,0,0,0,0,0,0,0,0,0,0,0,0.0756634092595896,0,0,0
0,3.90458332228762,0.264311524236891,0,0,0,0,0,0.00458889614395303,0,1.63160719183737,0,12.2566179655236,0,0,0,0.0272451915079601,0.0151590536662635,0.0792815891778865,0,0,0.388636382351693,0.000676276240879937,0.000524496642024141,0,1.05747517784552,3.37499852965129,0,0,0.000483473609510458,0.00329908995667888,0,0,0.131199652195262,0,0.00631318114255609,10.1398714241813,0.494565865678476,0.132364468464675,0.000123606864737488,0.000536364537147106,5.67578127020024,3.77179394959845e-05,0.0481411179797159,0.00616723423489212,0,0,0,0.121702875827104,0,0,0,0,0,0,0,0,0.0267561364927138,0,0.00441690998672978,0,0.0107901343022641,0,0,0,0,0,0,0,0,1.00050512621037,0,0,0.579709249762645,0,0,0,0,0,0,0,0,0,0,0.000151511446468844,0,0,0
0,1.03953140202808,11.0998429184238,0,0,0,0.000423466311305892,0,0.0156027434679488,0,7.25903452823257,0,2.44025587733647,0,0,0.00151121532197971,5.36866976795784,2.21596853450738,10.5465681336106,0,0.00128785658878389,0.476986639657106,0.0193315362862,0.000587346428651367,1.05747517784552,0,12.9495191406757,0.000656479005123547,0,0.00083202090804075,0.420290778811976,0,0,0.166037976597095,0,0.00206393836551294,0.294578440648062,0.0970727393393604,0.00483906304673182,4.50454067579529e-05,0,0.000897423819247234,0,0,0,0,0,0,0,0,0,0,0,0,0,0,0,0.0063488947497603,0,0,0,0,0,0,0,0,0,0,0,0,0.0651644188123308,0,0,0,0,0,0,0,0,0,0,0,0,0,0.00137536970561337,0,0,0
0,2.17714750060719,7.21240684741308,0,0,0,0.00131953398005728,0,0.0392014333067714,0,2.35262101962333,0,3.07406530043292,0,0,0.900610760344083,0.143924630035796,0.0133644554871965,0.288949194088611,0,0.0283749710118859,1.8242192514229,5.5145307556898,0.00233725087745727,3.37499852965129,12.9495191406757,0,0.00966305790799709,0,0.0371585174857751,0.519049254196425,0,0,0.236287724336537,0,0.00970018313120037,0.370331583928204,0.0935742068496673,0.00571196757884379,4.76324150813986e-05,0.000483346263614778,0.001198777532081,9.37377661640424e-06,0,0,0,0,0,0,0,0,0,0,0,0,0,0,0.00685280679285793,0,0,0,0,0,0,0,0,0,0,0,0,0.0697730843414828,0,0,0.000722258770749416,0,0,0,0,0,0,0,0,0,0,0.00519209989594401,0,0,0
0.00703665496541083,0,0.0332886027885605,5.93617726577985,0,2.06192398573396,6.0326400429337,0.000191382046567309,2.03703692902412,4.46210740704515,0.00217708326324034,1.83422015973967,0,0,0,9.79312007277868,0.0305988568846518,0,0.00223573658595942,9.38520285603972,5.99572244022935,0.711487028953212,0.497454123332898,57.1862923239954,0,0.000656479005123547,0.00966305790799709,0,0.0170851790832179,1.8468558787037,0,0,7.98732545819652e-05,0.654351934156233,0,0.108052973388505,0.742236687753097,0.0096444115500424,0.00280888205996031,0.00581644691600577,0,0,0.000719708397323984,0,0,0,0,0,0,0,0,0,0,0,0,0,0,0.000883367681556967,0,0,0,0,0,0,0,0,0,0,0,0,0,0,0,0,0,0,0,0,0,0,0,0,0,0,0.0554442145544403,0,0,0
14.36983110421,0,0,0,2.26337618667593,3.63518915662751,0.840872507956245,5.1436701015538,0.007425912173725,0.0217285100060259,0.000965891852480583,0.0194434710932621,0,4.54441141524366,0.467695146088561,0.00202123339341379,0.000339562968299598,0,0,0,0.000639295880559707,0.00191181692338971,0.00232314638610849,0.00845158904845027,0,0,0,0.0170851790832179,0,1.20999853397004,0,5.75352755428406,7.98307306701314,1.78196010849873,0,0.743393211802835,0.0577270526401525,0.279298063642251,0.0161383951856287,6.33482306826919,1.12288614991449,0,0.00269323637935335,0,0,2.25255684170192e-05,0,0,0,0,0,0,0,0,0,0,0,0,0,0,0,0,0,0,0,0,0,0,0,0,0,0,0,0,0,0,0,0,0,0,0,0,0,0,0.268189914848869,0,0,0
0.364708631854018,0,0.0504513228600419,0,0,0.0558071292562938,13.2439352729109,0.000246743291890401,1.10485346954536,0.0337142393963044,0.000366710604522792,0.129008194590032,0,0,0.00659519359100871,1.14595625251655,0.554202557703642,0,0.00427881003402031,0.0064548894698243,9.59000802264428,0.735808928478512,2.51202609401955,0.717348721627228,0.000483473609510458,0.00083202090804075,0.0371585174857751,1.8468558787037,1.20999853397004,0,0,0,0.0206523456839348,1.49982632215107,0,0.365675738214856,1.55558950844642,0.00477209124996556,0.0018414119215122,0.0486772878226532,0,0,0.000575911723491917,0,0,0,0,0,0,0,0,0,0,0,0,0,0,0,0,0,0,0,0,0,0,0,0,0,0,0,0,0,0,0,0,0,0,0,0,0,0,0,0,0,0.0979919344211981,0,0,0
0,0.00441601002941813,0,0,0,0,0,0,0,0,1.65972615114037,0,7.95159012547144,0,0,0,0,0,0.00861417036762406,0,0,0,0,0,0.00329908995667888,0.420290778811976,0.519049254196425,0,0,0,0,0,0,0,0,0,0,0,0,0,0,0,0,0,0,0,0,0,0,0,0,0,0,0,0,0,0,0,0,0,0,0,0,0,0,0,0,0,0,0,0,0,0,0,0,0,0,0,0,0,0,0,0,0,0,0,0,0
0,0,0,0,11.6476477822683,1.85779705079763,0,0.518585345262639,0,0,0,0,0,0.585499523573463,0.0116695209740807,0,0,0,0,0,0,0,0,0,0,0,0,0,5.75352755428406,0,0,0,0.0113639770076216,0.497161926197299,0,0.00182773072354164,0,0,0,0.038129128366879,3.24421571045999,0,0,0,0,0,0,0,0,0,0,0,0,0,0,0,0,0,0,0,0,0,0,0,0,0,0,0,0,0,0,0,0,0,0,0,0,0,0,0,0,0,0,0,0,0,0,0
0.236101228600857,0,0,0,0.0859220658524491,0.274186455135329,0.0350097201275748,0.0844631285009615,0.00644011819848785,0,0,0.00415736249878786,0,0.0211507894094815,0.097981637327425,0,0,0,0,0,0,0.00106506821671844,0,0.00082732570406797,0,0,0,7.98732545819652e-05,7.98307306701314,0.0206523456839348,0,0.0113639770076216,0,1.26204963925095,0,0.727142776358838,0.00689374788955537,0.0429928718673483,0.0205038056210907,1.73667210273651,0.0549843094818964,0,0.00148670764854431,0,0,0,0,0,0,0,0,0,0,0,0,0,0,0,0,0,0,0,0,0,0,0,0,0,0,0,0,0,0,0,0,0,0,0,0,0,0,0,0,0,0.173486953452395,0,0,0
0.230333918652712,0.368092389019134,1.69697825625998,0,0.526111261339582,0.764749856365757,0.505892030344172,0.0343700791353097,0.4990126518743,0.006719068586617,4.33947436445601,0.0869589161325651,0.264692542505063,0.0358328976675009,0.425110460227816,0.186809068542502,0.830690712586649,0.00156708720541565,0.384780934806444,0.0023797104637693,0.370132906803706,1.83135296450343,1.85122572144682,0.141642129640329,0.131199652195262,0.166037976597095,0.236287724336537,0.654351934156233,1.78196010849873,1.49982632215107,0,0.497161926197299,1.26204963925095,0,2.07106754444354e-05,22.4909894591742,15.5279782678318,48.404623925119,3.81178778955559,10.3033727346695,2.52802278953008,0.273180603643156,0.101390828981812,0,0,1.01347338886332e-05,0,0,0,0,0,0,0,0,0,0,0,0.0144238111585216,0,0,0,0,0,3.8152794243652e-05,0,0,0,0,0,0,0.184967458876335,0,0,0.00285210882933817,0,0,0,0,0,0,0,0,0,0,11.9067468610997,2.62035108378202e-05,0,0
0,0,0,0,0.0102479373488141,0,0,0,0,0,0,0,3.57135597823985e-05,0,0.0671135334383047,0,0,0,0,0,0,0,0,0,0,0,0,0,0,0,0,0,0,2.07106754444354e-05,0,0.230016365608671,0.000401529356109315,0.000632122948292641,0.00161088053904754,0.0203450063529828,0.00131038900229176,0.000162076192274374,0.300749780041923,0.00599859934305001,0.00376273992000874,0.0213639975098527,0.0753819361589237,0.00870048941313947,0.000264521231552696,0,0,9.02570675238308e-05,0,0.00934169784893771,8.35866806816598e-06,0,6.81843448314457e-06,0,0,1.90319630666006e-05,0,0,0,0.0307229899522772,0,7.76216587216438e-06,0,0,0,3.23958600744884e-05,0,0,0,0,3.58318917234829e-06,0,0,0,0,0,0,0,0.0013979734756229,0.931524179047173,0.0922025936826368,0.303140720744568,0.0121919474888015,1.56638328075113
0.273682328181412,0.0106452096229617,0.31718980621439,0,0.0935129806217787,0.0191842267700314,0.287800045873112,0.0012004068500585,16.1648994816085,0.00449088067201579,0.00795931888765628,1.72078356245308,2.38097114468267,0.000354989811724132,1.25894484553268,0.0427886181128589,0.0968805065530354,5.66595955236626e-05,0.00653028057583254,0.000227977176121096,0.028046167862739,0.398495087214113,0.473447904796925,0.15678203042129,0.00631318114255609,0.00206393836551294,0.00970018313120037,0.108052973388505,0.743393211802835,0.365675738214856,0,0.00182773072354164,0.727142776358838,22.4909894591742,0.230016365608671,0,9.61562369410682,32.0777143156805,28.3412565566536,17.9782320276577,3.35995325083919,1.92366712437637,2.71333893524042,0.0222899385725852,0.0156194132488119,0.0817861266918512,0.0583348357090433,0.0341189572532268,0.0116624567291536,0,0,0,0,0.017473094320478,0.000125733423199972,0,0,0.00938806763267629,0,0,0,0.00785576527345914,0,0.0194195437306614,0,6.3785539947468e-05,0,0,0,4.75123176251206e-06,0.000549430167091377,1.46153754432978e-05,0,0,7.63107925834873e-05,0,0,0,7.91954993471821e-06,0,0,0,0.150783791697801,0.0542606767506934,75.8966366166158,0.495739712076208,0.00149065740501817,0.000473164302058736
0.0144229080788126,0.727875542358074,7.01702551361293,0.000685822434968453,0.000147452260143515,0.0417099077273159,0.434564665205102,0,4.27504263076846,0.018014708897661,7.37703743996771,0.0333699643116451,7.19499542798441,7.23332285611725e-05,0.013704181419252,0.296826227136799,0.961655797227555,0.00957564849631789,0.85099633782123,0.0106249219848814,0.500818096281795,7.8797908072877,2.43647718407887,0.597954706950095,10.1398714241813,0.294578440648062,0.370331583928204,0.742236687753097,0.0577270526401525,1.55558950844642,0,0,0.00689374788955537,15.5279782678318,0.000401529356109315,9.61562369410682,0,35.139579534647,8.95001961023823,0.207262165587606,0.94738827719683,9.58092097877553,0.221291447411261,0.0680015045702172,9.67646092203036e-05,0.000752469547750587,8.98301372550055e-05,0.000728449459260795,0.0509593886145614,0,0.00127481348781554,0,0,0,0,7.34386302980476e-05,0,0.297087198006115,0,0.0027977569230937,0,0.000952129319324965,0,0,0,0,0,0,0,0,0.871388917209362,0,0,0.13331436732371,0,0,0,0,0,0,0,0,0.0018741408976817,0.000253208374223935,7.43222946714412,0.00105026175330828,0,0
0.0577630522744991,0.261355542158881,1.76235179480426,0,0.0106536158591425,0.0984292235647506,0.00880533141408449,0.00078830881721993,0.193163353059971,6.18439915056569e-05,3.79381715304842,0.0236738995271146,2.20456297642763,0.00185440789151982,0.0976997879001508,0.0100279101965306,0.274218722202051,0,0.240072962146117,0,0.0100353176326399,1.45786806915395,0.291309261256153,0.0151961154057102,0.494565865678476,0.0970727393393604,0.0935742068496673,0.0096444115500424,0.279298063642251,0.00477209124996556,0,0,0.0429928718673483,48.404623925119,0.000632122948292641,32.0777143156805,35.139579534647,0,4.39939761784107,3.86443360399829,13.6840333829145,2.81285929145178,0.502547766679891,0.00397900011314665,0.000106703239898358,0.000731923539263643,4.59594266401958e-05,3.41144476959927e-05,0.00286713927911136,0,0,0,0,0,0,0,0,0.00834389530426593,0,0,0,0,0,8.53467753927188e-05,0,0,0,0,0,0,0.0747888337027269,0,0,0.0075128198509833,5.19866449702933e-06,0,0,0,0,0,0,0,0.00179269425839356,0.000204212536109655,22.433113757385,0.0229033517444478,1.70889423397255e-05,0
0.00695151725837921,0.00938688084413917,0.167872412822241,0,0.000499911404185041,0.00241343829775107,0.00153656321173097,0,0.0452496905152925,0,0.16628440145929,0.00760613611213908,1.06860922782121,0,0.00439437190244583,0.000938131404824905,0.0315225211173905,0.000805005944370732,0.01982864206279,0,0.00286247929729872,0.133888297650591,0.0330292116628572,0.00156560240292939,0.132364468464675,0.00483906304673182,0.00571196757884379,0.00280888205996031,0.0161383951856287,0.0018414119215122,0,0,0.0205038056210907,3.81178778955559,0.00161088053904754,28.3412565566536,8.95001961023823,4.39939761784107,0,0.573473439856697,1.76664365123563,2.82659966911365,0.540552840114246,0.0109229869931028,0.00186224337525602,0.00394089382852022,0.000765735569164548,9.62401703262852e-05,0.0167657343996385,0,0,0,0,0.000156032497424288,2.36304046935083e-05,0,0,0,0,0,0,0,0,0.00102751926377344,0,2.43024622397997e-05,0,0,0,6.04825201698988e-06,0.0100077495054394,4.83606564948729e-06,0,0,0,0,0,0,0,0,0,0,0.0297165495672521,0.000495000294228665,24.0103624102984,0.157820615040224,0.000156770633662596,4.77931594940668e-05
11.848546721604,0,0.00105188946745411,0,27.7554249234953,3.83003708742613,1.31901699174361,0.17672254130568,8.28322143907698,0.131640613637289,0.00180229479206393,5.5016519037077,0.00705990224034914,0.128517958650614,54.4870330278209,0.00317576206194733,0,0,0,0,0.000835518560694797,0.0039432041901927,0.00103261662666954,0.0129675946963401,0.000123606864737488,4.50454067579529e-05,4.76324150813986e-05,0.00581644691600577,6.33482306826919,0.0486772878226532,0,0.038129128366879,1.73667210273651,10.3033727346695,0.0203450063529828,17.9782320276577,0.207262165587606,3.86443360399829,0.573473439856697,0,2.16770019087616,0.0216149397987219,0.619074048080445,0.018453051457396,0.00640275366295838,0.0263147132304873,0.0289887552997042,0.00665160273898257,0.00394356714241179,0,0,8.99921023034809e-06,0,0.00267227981953114,0.000237089331436112,0,2.85764278285111e-05,0,0,1.68065093649498e-05,0,0,0,0.00542294059315126,0,1.12284330237449e-05,0,0,0,1.00611384448126e-05,0,7.40648490252314e-06,0,0,1.91379488906644e-05,0,0,0,1.02147248954385e-05,0,0,0,0.00204087100554638,0.00682924105452395,11.2705037824549,1.12039664301022,0.000443808476055028,7.88565598955891e-05
0.0238559166228443,0.000888428996513174,0.00196294204270422,0,15.979598635488,1.1708817511775,0.000918479708427126,0.23688660802331,0.00471032938740441,0,0.00486976604712587,0.000893451785446104,0.549142172057273,0.042245281710227,0.693826734967879,0,0.00157325182846696,0,0,0,0,0.00632928004665925,0,0,0.000536364537147106,0,0.000483346263614778,0,1.12288614991449,0,0,3.24421571045999,0.0549843094818964,2.52802278953008,0.00131038900229176,3.35995325083919,0.94738827719683,13.6840333829145,1.76664365123563,2.16770019087616,0,0.526316087167831,0.0413160761686855,0.000753902637807668,0.000234809114522997,0.00126219887831993,0.000294957305989154,3.37075342485677e-05,0,0,0,0,0,0,0,0,0,0,0,0,0,0,0,0,0,0,0,0,0,0,0.000943636580129692,0,0,0,6.88660823576744e-06,0,0,0,0,0,0,0,0.000119202176223567,0.000300294498678123,2.938400185155,0.0746355548216735,0.00019242570179053,0.000299197754179473
0,0.0141136410319684,0.0226265695875557,0,0,0,0,0,0,0,1.48131493353591,0,5.42506828734746,0,0.000491387323258454,0,0.0060297920701893,0,0.00611671958750991,0,0,0.0374810989214218,0.00106823878245689,0,5.67578127020024,0.000897423819247234,0.001198777532081,0,0,0,0,0,0,0.273180603643156,0.000162076192274374,1.92366712437637,9.58092097877553,2.81285929145178,2.82659966911365,0.0216149397987219,0.526316087167831,0,0.0105707077383133,0.020840409148815,0,0,0,0,0.0828774557633608,0,0,0,0,0,0,0,0,0,0,0,0,0,0,0,0,0,0,0,0,0,0.00427818462994547,0,0,0.0389113334413313,0,0,0,0,0,0,0,0,0.0724569417948051,3.66363338523562e-05,0.234683568628796,0.00645387369714886,0,0
0.00102841682542838,0.00013534558394984,0.00880565102985149,0,0.249936490473858,0,0.000565523480830941,0,0.0306959262871666,0,5.63916000708587e-05,0.00389615663553499,0.0428431836084929,0,0.514414020704116,0.000353181630605748,0.00145464089506329,0,0.000218151928799702,0,0.000317329036799879,0.00680599755676416,0.006879023088602,0.000881580366091579,3.77179394959845e-05,0,9.37377661640424e-06,0.000719708397323984,0.00269323637935335,0.000575911723491917,0,0,0.00148670764854431,0.101390828981812,0.300749780041923,2.71333893524042,0.221291447411261,0.502547766679891,0.540552840114246,0.619074048080445,0.0413160761686855,0.0105707077383133,0,21.4705473135783,28.5479622192868,24.4764961418154,15.1245767112185,0.831806017938382,0.270050612693574,0.271566665328818,0.0352084796585229,0.496969318141954,0,0.0960895547274882,0.720553364170319,0.035185373474497,0.536794942861186,14.8955606872161,0.00807568208147947,0.268559454002089,0.254215109950418,0.0165590142009856,0.0728453551160653,1.08263029078286,0.0713479851647089,0.732132905186341,0.00106627696206151,0.0634810467167,0.00106411188042633,0.253681193798122,0.410674408026653,0.351016363897799,1.70683664070967,0.0142359243468001,0.246112812631965,0.0339818431394608,0.021488837886904,0.0203041608014002,0.0722124438207061,0.000385891093812069,0,0.069867399198791,16.185793805539,0.275260774349493,1.64047678029745,49.7353037583319,0.00139492122067181,0.000656778478090854
0,0.00408692471215732,0,0,0.0106286521788819,0,0,0,0,0,0.00469494508818219,0,0.0796839296334804,0,0.016373746430689,0,0,0,0,0,0,0.00445483210296571,0,0,0.0481411179797159,0,0,0,0,0,0,0,0,0,0.00599859934305001,0.0222899385725852,0.0680015045702172,0.00397900011314665,0.0109229869931028,0.018453051457396,0.000753902637807668,0.020840409148815,21.4705473135783,0,13.9914551868217,5.93907717234351,0.92578989768563,0.0263118757668125,9.35642096823584,1.34589599762364,0.205402719324755,2.0934047565935,0,0.00225622113366146,0.336568703075877,0.343931813947855,0.645427468859531,0.186272213075379,0.0473364176556253,5.03147325275704,0.0139118012335662,2.03611394963627,0.22278431962631,0.017634358816135,1.21409264791417,1.3337748408272,0.00885703665890518,0.559796030023689,0.00107345428028732,1.00629875130875,4.31580110851277,1.72772132948088,0.276062515233903,12.2939975707931,1.89132747866728,0.590332947032652,0.0756532990354208,0.137843847685152,1.00123681908035,0.00424464635557176,0,0.353300932123201,16.157848722187,0.00599223001579242,0.00153065289686115,14.200075005743,0,0
0,0,0,0,0.00544977444509693,0,0,0,0,0,0,0,0.00169493508868351,0,0.00521909064291596,0,0,0,0,0,0,0,0,0,0.00616723423489212,0,0,0,0,0,0,0,0,0,0.00376273992000874,0.0156194132488119,9.67646092203036e-05,0.000106703239898358,0.00186224337525602,0.00640275366295838,0.000234809114522997,0,28.5479622192868,13.9914551868217,0,7.20408169417397,6.15240013104338,3.64906727219567,3.98432780952143,0.0226027320881509,0.0303502603242988,0.150738940379803,0,0.0109555645162906,0.639343271959079,0.00481124811833232,0.468685728708134,0.0348777355201406,0.000664183701124529,16.0939159011979,0.00248674931930193,1.20305063354487,0.0246340272788957,0.022660089978303,0.0148474904295626,0.230145096440995,0.00225381278647212,0.49038095313878,0,0.0473584563895812,0.075138927982971,0.135231579655768,0.014022034243806,0.638919416181917,0.413006871436315,0.0659564074204246,0.000782961124480656,0.0775407799680555,0.0384383193080275,0.00263192135528542,0,0.00992726857449202,39.1415728574565,0.00429018309545397,0.00894595402239447,23.4807943675227,5.27080022352539e-05,0.000172536904793274
0,0,0,0,0.0167842253160448,0,0,0,0,0,0,0,0.00558356656341186,0,0.0409060919840518,0,0,0,0,0,0,0,0,0,0,0,0,0,2.25255684170192e-05,0,0,0,0,1.01347338886332e-05,0.0213639975098527,0.0817861266918512,0.000752469547750587,0.000731923539263643,0.00394089382852022,0.0263147132304873,0.00126219887831993,0,24.4764961418154,5.93907717234351,7.20408169417397,0,4.2449320566415,1.64653528411897,5.01705579253439,0.00540705377144321,0.00707202973753678,0.09284627677809,0,0.00989677527082104,0.0944049949181072,0.00258279828753744,0.0195790818909691,0.0538532401837119,0,0.689995789898881,0.00884901323639352,0.166026868756628,0.0012389540816549,0.11455461677573,0.010506543316986,0.113340990797684,0,0.0721165418979277,0,0.0292387163966503,0.0771426533179279,0.0572540313667423,0.0108554916652728,0.0806344686506111,0.0825657606131044,0.0135373985388373,0.00126272650091116,0.000171417274903669,0.0263855259098517,0,0,0,3.95908274075533,0.0241473898563711,0.0963353087720019,32.018287885473,0.00157661397405008,0.000165281929932152
0,0,0,0,0.161997405440856,0,0,0,0,0,0,0,0.000218899387595728,0,0.0746073217913811,0,0,0,0,0,0,0,0,0,0,0,0,0,0,0,0,0,0,0,0.0753819361589237,0.0583348357090433,8.98301372550055e-05,4.59594266401958e-05,0.000765735569164548,0.0289887552997042,0.000294957305989154,0,15.1245767112185,0.92578989768563,6.15240013104338,4.2449320566415,0,5.57799859918752,0.0069469340420468,0.0968109198716444,0,8.02008248164781e-05,0.00115701889841252,16.4383976392344,19.2170159141043,0.0891152387429213,1.29358977131025,4.99881755334729,0.0501245197787549,0.00071728302620405,5.58016651194324,0,0.0608258345998527,59.853589774108,0.0126013245012261,0.00102083207980595,0,2.05023254510868e-05,0.00314323899596958,0.000211949006155573,0.0117095904220733,0.000443067891846251,2.50280955175538,0,0.000104579396678238,0,0.101447846914906,0.0301156322740721,0.00510293377059747,0,0.0177026356572357,0.0418427782714086,2.384237753049,0.113180498422684,0.0485831306885974,13.1760281854326,0.00150284040086157,0.000411156570796305
0,0,0,0,0.0263991323270635,0,0,0,0,0,0,0,0,0,0.0110024464568285,0,0,0,0,0,0,0,0,0,0,0,0,0,0,0,0,0,0,0,0.00870048941313947,0.0341189572532268,0.000728449459260795,3.41144476959927e-05,9.62401703262852e-05,0.00665160273898257,3.37075342485677e-05,0,0.831806017938382,0.0263118757668125,3.64906727219567,1.64653528411897,5.57799859918752,0,0.0170718980606132,0,0,0,0,7.42094017765814,4.21922247501277,0,3.10487570350508,0,0,0.00216094961109902,0,0,0.134527123264003,0.198145360664658,0,0,0,0,0,0,0,0,0.000218456285633122,0,0,0,0,0.690085569737478,0,0,3.17399860191125,0,2.92025269636758,0.01392807742601,0.0478696580130141,1.77893864064133,9.0850406865471e-05,9.74352094542147e-05
0,0,0,0,0.00348491120310291,0,0,0,0,0,0.00149927543853532,0,0.0980188101264228,0,0.000177501421484812,0,0,0,0,0,0,0,0,0,0.121702875827104,0,0,0,0,0,0,0,0,0,0.000264521231552696,0.0116624567291536,0.0509593886145614,0.00286713927911136,0.0167657343996385,0.00394356714241179,0,0.0828774557633608,0.270050612693574,9.35642096823584,3.98432780952143,5.01705579253439,0.0069469340420468,0.0170718980606132,0,0,0.0050892676329969,0.0378504045242757,0,0.0012219674364724,0,0.00110553263005121,0,0.00124465669735768,0,1.46454405474583,0,7.24047874060747,0,0.00136975334379073,0.00162597924926242,0.0703093157516411,0,0.0239010554963908,0,0.00850420445900799,0.028136748378325,0.0222761835442205,0,10.2232677621044,0.0238928653315194,0.00172274347891104,0,0,0.0052770987282981,0,0,0,1.41505009147342,0.000408348299288307,0.00259928846298887,0.0908815966261227,0,0
0,0,0,0,0,0,0,0,0,0,0,0,0,0,0,0,0,0,0,0,0,0,0,0,0,0,0,0,0,0,0,0,0,0,0,0,0,0,0,0,0,0,0.271566665328818,1.34589599762364,0.0226027320881509,0.00540705377144321,0.0968109198716444,0,0,0,0.000917512853298733,0.0108126657280877,0,0,0.151704919842417,4.63315946810034,0.995576436832138,0.107237122804891,0.0469902724685897,0,0.0277250098605458,0,14.2954181879389,0.00552208701788523,0.11408543973389,7.70710880686762e-05,0,0,0.000144991359263983,0.0107248251644216,0.155685705395721,0.0167093548886022,0.176379919958116,0,0.00122421170449874,0.000930253854720009,0.0497580266864771,16.8645724331764,3.0541928794004,0,0,22.3994317089328,2.34957049685871,0,0,0.154614021016776,0,0
0,0.0412639564883716,0,0,0,0,0,0,0.000392621663529505,0,0,0,0,0,0,0,0,0,0,0,0,0.0765732252975148,0,0,0,0,0,0,0,0,0,0,0,0,0,0,0.00127481348781554,0,0,0,0,0,0.0352084796585229,0.205402719324755,0.0303502603242988,0.00707202973753678,0,0,0.0050892676329969,0.000917512853298733,0,3.38347444790883,0,0,0,0.00524260707858752,0,0.017457093769553,0,0.00698904533865143,0.000927107095774315,0,0,0,0.0619768636107711,0.277151797350916,0,0.0088445030672754,0,0.047906732441394,6.81980620505548,0.24244966238587,0.0066756914530195,2.92921068542433,0.779883706659116,0.777403063789965,0.00190456373595868,0,0.0215088715863855,0,0,0,0.233640191936259,0,0,0.011489639120656,0,0
0,0,0,0,0,0,0,0,0,0,0,0,0,0,1.25717197709445e-05,0,0,0,0,0,0,0.00260236983798946,0,0,0,0,0,0,0,0,0,0,0,0,9.02570675238308e-05,0,0,0,0,8.99921023034809e-06,0,0,0.496969318141954,2.0934047565935,0.150738940379803,0.09284627677809,8.02008248164781e-05,0,0.0378504045242757,0.0108126657280877,3.38347444790883,0,0,0,0.00450530754175019,0.0390353319636992,0.00193921254229144,0.00451390717809436,0.00124559413033998,0.0228903738694539,0.00289620990195603,0.00227651908506803,0.00182016326091959,0,1.30667307234712,1.22255107714752,0,0.0270718071340022,0,0.59852968068764,5.27946295392543,6.4021007096596,0.0519256008147226,0.0513801779348412,4.52312516404743,5.9839265769212,0.0202247544096602,0.00050271924518705,0.307781948500865,0,0,0.00135557463390346,1.50224133244429,0,0,0.215390234829954,0,0
0,0,0,0,0,0,0,0,0,0,0,0,0,0,0,0,0,0,0,0,0,0,0,0,0,0,0,0,0,0,0,0,0,0,0,0,0,0,0,0,0,0,0,0,0,0,0.00115701889841252,0,0,0,0,0,0,0,0.0106750996061134,0.00593694139116861,0,0,12.3196045066465,0,0.146993282043282,0,0,0,0.00174140286725573,0,0,0,61.0905979039586,0,0,0,2.31450177358634,0,0,0,6.91451487706045,0,0,0,0,0,0,0,0,0,0,0
