0,0,0,0,0,2.69227350447731,2.20278752437867,9.86229009530978,0,0.162247432730407,0,0.189420490586492,0,17.7304975330478,0.0302844038127891,0,0,0,0,0.0372405460985501,0,0,0.000121089722437977,0.0165202907318971,0,0,0,0.0201138813015303,17.640710496538,0.230398238224559,0,0,0.232165341300019,0.0500954984992601,0,0.00458596907166273,0.00210479558099682,0.00375788215561712,0,0.138475588394021,0,0,0,0,0,0,0,0,0,0,0,0,0,0,0,0,0,0,0,0,0,0,0,0,0,0,0,0,0,0,0,0,0,0,0,0,0,0,0,0,0,0,0,0,0.00561415345056687,0,0,0
0,0,0.869679932945767,0,0,0,0.00100593755846777,0,0.061194430544203,0,1.22231014320868,0,0.307348051304514,0,0,0.119395064186166,0.104429123208784,0.0280258881437356,0.143464602895525,0,0.00467979647557263,6.67319711396588,0.127846938989833,0.0512339459802409,7.49866573337716,0.453682940592233,2.25503849149937,0.0105960016973497,0,0.00729791032775288,0,0,0,0.173482159640323,0,0.0570445037275031,0.571260610405975,0.0785973857609964,0.00344521361315725,0.00179490759143049,0.000764447196685558,0.0222079804334923,0.00195016103495593,0,0,0,0,0,0.00396518338306798,0,0.51102042521057,0.00440377206557274,0,0,0,0,0,0,0,0.00212342738548132,0,0.0112115406345901,0,0,0,0,0,0.00507316477439088,0,0,0,0.000837162250323764,0,0.646379016437004,0.05779912474843,0.0586690153050154,0,0,0,0,0,0,0,0,0.104824580905705,0.0016414795166462,0.00214023105285388,0
0,0.869679932945767,0,0,0,0.00320467232668694,0.0117080280740283,0.00203692869399304,0.034697134421365,0,0.482108189712293,0,0.0087578939547643,0,0,0.568528521909658,2.45757501281414,0.0106765678107974,0.608024010251739,0,0.353253589935205,1.30840324269273,7.80956650361335,0.182391528174424,0.144303348246037,16.2601816678236,6.17566392190398,0.267867491807888,0.00118695208865138,0.162971304018356,0,0,0.00243228670755075,2.84874022083882,0,1.94070886649911,4.54399156348974,0.525027409322755,0.0803629895223997,0.05728884346947,0.00601905734469804,0.00287104392664158,0,0,0,0,0,0,0,0,0,0,0,0,0,0,0,0,0,0,0,0,0,0,0,0,0,0,0,0,0,0,0,0,0,0,0,0,0,0,0,0,0,0,1.67841481658469,4.5879568791752e-05,0.00444514750628144,0
0,0,0,0,0,0.0215784107790076,0.33736674135872,0.00177707529408848,0,6.00107384211809,0,6.5569714978718,0,0,0,0,0,0,0,74.7039304394463,0,0,0.00147193483160969,2.73213579831058,0,0,0,10.8882404673255,0,0,0,0,0,0,0,0,0,0,0,0,0,0,0,0,0,0,0,0,0,0,0,0,0,0,0.000655869947361547,0,0,0,0.0014772167202648,0,1.50416236326564,0,0,0,0,0,0,0,0.714870640814526,0,0,0,0,0,0,0,0,0,0,0,0,0,0,0,0,0,0,0
0,0,0,0,0,0.514020568302868,0,0.0228262832865444,0,0,0,0,0.000206623978757597,0,2.15894549522954,0,0,0,0,0,0,0,0.000242198437065445,0,0,0,0,0,0.0518461962375654,0,0,10.2216070184119,0,0.862080315004794,0.0434927700742351,0.0567298399638986,0.000338871539558666,0.00571157182328422,5.7829167847195e-05,24.7014353358576,15.0192805393568,0.000183075347417749,0.169237400246111,0.000744896847879778,0.000319990416119756,0.00158283422543758,0.201718379371842,0.0086891999529839,0,0,0,0,0,0.00754311074537706,0,0,0,0,0,0,0,0,0,0.103446281889405,0,0,0,0,0,0,0,0,0,0,0,0,0,0,0,0,0,0,0.000817411022558566,0.0261148432128262,0.0398894257802229,0.356010272694396,0.00819963272134559,0.00024209286226113
2.69227350447731,0,0.00320467232668694,0.0215784107790076,0.514020568302868,0,1.63668910627517,12.5657766802512,0.152158708391374,5.84668985579765,0.00288821858530729,4.84021595053768,0.000181556638095286,0.662234802372644,0.49128813497423,0.00185884609979355,0,0,0,4.67183820975977,0.00721023641880383,0.00855337123220646,0.0114190398976685,0.208315486832771,0,0.000500555053363854,0.000338200400119507,0.26032028868837,7.98659722387405,0.830949957107882,0,9.70471956905551,2.05151400242312,4.95372090465914,0,0.0881510701693839,0.0192670200604933,1.89022255470262,0.107083160627294,13.2778335128412,2.68447494174668,0,0,0,0,0,0,0,0,0,0,0,0,0,0,0,0,0,0,0,0,0,0,0,0,0,0,0,0,0,0,0,0,0,0,0,0,0,0,0,0,0,0,0,0.0550482003957513,0,0,0
2.20278752437867,0.00100593755846777,0.0117080280740283,0.33736674135872,0,1.63668910627517,0,1.38984447940517,0.0202962846439145,9.08653047974854,0.000416851904961707,0.274456656239796,0,0.562143973403292,0.00246760059357834,0.0434718357716831,0,0,0.000224472114312107,2.50485357670644,0.218679825315984,0.0769787309150803,0.0944128190916085,5.59028935116515,0.000329658019911448,0.00199694242805643,0.00253871778594663,7.8114073688527,0.36524396414566,7.97422685355887,0,0,0.0741956346871749,0.276086576783295,0,0.0706530358735444,0.142141908727826,0.00596003160309739,0.000304263038669366,0.0457267601978086,0,0,0,0,0,0,0,0,0,0,0,0,0,0,0,0,0,0,0,0,0,0,0,0,0,0,0,0,0,0,0,0,0,0,0,0,0,0,0,0,0,0,0,0,0.0662465539344048,0,0,0
9.86229009530978,0,0.00203692869399304,0.00177707529408848,0.0228262832865444,12.5657766802512,1.38984447940517,0,0.000971959383949152,2.14686002871819,0,0.11719864795096,0,17.7981424337104,0.0088115549093557,0.00117950131449168,0,0,0,0.109254742200336,0.00302696383664507,0.00370484171030864,0.00368225153064722,0.054403103779029,0,0,0.000150630589993099,0.0926029032974538,26.5298193744581,0.270002943012235,0,5.12342249227199,2.09116665346683,4.4577235709566,0,0.0461130092649003,0.0117991895563502,1.52892610378443,0.122151858074967,3.31071072705746,0.776985110632307,0,0,0,0,0,0,0,0,0,0,0,0,0,0,0,0,0,0,0,0,0,0,0,0,0,0,0,0,0,0,0,0,0,0,0,0,0,0,0,0,0,0,0,0.0119322391511467,0,0,0
0,0.061194430544203,0.034697134421365,0,0,0.152158708391374,0.0202962846439145,0.000971959383949152,0,0.00469304026226524,0.283241118167898,4.35394517103189,0.040736539690477,0,0.885955642004837,0.0180052895570842,0.0127112678000147,0.00185490259896131,0.0345390614855375,0.0117727978306507,0.0103844450009505,12.2450456163404,0.00802525505234119,12.8798589598232,1.01358641983074,0.0405903351021874,0.0969807324163834,0.272496395552598,0.00177032471431374,0.00435963781470916,0,0,0,0.0547803811832622,0,0.587404541845767,0.776673108950797,0.0204930317062704,0.000570132739660143,2.8131653563592,0.00167698888760733,0,0.00145791024857937,0,0,0,0,0,0,0,0.0126934589517562,0,0,0,0,0,0,3.52931936275301,0,0,0,0,0,0,0,0,0,0,0,0,0.0632244333098406,0,0,0.144180502654555,0.00261218119419412,0,0,0,0,0,0,0,0,0,0.0573058816308439,0,0,0
0.162247432730407,0,0,6.00107384211809,0,5.84668985579765,9.08653047974854,2.14686002871819,0.00469304026226524,0,0,6.40525104447644,0,0.0804081384258191,0,0.000121682877004967,0,0,0,19.0368894829678,0,0.00216350852274561,0,0.839999849128114,0,0,0,5.8096691745127,0.00627216071818257,0.00958719160537469,0,0,0.00223646552023124,0.00115958208085962,0,6.04102457113787e-05,0.00312340932067484,0,0,0.00286384510991922,0,0,0,0,0,0,0,0,0,0,0,0,0,0,0,0,0,0,0,0,0.00295432108876947,0,0,0,0,0,0,0,0,0,0,0,0,0,0,0,0,0,0,0,0,0,0,0,0.000405452838503653,0,0,0
0,1.22231014320868,0.482108189712293,0,0,0.00288821858530729,0.000416851904961707,0,0.283241118167898,0,0,0,34.1639246855705,0,0,0.0164377878827914,0.567265999109669,7.33506507990808,6.53103966455644,0,0.00534643258435107,1.55380552806656,0.093896370538352,0.0782881715836187,4.29414955778502,11.2431239233288,3.97597576520352,0.0154610249772191,0,0.00272367339993943,2.06530152976912,0,0,4.54563398988589,0,0.305217745784308,24.577080103441,8.5087312669035,0.328384248048244,0.0121745934910684,0.193470108160666,3.093256389174,0.000159380014362035,0,0,0,2.65107522899057e-05,0.000128690509450987,0,0,0,0,0,0,0,0,0,0,0,0,0,0,0,0,0,0,0,0,0,0,0,0,0,0,0,0,0,0,0,0,0,0,0,0,0.130771792784146,0.000410754352503205,0.000108245984306103,0
0.189420490586492,0,0,6.5569714978718,0,4.84021595053768,0.274456656239796,0.11719864795096,4.35394517103189,6.40525104447644,0,0,0,0.0301919428217633,4.43323156410883,0,0,0,0,56.4024644175174,0,0,0,1.0534853207157,0,0,0,0.206961458687606,0.0237355855998719,0.0380410714999892,0,0,0.00163179011111575,0,0.00202503635726126,0.492236595383658,0.00794352625583319,0,0,8.32957205961521,0,0,0,0,0,0,0,0,0,0,0,0,0,0,0.000784378582436948,0,0,0,0.000426752515219011,0,0.732149161639365,0,0,0,0,0,0,0,0.00217812413910435,0,0,0,0,0,0,0,0,0,0,0,0,0,0,2.69419786822338e-06,0.0759438403500361,0,0,0.000200354333274762
0,0.307348051304514,0.0087578939547643,0,0.000206623978757597,0.000181556638095286,0,0,0.040736539690477,0,34.1639246855705,0,0,0,0,0.00169090569894634,0.00585229421734286,0.00702987444160516,0.0112404006439491,0,0.000318530033609765,0.38602080082561,0.00183784209014037,0.00501541345008733,14.0951578010991,3.82811912342623,1.0256238784601,0.00185852049384074,0,0.000214156956818201,16.6064701600407,0,0,0.0891447154476989,0.000426504518044497,6.07078663108524,9.27300576278234,2.79252122648556,0.674906199345555,0.15987101266039,0.651099944808748,8.43663183350581,0.0369695769213469,0.0186381677367362,0.013557288763486,0.015701194860565,0.00782189922725677,0.00094246648953027,0.00276803657615222,0,0.00174132623024395,0.00247571758043289,0,0,0,0.000995326080216838,0,0,0,0,0,1.22556292539405,0,0.00010987370215417,0.000721221727090576,0.00295196955809421,0,0,0,0,0,0,0,0,0.000795438859598319,0,0,0,0,0,0,0,0.0160415557986469,3.47605222030873e-05,1.5107348244668,0.0287489779403796,0.000247255218352836,0
17.7304975330478,0,0,0,0,0.662234802372644,0.562143973403292,17.7981424337104,0,0.0804081384258191,0,0.0301919428217633,0,0,0.00370629737325212,0,0,0,0,0.0131554125351582,0.00020062247148228,0,8.96105264644297e-05,0.00170079762659725,0,0,0,0.00235921076061806,7.31166430169153,0.0215161054361541,0,1.87702206252451,0.30425745472489,0.182938708989403,0,0.000985159665745024,0,0.0315458220894187,0.00137304235446077,0.0503707056223626,0.00784600388194703,0,0,0,0,0,0,0,0,0,0,0,0,0,0,0,0,0,0,0,0,0,0,0,0,0,0,0,0,0,0,0,0,0,0,0,0,0,0,0,0,0,0,0,0,0,0,0
0.0302844038127891,0,0,0,2.15894549522954,0.49128813497423,0.00246760059357834,0.0088115549093557,0.885955642004837,0,0,4.43323156410883,0,0.00370629737325212,0,0,0,0,0,0.0078958672876589,0,0,0,0.00326522618366118,0,0,0,0.00154548146358563,0.0527201049924061,0.02499518488713,0,0,0.00991998284842022,0.0122043182091339,0.0586811726585214,0.0529362669680383,0.00227241655770264,0.00341333166420381,0.000280774607844952,79.2915467693147,0.00747249482341417,0,0.0265891635004755,0,0.000176717647364125,0.00117658366158285,0.0273266139409872,0.00308680086507322,0,0,0,0,0,0,0,0,0,0,0,0,0,0,0,0,0,0,0,0,0,0,0,0,0,0,0,0,0,0,0,0,0,0,0.000136411569477565,0.0035723145067843,0.0195524329735017,0.0504047339521564,0.000448381251054847,0
0,0.119395064186166,0.568528521909658,0,0,0.00185884609979355,0.0434718357716831,0.00117950131449168,0.0180052895570842,0.000121682877004967,0.0164377878827914,0,0.00169090569894634,0,0,0,0.0184613325033915,0.00149657407940967,0.0204498117760889,0,23.8136807838758,0.751269281927423,38.2834976026443,1.76304273385705,0.0163300029315657,0.0702814603864958,5.37579176957379,1.13579335892024,0,0.13469421199172,0,0,0,0.193597114888505,0,0.221754837300427,1.7939235619108,0.0492874827752468,0.0159544609658602,0.00776568720031122,0,0,0,0,0,0,0,0,0,0,0,0,0,0,0,0,0,0,0,0,0,0,0,0,0,0,0,0,0,0,0,0,0,0,0,0,0,0,0,0,0,0,0,0,0.283685107227415,0,0.000790951810750848,0
0,0.104429123208784,2.45757501281414,0,0,0,0,0,0.0127112678000147,0,0.567265999109669,0,0.00585229421734286,0,0,0.0184613325033915,0,0.0306298032167337,33.4943463503356,0,0.0893262581370859,0.162828232828759,10.032819375691,0.0174288360407639,0.0710585402939722,4.44968946443005,0.43012345119721,0.00947897785215128,0,0.00886193508196973,0,0,0,0.539892103525177,0,0.0581420376076878,0.361182921094942,0.0519316127104317,0.00596874042503569,0.000334605163783613,0,0,0,0,0,0,0,0,0,0,0,0,0,0,0,0,0,0,0,0,0,0,0,0,0,0,0,0,0,0,0,0,0,0,0,0,0,0,0,0,0,0,0,0,0.0496352168109409,0,0,0
0,0.0280258881437356,0.0106765678107974,0,0,0,0,0,0.00185490259896131,0,7.33506507990808,0,0.00702987444160516,0,0,0.00149657407940967,0.0306298032167337,0,17.9665690315896,0,0,0.0129192723688511,0.0013839646176844,0.000677337006830068,0.0220278259697203,6.3727552106237,0.0647879372564071,0,0,0,0,0,0,0.0161199075289814,0,0.00365600700814357,0.194049919768774,0.0100799989451716,0.000136731506644554,0,0,0,0,0,0,0,0,0,0,0,0,0,0,0,0,0,0,0,0,0,0,0,0,0,0,0,0,0,0,0,0,0,0,0,0,0,0,0,0,0,0,0,0,0,0.00340447858571185,0,0,0
0,0.143464602895525,0.608024010251739,0,0,0,0.000224472114312107,0,0.0345390614855375,0,6.53103966455644,0,0.0112404006439491,0,0,0.0204498117760889,33.4943463503356,17.9665690315896,0,0,0.0111454023762045,0.182655255372013,0.266309396487193,0.0111326680508658,0.134693536846414,11.7661171601651,0.800352611912144,0.00224349898428195,0,0.00126245443145765,0,0,0,0.204099709795748,0,0.0741565111007197,0.532674745156042,0.0692279759266967,0.00593734698854973,0.000577294218107025,0,0,0,0,0,0,0.00013437354084922,0,0,0,0,0,0,0,0,0,0,0,0,0,0,0,0,0,0,0,0,0,0,0,0,0,0,0,0,0,0,0,0,0,0,0,0,0,0.0860362017152827,0,0.000121380687297314,0
0.0372405460985501,0,0,74.7039304394463,0,4.67183820975977,2.50485357670644,0.109254742200336,0.0117727978306507,19.0368894829678,0,56.4024644175174,0,0.0131554125351582,0.0078958672876589,0,0,0,0,0,0,0,0,5.28637015186209,0,0,0,11.3086544640774,0.0052461562684873,0,0,0,0,0,0,0,0.00292373359085776,0,0,0.00469738967064547,0,0,0,0,0,0,0,0,0,0,0,0,0,0,0,0,0,0,0,0,0.0760901460231899,0,0,0,0,0,0,0,0,0,0,0,0,0,0,0,0,0,0,0,0,0,0,0,0,0,0,0
0,0.00467979647557263,0.353253589935205,0,0,0.00721023641880383,0.218679825315984,0.00302696383664507,0.0103844450009505,0,0.00534643258435107,0,0.000318530033609765,0.00020062247148228,0,23.8136807838758,0.0893262581370859,0,0.0111454023762045,0,0,0.242180432492873,8.44862669592972,3.58936575275717,0.00176582303588758,0.0130227029580683,0.0571986452272318,3.05331062117551,0.00819061453274627,17.6537313998122,0,0,0.00458285766827645,1.75751925277949,1.95386775732613e-05,1.53767520554549,1.6560422930937,0.0764619035492936,0.0222021390505742,0.0740389002501108,0.000104155878119842,0.00173452399460692,0,0,0,0,0,0,0,0,0,0,0,0,0,0,0,0,0,0,0,0,0,0,0,0,0,0,0,0,0,0,0,0,0,0,0,0,0,0,0,0,0,0,1.15775311687393,0,0.00430432898058624,0
0,6.67319711396588,1.30840324269273,0,0,0.00855337123220646,0.0769787309150803,0.00370484171030864,12.2450456163404,0.00216350852274561,1.55380552806656,0,0.38602080082561,0,0,0.751269281927423,0.162828232828759,0.0129192723688511,0.182655255372013,0,0.242180432492873,0,0.93196748958246,7.74115977543965,7.04830714306402,0.553381665476396,1.11367272962501,0.706928348850413,0,0.0615633316911413,0.00403120614777214,0,0,0.592995437184473,0,0.443090497601293,3.07213659498265,0.205489766380231,0.02944733445814,0.00678517176273327,0.00160342296637996,0.0104225873428352,0.00849869293745264,0.0499287944087809,0.00145851314983442,0,0,0,0.00635346762666355,0,1.51213405009633,0.0240154247165302,0,0,0,0,0,0.0132784236942801,0,0.0371049967401085,0,0.0855214110223895,0,0,0.00187033183936425,0.00207825632462166,0.00218660916827561,0.0022958828387275,0,0,0.0307013875504916,0.00258526732679976,0,3.1332077504927,0.247128669360079,0.188950380235245,0,0,0,0,0,0,0.00208658377016004,0,0.516999857078406,0.00177615639345779,6.04174125207278e-05,0
0.000121089722437977,0.127846938989833,7.80956650361335,0.00147193483160969,0.000242198437065445,0.0114190398976685,0.0944128190916085,0.00368225153064722,0.00802525505234119,0,0.093896370538352,0,0.00183784209014037,8.96105264644297e-05,0,38.2834976026443,10.032819375691,0.0013839646176844,0.266309396487193,0,8.44862669592972,0.93196748958246,0,0.334375775676757,0.0258638490500712,0.406986831420861,5.21195960467975,1.50197018014768,0.00715071057711066,2.00875674984984,0,0,0.005225935000011,3.54140476701899,8.51417186170055e-05,4.29174633343399,6.50249622636485,0.3122206416834,0.0759966030346565,0.181188971632428,0.00124162683393682,0.000257990631369528,0.000174522090954799,0,0,0,9.32061974395137e-05,0,0,0,0,0,0,0,0,0,0,0,0,0,0,0,0,0,0,0,0,0,0,0,0,0,0,0,0,0,0,0,0,0,0,0,0,0,3.16975096833273,6.35080412520472e-05,0.0094973251867658,0
0.0165202907318971,0.0512339459802409,0.182391528174424,2.73213579831058,0,0.208315486832771,5.59028935116515,0.054403103779029,12.8798589598232,0.839999849128114,0.0782881715836187,1.0534853207157,0.00501541345008733,0.00170079762659725,0.00326522618366118,1.76304273385705,0.0174288360407639,0.000677337006830068,0.0111326680508658,5.28637015186209,3.58936575275717,7.74115977543965,0.334375775676757,0,0.0945467710337798,0.0453610363976464,0.0966640535610372,52.4975287883042,0.0327491677382166,0.355935357892821,0,0,0.0142243678191469,0.151616542438089,0,0.311289868348832,1.06151461585116,0.0373223257183841,0.00660562405157264,0.0108946264445953,0,0,0,0,0,0,0,0,0,0,0,0,0,0,0,0,0,0,0,0,0,0,0,0,0,0,0,0,0,0,0,0,0,0.0157794210242298,0,0,0,0,0,0,0,0,0,0,0.160490093081245,0,0.000596523207181787,0
0,7.49866573337716,0.144303348246037,0,0,0,0.000329658019911448,0,1.01358641983074,0,4.29414955778502,0,14.0951578010991,0,0,0.0163300029315657,0.0710585402939722,0.0220278259697203,0.134693536846414,0,0.00176582303588758,7.04830714306402,0.0258638490500712,0.0945467710337798,0,0.53635789524516,2.40847264244526,0.00268413767537548,0,0.000370910721557156,0,0,0,0.0773340269273853,0,1.12557985996369,7.59956362544429,0.288700409649192,0.0396679443805592,0.000267555375858241,0.0164941966545347,4.23183025443557,1.40649472216479,0.191481699968688,0.0617238086718593,0.0586845632738011,0,0,0.185086376776669,0,0.00447906162037257,0.00348849479424433,0,0,0,0,0,0,0,0.0299394854055771,0,0.13336735873745,0,0,0.00177284707105502,0.00919061688780032,0,0.00279509254236984,0,0.00100001548084355,0,0.00070952925098039,0,2.21498376533082,0.00532817269346258,0.00542548131920137,0,0,0,0,0,0,0.265343167677382,0,0.0426633978612435,0.0216929906535333,0,0
0,0.453682940592233,16.2601816678236,0,0,0.000500555053363854,0.00199694242805643,0,0.0405903351021874,0,11.2431239233288,0,3.82811912342623,0,0,0.0702814603864958,4.44968946443005,6.3727552106237,11.7661171601651,0,0.0130227029580683,0.553381665476396,0.406986831420861,0.0453610363976464,0.53635789524516,0,22.9990130302015,0.0224892634211305,0,0.0046181233839894,0.851536403107154,0,0,0.440380419435741,0,0.100137473866523,0.64328756405195,0.159057074717094,0.00712654024461645,0.000761816264570179,0,0.00100028471560265,0,0,0,0,0.00031633505555631,0,0,0,0,0,0,0,0,0,0,0,0,0,0,0,0,0,0,0,0,0,0,0,0,0,0,0.00057160421180303,0,0,0,0,0,0,0,0,0,0,0.0617567670271811,0,0.000148547681637786,0
0,2.25503849149937,6.17566392190398,0,0,0.000338200400119507,0.00253871778594663,0.000150630589993099,0.0969807324163834,0,3.97597576520352,0,1.0256238784601,0,0,5.37579176957379,0.43012345119721,0.0647879372564071,0.800352611912144,0,0.0571986452272318,1.11367272962501,5.21195960467975,0.0966640535610372,2.40847264244526,22.9990130302015,0,0.082437047284974,0,0.0193183615194199,1.33305210729032,0,0,0.577860406125343,0,0.205343166992961,1.24822270040021,0.18499196480781,0.0125991583357241,0.00311640063919305,0.000630597337418904,0.00196017167334363,0,0,0,0,0,0,0,0,0,0,0,0,0,0,0,0,0,0,0,0,0,0,0,0,0,0,0,0,0,0,0,0.00410183299928187,0,0,0,0,0,0,0,0,0,0,0.1291935246817,0,0.00144220328701504,0
0.0201138813015303,0.0105960016973497,0.267867491807888,10.8882404673255,0,0.26032028868837,7.8114073688527,0.0926029032974538,0.272496395552598,5.8096691745127,0.0154610249772191,0.206961458687606,0.00185852049384074,0.00235921076061806,0.00154548146358563,1.13579335892024,0.00947897785215128,0,0.00224349898428195,11.3086544640774,3.05331062117551,0.706928348850413,1.50197018014768,52.4975287883042,0.00268413767537548,0.0224892634211305,0.082437047284974,0,0.0864564087627343,3.80238281204443,0,0,0.0267977323844591,0.33777546880826,4.4223711398931e-05,0.693869138165307,1.91911726228403,0.0392940052055084,0.0148320651849779,0.0387402006297766,0.000552695065797942,0,4.34332649229124e-05,0,0,0,0.000428832900255846,0,0,0,0,0,0,0,0,0,0,0,0,0,0,0,0,0,0,0,0,0,0,0,0,0,0,0,0,0,0,0,0,0,0,0,0,0,0.535047306247284,0,0.00270256433201256,0
17.640710496538,0,0.00118695208865138,0,0.0518461962375654,7.98659722387405,0.36524396414566,26.5298193744581,0.00177032471431374,0.00627216071818257,0,0.0237355855998719,0,7.31166430169153,0.0527201049924061,0,0,0,0,0.0052461562684873,0.00819061453274627,0,0.00715071057711066,0.0327491677382166,0,0,0,0.0864564087627343,0,2.11151030622376,0,3.60111409151215,12.8272868460819,1.15220649113491,0,0.0372615270864163,0.00445660121956918,0.633911359151429,0.00597472831138759,1.93963645765647,0.390139993504522,0,0,0,0,0,0,0,0,0,0,0,0,0,0,0,0,0,0,0,0,0,0,0,0,0,0,0,0,0,0,0,0,0,0,0,0,0,0,0,0,0,0,0,0.0265489166106751,0,0.000704686138325077,0
0.230398238224559,0.00729791032775288,0.162971304018356,0,0,0.830949957107882,7.97422685355887,0.270002943012235,0.00435963781470916,0.00958719160537469,0.00272367339993943,0.0380410714999892,0.000214156956818201,0.0215161054361541,0.02499518488713,0.13469421199172,0.00886193508196973,0,0.00126245443145765,0,17.6537313998122,0.0615633316911413,2.00875674984984,0.355935357892821,0.000370910721557156,0.0046181233839894,0.0193183615194199,3.80238281204443,2.11151030622376,0,0,0,0.0673484897702426,1.33968777611921,0,0.673891364904464,0.619619671330587,0.0408255902096583,0.014130124577376,0.135960383669208,0,9.55270760858058e-05,0,0,0,0,0,0,0,0,0,0,0,0,0,0,0,0,0,0,0,0,0,0,0,0,0,0,0,0,0,0,0,0,0,0,0,0,0,0,0,0,0,0,0.663026318298658,0,0.00231687089795116,0
0,0,0,0,0,0,0,0,0,0,2.06530152976912,0,16.6064701600407,0,0,0,0,0,0,0,0,0.00403120614777214,0,0,0,0.851536403107154,1.33305210729032,0,0,0,0,0,0,0,0,0,0,0,0,0,0,0,0,0,0,0,0,0,0,0,0,0,0,0,0,0,0,0,0,0,0,0,0,0,0,0,0,0,0,0,0,0,0,0,0,0,0,0,0,0,0,0,0,0,0,0,0,0
0,0,0,0,10.2216070184119,9.70471956905551,0,5.12342249227199,0,0,0,0,0,1.87702206252451,0,0,0,0,0,0,0,0,0,0,0,0,0,0,3.60111409151215,0,0,0,0,0.555411643018605,0,0,0,0.00192974930131692,0,0.06953062616261,4.51180804969388,0,0,0,0,0,0,0,0,0,0,0,0,0,0,0,0,0,0,0,0,0,0,0,0,0,0,0,0,0,0,0,0,0,0,0,0,0,0,0,0,0,0,0,0,0,0,0
0.232165341300019,0,0.00243228670755075,0,0,2.05151400242312,0.0741956346871749,2.09116665346683,0,0.00223646552023124,0,0.00163179011111575,0,0.30425745472489,0.00991998284842022,0,0,0,0,0,0.00458285766827645,0,0.005225935000011,0.0142243678191469,0,0,0,0.0267977323844591,12.8272868460819,0.0673484897702426,0,0,0,1.82477918563642,0,0.159867916995517,0.0112967468153693,0.0831482916113908,0.0484778673092872,4.5024398238067,0.00402422830650229,0,0,0,0,0,0,0,0,0,0,0,0,0,0,0,0,0,0,0,0,0,0,0,0,0,0,0,0,0,0,0,0,0,0,0,0,0,0,0,0,0,0,0,0.138329273305962,0,0.00133325729841677,0
0.0500954984992601,0.173482159640323,2.84874022083882,0,0.862080315004794,4.95372090465914,0.276086576783295,4.4577235709566,0.0547803811832622,0.00115958208085962,4.54563398988589,0,0.0891447154476989,0.182938708989403,0.0122043182091339,0.193597114888505,0.539892103525177,0.0161199075289814,0.204099709795748,0,1.75751925277949,0.592995437184473,3.54140476701899,0.151616542438089,0.0773340269273853,0.440380419435741,0.577860406125343,0.33777546880826,1.15220649113491,1.33968777611921,0,0.555411643018605,1.82477918563642,0,0.000592133832929443,11.6027722488402,16.8674031322372,49.3795319647046,2.45770005618854,15.2621423387418,5.20799949893396,0.0602728697562605,0.00396669102558925,0,3.71050346858887e-05,6.26946837091035e-05,0.0013651100834552,0.000416781215765774,0,0,0,0,0,0,0,0,0,0,0,0,0,0,0,0,0,0,0,0,0,0,0,0,0,0,0,0,0,0,0,0,0,0,1.51507530369412e-05,6.39194234485277e-06,7.66084487887945,0.00289036759769476,0.0252334949465811,0
0,0,0,0,0.0434927700742351,0,0,0,0,0,0,0.00202503635726126,0.000426504518044497,0,0.0586811726585214,0,0,0,0,0,1.95386775732613e-05,0,8.51417186170055e-05,0,0,0,0,4.4223711398931e-05,0,0,0,0,0,0.000592133832929443,0,0.102281644847192,0.00108448392036391,0.00115419313049705,0.0004324316288528,0.113573063305885,0.000318524531632701,7.93931371989723e-05,0.319787506817165,0.00101094355577433,0.000454441035739248,0.00185437180600841,0.174515600418951,0.00565394344009073,1.24059269931185e-05,0,0,0,0,0.00290082458818924,0,0,0,0,0,0,0,0,0,0.0984767045632955,3.55516870485448e-06,1.43923417296231e-05,0,0,0,0,0,6.87921264717374e-06,0,0,0,0,0,0,0,0,0,0,0.000648174066142974,2.97179966427314,0.0155534700356582,0.22627325162329,0.227773437544951,1.21692792160304
0.00458596907166273,0.0570445037275031,1.94070886649911,0,0.0567298399638986,0.0881510701693839,0.0706530358735444,0.0461130092649003,0.587404541845767,6.04102457113787e-05,0.305217745784308,0.492236595383658,6.07078663108524,0.000985159665745024,0.0529362669680383,0.221754837300427,0.0581420376076878,0.00365600700814357,0.0741565111007197,0,1.53767520554549,0.443090497601293,4.29174633343399,0.311289868348832,1.12557985996369,0.100137473866523,0.205343166992961,0.693869138165307,0.0372615270864163,0.673891364904464,0,0,0.159867916995517,11.6027722488402,0.102281644847192,0,13.2448446453173,41.2717145621593,50.880939510687,17.4704765582385,2.62873337148169,1.79536928594803,1.00534759062433,0.00589935845080632,0.0026325262032919,0.0138709501126339,0.470129997778415,0.0465757966605131,0.0386037357823176,0,0,4.93281914907794e-05,0,2.12803231287369e-05,0,0,0,0,0,0.000150797786293971,0,0.00105620166941248,0,0.011002902300223,0.000102442168392161,7.46955165371269e-05,0,0,0,0,0,0,0,5.1495157755268e-05,0,0,0,0,0,0,0,0,0.0135675557840527,0.0192293196725417,22.6784150464312,0.561683880903409,0.0748226605513783,0
0.00210479558099682,0.571260610405975,4.54399156348974,0,0.000338871539558666,0.0192670200604933,0.142141908727826,0.0117991895563502,0.776673108950797,0.00312340932067484,24.577080103441,0.00794352625583319,9.27300576278234,0,0.00227241655770264,1.7939235619108,0.361182921094942,0.194049919768774,0.532674745156042,0.00292373359085776,1.6560422930937,3.07213659498265,6.50249622636485,1.06151461585116,7.59956362544429,0.64328756405195,1.24822270040021,1.91911726228403,0.00445660121956918,0.619619671330587,0,0,0.0112967468153693,16.8674031322372,0.00108448392036391,13.2448446453173,0,45.4228671050888,7.28030783309527,0.490686122186855,0.44339694796866,6.53897596877263,0.00218425762869262,0,0,3.2288224310714e-05,0.0079150360131423,0.000735962963937934,0,0,0,0,0,0,0,0,0,0,0,0,0,0,0,0,0,0,0,0,0,0,0,0,0,0.0016474301244216,0,0,0,0,0,0,0,0,1.68834887933489e-05,6.00192628735087e-05,10.0902514996658,0.00121701243510991,0.0301756848611035,0
0.00375788215561712,0.0785973857609964,0.525027409322755,0,0.00571157182328422,1.89022255470262,0.00596003160309739,1.52892610378443,0.0204930317062704,0,8.5087312669035,0,2.79252122648556,0.0315458220894187,0.00341333166420381,0.0492874827752468,0.0519316127104317,0.0100799989451716,0.0692279759266967,0,0.0764619035492936,0.205489766380231,0.3122206416834,0.0373223257183841,0.288700409649192,0.159057074717094,0.18499196480781,0.0392940052055084,0.633911359151429,0.0408255902096583,0,0.00192974930131692,0.0831482916113908,49.3795319647046,0.00115419313049705,41.2717145621593,45.4228671050888,0,5.01465310284361,15.0691270873061,9.73511402911019,1.85115700931862,0.0122718566354054,0.000249560918844574,0,0.000166692594354007,0.00330316811535881,0.000590401423095121,0,0,0,0,0,0,0,0,0,0,0,0,0,0,0,0.000132251519897159,0,0,0,0,0,0,0,0,0,0,0,0,0,0,0,0,0,0,0.000231882392248922,4.24646547815143e-06,22.9459978726165,0.0230366050533925,0.0710870090329007,0
0,0.00344521361315725,0.0803629895223997,0,5.7829167847195e-05,0.107083160627294,0.000304263038669366,0.122151858074967,0.000570132739660143,0,0.328384248048244,0,0.674906199345555,0.00137304235446077,0.000280774607844952,0.0159544609658602,0.00596874042503569,0.000136731506644554,0.00593734698854973,0,0.0222021390505742,0.02944733445814,0.0759966030346565,0.00660562405157264,0.0396679443805592,0.00712654024461645,0.0125991583357241,0.0148320651849779,0.00597472831138759,0.014130124577376,0,0,0.0484778673092872,2.45770005618854,0.0004324316288528,50.880939510687,7.28030783309527,5.01465310284361,0,4.29535558307465,4.89258724777418,1.77925064888847,0.0334710995933954,0.00142504053974645,0.00125524896193368,0.00257091765453962,0.00524664887390513,0.000805622120701869,0,0,0,0,0,0,0,0,0,0,0,0,0,0,0,0,0,0,0,0,0,0,0,0,0,0,0,0,0,0,0,0,0,0,0.00129071779874291,0.000262589201427463,26.623394595403,0.0663048449274152,0.0291114468992167,0
0.138475588394021,0.00179490759143049,0.05728884346947,0,24.7014353358576,13.2778335128412,0.0457267601978086,3.31071072705746,2.8131653563592,0.00286384510991922,0.0121745934910684,8.32957205961521,0.15987101266039,0.0503707056223626,79.2915467693147,0.00776568720031122,0.000334605163783613,0,0.000577294218107025,0.00469738967064547,0.0740389002501108,0.00678517176273327,0.181188971632428,0.0108946264445953,0.000267555375858241,0.000761816264570179,0.00311640063919305,0.0387402006297766,1.93963645765647,0.135960383669208,0,0.06953062616261,4.5024398238067,15.2621423387418,0.113573063305885,17.4704765582385,0.490686122186855,15.0691270873061,4.29535558307465,0,2.70670608512457,0.0214505902440136,2.30229008365274,0.0109532472352696,0.00614995483330864,0.0279519101684734,0.387910725001325,0.0496073038252288,0.000339427953398773,4.23293449139835e-05,0,0,0,0.00356866262498085,0,0.000113853629440525,0,0,2.84794449704005e-05,0,0,0,0,0.0375008667922269,0.00180359382230924,0,0,0,0,1.87152775837647e-05,0,2.41854027015744e-05,0,0,0,0,1.70153688968073e-05,0,0,0,0,0,0.00476734203116761,0.0467573461873705,5.15141571408364,3.27285632589268,0.0104936594342776,0.000282540210162966
0,0.000764447196685558,0.00601905734469804,0,15.0192805393568,2.68447494174668,0,0.776985110632307,0.00167698888760733,0,0.193470108160666,0,0.651099944808748,0.00784600388194703,0.00747249482341417,0,0,0,0,0,0.000104155878119842,0.00160342296637996,0.00124162683393682,0,0.0164941966545347,0,0.000630597337418904,0.000552695065797942,0.390139993504522,0,0,4.51180804969388,0.00402422830650229,5.20799949893396,0.000318524531632701,2.62873337148169,0.44339694796866,9.73511402911019,4.89258724777418,2.70670608512457,0,0.608580734347509,0.00983030206288079,4.84646220870947e-05,0,5.34577521356079e-05,0.00198824323028211,0.000634297008246174,0,0,0,0,0,0,0,0,0,0,0,0,0,0,0,9.62021640024055e-05,0,0,0,0,0,0,0,0,0,0,0,0,0,0,0,0,0,0,0,3.01949223974199e-05,1.14087195601935,0.0230272168129888,4.75723505386078e-05,0
0,0.0222079804334923,0.00287104392664158,0,0.000183075347417749,0,0,0,0,0,3.093256389174,0,8.43663183350581,0,0,0,0,0,0,0,0.00173452399460692,0.0104225873428352,0.000257990631369528,0,4.23183025443557,0.00100028471560265,0.00196017167334363,0,0,9.55270760858058e-05,0,0,0,0.0602728697562605,7.93931371989723e-05,1.79536928594803,6.53897596877263,1.85115700931862,1.77925064888847,0.0214505902440136,0.608580734347509,0,0.0223193561627787,0.0418263067416986,0.0226125958912093,0.0257675621336835,0.000352146445017099,0,0.0323440977893379,0,0,0,0,0,0,0,0,0,0,0.000739792658087261,0,0,0,0,0,0.00319857378685151,0,0,0,0,0,0,0,0,0.00115474558737514,0.000682360559894783,0,0,0.00107192646884713,0,0,0,0.0449672657888003,0,1.21076251695143,0.0281674281791818,0.000290757499280744,0
0,0.00195016103495593,0,0,0.169237400246111,0,0,0,0.00145791024857937,0,0.000159380014362035,0,0.0369695769213469,0,0.0265891635004755,0,0,0,0,0,0,0.00849869293745264,0.000174522090954799,0,1.40649472216479,0,0,4.34332649229124e-05,0,0,0,0,0,0.00396669102558925,0.319787506817165,1.00534759062433,0.00218425762869262,0.0122718566354054,0.0334710995933954,2.30229008365274,0.00983030206288079,0.0223193561627787,0,31.3780212350053,30.1989248234046,31.1764336206858,22.234606629338,11.0363515791707,2.2015790486831,0.078007049038592,0.0660702208487959,0.723337618364572,0,0.00730808492847815,0.238334742239177,0.249654310243226,0.0144887470232285,0.657846481983715,0.0123709187905814,0.73387996555187,0.00768286135945615,0.117048627677154,0.00685314191712058,0.0475304483155582,2.01307142445462,1.43570203340247,0.014662122307184,0.483543954312668,0.078011944293176,0.118209458828464,1.64212323484034,0.809225505120836,0.20266470115443,0.00543135915885169,0.373831996226949,0.311811560647656,0.0819171293821164,0.00424030216942948,0.209432790310267,0,0,0.0309715882643861,13.9747133432761,0.0696224851630358,0.0643871034455906,33.1515044676303,0.000850000531737525,0.000131911043258955
0,0,0,0,0.000744896847879778,0,0,0,0,0,0,0,0.0186381677367362,0,0,0,0,0,0,0,0,0.0499287944087809,0,0,0.191481699968688,0,0,0,0,0,0,0,0,0,0.00101094355577433,0.00589935845080632,0,0.000249560918844574,0.00142504053974645,0.0109532472352696,4.84646220870947e-05,0.0418263067416986,31.3780212350053,0,7.04615271807016,1.30170006211033,3.01398110554814,0.0980518476049324,6.74652883301234,0.296377622594629,3.34051262884711,3.76208179243382,0,0,0.444457455060276,0.670716581947439,0.145381758626407,0.00521858602937544,0.0457633227323605,16.2638960262897,0.0167193590381721,4.36746504547054,0.0332864486544972,0.000308875071159905,4.99508973658918,1.53905933875139,0.283754502959139,1.7756225891396,0.108751640796071,0.264191922638962,15.5669407983609,1.89835216248163,0.321202167677128,2.69944901837218,4.1071587613974,2.42123311493974,0.204541619078651,0.0392429583540443,0.625224680241685,0.00492658541561575,0,0.064471291649792,10.7804865434011,0.000327142023014159,0.00125759066766098,24.2191997245981,0,0
0,0,0,0,0.000319990416119756,0,0,0,0,0,0,0,0.013557288763486,0,0.000176717647364125,0,0,0,0,0,0,0.00145851314983442,0,0,0.0617238086718593,0,0,0,0,0,0,0,0,3.71050346858887e-05,0.000454441035739248,0.0026325262032919,0,0,0.00125524896193368,0.00614995483330864,0,0.0226125958912093,30.1989248234046,7.04615271807016,0,6.15191107090251,9.54866993447338,3.52585805193963,2.72878183455515,0.0822596444644949,0.0859132297780466,0.545487041712679,0,0,0.109281013240529,0.117358509181059,0.0526693873842964,0,0.0055422771703494,24.8857043794265,0.00158133699863826,1.13925854128942,0.0130873454635063,0,0.664758351303254,0.576071118188847,0.0733971492572866,0.478668814134295,0.00906140232698432,0.0624242570456449,0.337513483601106,0.492071589934338,0.0134831908376736,0.0626302507079866,0.625941739046414,0.147146555730401,0.0419265543416972,0.0888951775827788,0.115251581762617,0.00140489936904278,0.0450191359572379,0.186740822392279,32.46175125962,0.000288988727033354,0.00215094814906312,22.9673990968152,0,0
0,0,0,0,0.00158283422543758,0,0,0,0,0,0,0,0.015701194860565,0,0.00117658366158285,0,0,0,0,0,0,0,0,0,0.0586845632738011,0,0,0,0,0,0,0,0,6.26946837091035e-05,0.00185437180600841,0.0138709501126339,3.2288224310714e-05,0.000166692594354007,0.00257091765453962,0.0279519101684734,5.34577521356079e-05,0.0257675621336835,31.1764336206858,1.30170006211033,6.15191107090251,0,0.952075607510894,2.5271017137762,1.67243758300136,0.00216280380923155,0.0201959253198503,0.0667185165295709,0,7.42271810945739e-05,0.00295433528117637,0.0120068411716459,0.000711481929323202,0,0.000992963536852701,2.62678745258982,5.7288188312285e-05,0.182924509779218,0,0.00112497251862042,0.108879355553727,0.0768875933487317,0.00439878693762072,0.0564095626360395,0.000694146802490414,0.00614047094427405,0.0839583163062714,0.0555020498748515,0.00225268340173092,0,0.040317680404467,0.0216907697266799,0.00457918118355801,0,0.00649243092740932,0,0,0.0133582845169833,4.37397887214437,0.000421440142460553,0.00396903525515857,36.395794132738,0,0
0,0,0,0,0.201718379371842,0,0,0,0,0,2.65107522899057e-05,0,0.00782189922725677,0,0.0273266139409872,0,0,0,0.00013437354084922,0,0,0,9.32061974395137e-05,0,0,0.00031633505555631,0,0.000428832900255846,0,0,0,0,0,0.0013651100834552,0.174515600418951,0.470129997778415,0.0079150360131423,0.00330316811535881,0.00524664887390513,0.387910725001325,0.00198824323028211,0.000352146445017099,22.234606629338,3.01398110554814,9.54866993447338,0.952075607510894,0,3.36868207492226,0.00877106898126645,1.49343959650864,0.0121422643609054,0.064381019940251,0,26.9888993513279,6.94437093826427,0.371450360328897,1.47178068531309,5.82391510920647,0.0399631585736619,0.0408133523148184,3.83013873222196,0.00207438982362915,0.189053967494012,69.6750488758518,1.04207037271503,0.0918541272227137,0,0.03316251907007,0.0254106797170041,0.0887126647148861,0.209002487321095,0.462949143490927,1.1728287464064,0.000825017410102644,0.0182897849656298,0.0605870972680963,0.0626429861991976,7.48676564600841,0.432175652819569,0,0.531740958830723,10.1611230500002,15.3262004117349,0.0821181444612117,0.155826625781395,18.4205416219778,0.00569234849437528,0.000647272771436565
0,0,0,0,0.0086891999529839,0,0,0,0,0,0.000128690509450987,0,0.00094246648953027,0,0.00308680086507322,0,0,0,0,0,0,0,0,0,0,0,0,0,0,0,0,0,0,0.000416781215765774,0.00565394344009073,0.0465757966605131,0.000735962963937934,0.000590401423095121,0.000805622120701869,0.0496073038252288,0.000634297008246174,0,11.0363515791707,0.0980518476049324,3.52585805193963,2.5271017137762,3.36868207492226,0,0.0139754617267555,0.000103920401074223,0,0.000213586958072968,0,29.4133866129867,0.368474725462827,0.000447613255013878,0.972657631493946,0,0,0.133147227730933,0,0.00483139479212348,0.0301411648514038,0.148495495091474,0.00255767770848368,0.0046142630298662,0,0.000136849320102814,0.000113341124408447,2.02153646064345e-05,0.00120627224337327,0.00152276114598486,0,0,0.000108288151864516,2.30415644178646e-05,5.47508592950599e-05,0.520436657666439,0.000101561249137459,0,7.92932322357912,0.000212645236103938,2.97441519317956,0.00198551911571797,0.0240160093117852,18.7265608232698,0.00208966365962562,0.000202045147613173
0,0.00396518338306798,0,0,0,0,0,0,0,0,0,0,0.00276803657615222,0,0,0,0,0,0,0,0,0.00635346762666355,0,0,0.185086376776669,0,0,0,0,0,0,0,0,0,1.24059269931185e-05,0.0386037357823176,0,0,0,0.000339427953398773,0,0.0323440977893379,2.2015790486831,6.74652883301234,2.72878183455515,1.67243758300136,0.00877106898126645,0.0139754617267555,0,0.00277409643298762,0.0507010307761162,0.147617073743325,0,0,0.00135162101818309,0.00395039765859495,0.000602069968618946,0,0,3.73712796805876,0,12.2958367170175,0,0,0.0375312600777969,0.142426263026907,0.0159768785759343,0.198996536772574,0.00242117982555237,0.00643974252901427,0.0409292110767434,0.027702402010581,0,15.8799702425682,0.217367348632797,0.0602783263218274,0.00197726865508924,0,0.00314402138054341,0,0,0,2.35258313339824,0,0,1.90031945846979,0,0
0,0,0,0,0,0,0,0,0,0,0,0,0,0,0,0,0,0,0,0,0,0,0,0,0,0,0,0,0,0,0,0,0,0,0,0,0,0,0,4.23293449139835e-05,0,0,0.078007049038592,0.296377622594629,0.0822596444644949,0.00216280380923155,1.49343959650864,0.000103920401074223,0.00277409643298762,0,0.00297921133255041,0.0210603638978667,0,0,3.90533746588872,4.09091216543918,5.61567332503565,0,0.0623217156247416,0.00258977149636863,0.0166591080754105,7.28647937690476e-05,7.15275368096016,0.0363720060793929,0.36493305556233,0.0439324933166061,0,0.00467218788117354,0.0441604337396867,0.0382194488291638,0.0671836810305676,0.121283113156462,0.0349601448180301,0,0.00376378758024381,0.022475512021031,0.0207983461262771,32.4205324285111,4.44555390960979,0,0,11.0555998347075,0.789292563642453,0,0,0.0886413134706119,0,0
0,0.51102042521057,0,0,0,0,0,0,0.0126934589517562,0,0,0,0.00174132623024395,0,0,0,0,0,0,0,0,1.51213405009633,0,0,0.00447906162037257,0,0,0,0,0,0,0,0,0,0,0,0,0,0,0,0,0,0.0660702208487959,3.34051262884711,0.0859132297780466,0.0201959253198503,0.0121422643609054,0,0.0507010307761162,0.00297921133255041,0,0.908899971050921,0,0,0.00346782153248565,0.0139801163773662,0,0,0,0.188964616365095,0,0.130725717781112,0,0,0.0545040540462408,0.0525727711993345,0.00504780980873176,0.125029816084096,0,0.00337920400738639,7.88769187213791,0.0740446390032236,0,17.641493320395,2.95890002042914,3.37879486586013,0.00345773063622121,0,0.0118089323201426,0,0,0.00167403227633603,0.118601487166141,0,0,0.0199737548687485,0,0
