0,0,0,0,0,4.47326683956567,4.84532292772237,4.28175100315692,0,0,0,0.00248293773650091,0,12.1623381213522,0,0,0,0,0,0,0,0,0,0.00437666923383399,0,0,0.000150819310179497,0.00763828573014898,9.16357705526266,1.47406238282782,0,0,0.0151173445718309,0.00546690004175784,0,0,0,0,0,0.0553585735007989,0,0,0,0,0,0,0,0,0,0,0,0,0,0,0,0,0,0,0,0,0,0,0,0,0,0,0,0,0,0,0,0,0,0,0,0,0,0,0,0,0,0,0,0,0,0,0,0
0,0,1.61334851641291,0,0,0.000571854857336795,0,0,0.104368681316609,0,1.9748775103069,0,0.0719509605593604,0,0,0.0136807662929812,0.171111957176514,0.0200190349928936,0.956200469814774,0,0.0204316521489448,3.33793560353921,0.421118969168768,0.00691606657575429,6.27257284109091,0.893719405787313,1.52302047944556,0.0019634911083718,0,0.00498351170304071,0.00386715345793903,0,0,1.71464568855898,0,0.103054781444685,0.971739982593215,0.378300445464544,0.0459912873585394,0.00422745378197054,0.00762752813468016,0.0160509367285502,0,0.00206874668805135,0,0,0,0,0,0,0.470931163070033,0,0,0,0,0,0,0,0,0,0,0.00129430849979473,0,0,0,0,0,0,0,0,0.668480216226867,0,0,0.0175178891391647,0.000145037731744575,0,0,0,0,0,0,0,0,0,0.213659235269255,0,0,0
0,1.61334851641291,0,0.00190811404098457,0,0.00308774425682454,0.00751584900247476,0,0.221700445478622,0,0.0474356583273239,0.000530304501033431,0.00422483822515567,0.000340301277873087,5.20664417770021e-05,0.0621651061378825,3.65529285613086,0.00278995827214107,0.408813304341066,0.000450665388798621,0.164588731570634,3.45552679324388,4.52214602826791,0.077917503023215,0.00781153364156634,3.53008245941595,7.18583208594933,0.0753957875819963,0.00123230960247201,0.0764337880560872,0,0,0,2.60664495689945,0,0.937307825984199,3.64458200199935,0.265739616527916,0.0698291720370745,0.0106342124142337,0.012270302164736,0,0,0,0,0,0,0,0,0,0,0,0,0,0,0,0,0,0,0,0,0,0,0,0,0,0,0,0,0,0,0,0,0,0,0,0,0,0,0,0,0,0,0,1.02856717026481,0,0,0
0,0,0.00190811404098457,0,0,0.335550581229631,1.38355167979832,0.00319895043571097,0.0038785184979746,5.18870280126665,0,0.470489684045119,0,0,0,0,0.00148120112596181,0,0,76.2428716761019,0.00191107644368838,0.000243489725800711,0.000446897908984209,5.3191427697674,0,0,0,10.8886664124955,0,0.00665012801456211,0,0,0,0,0,0.00131060791078051,0,0,0,0,0,0,0,0,0,0,0,0,0,0,0,0,0,0,0,0,0,0,0,0,0,0,0,0,0,0,0,0,0,0,0,0,0,0,0,0,0,0,0,0,0,0,0,0,0,0,0,0
0,0,0,0,0,6.71705730361681,0,2.3549697907376,0,0,0,0,0,0.405062307857609,2.24013856407302,0,0.000241009251571759,0,0.00195304855162848,0,0,0,0,0,0,0,0,0,1.33220604657211,0,0,14.5743718242589,0.0298981336832186,2.65903564218721,0.175935325632502,0.0585031044031037,0.00793474301657062,0.332319463587947,0.0343540543160914,23.0117940270963,11.3161833749873,0,0.388311729221069,0.00357789618566492,0.00209767635061983,0.0158405190830205,0.32884602063057,0.0143456222973343,0.00191284159031312,0,0,0,0,0.0427616325060205,0,0,0.000124589628379286,0,0,0.000740011563121058,0,0,0,0.190942310686147,0,0,0,0,0,4.83969630327109e-05,0,0,0,0,0,3.24641878284742e-05,0,0,0,0,0,0,0.000134348150350092,0.0225799697665347,0.0617058785774237,0.581148588007898,0.00118655622290549,0.0177077954890174
4.47326683956567,0.000571854857336795,0.00308774425682454,0.335550581229631,6.71705730361681,0,5.23124673885283,7.03349053387616,0.0136224625718242,8.01749696831547,0,6.68717910532775,0,1.47163631549822,3.03845613729369,0.00401096002373994,0.000612229903395345,0,0,4.36278981100593,0.00865825475279127,0.00521359149718688,0.00670152399547441,0.916307434672692,0,0,0.00155687808792293,0.927370527592765,5.02732209211792,0.988003699073286,0,0.878489427080481,0.861368194733952,3.26195664393599,0,0.0987332010135911,0.0311481780759014,0.737851676295877,0.0300626044220085,7.88100762476509,0.539687110981686,0.000819642234188567,0.0001030666159622,0,2.08834370684511e-05,0,0,0,0,0,0,0,0,0,0,0,0,0,0,0,0,0,0,0,0,0,0,0,0,0,0,0,0,0,0,0,0,0,0,0,0,0,0,0,0.0349469376041179,3.64509436728867e-05,0,0
4.84532292772237,0,0.00751584900247476,1.38355167979832,0,5.23124673885283,0,2.87910004913069,0.122107738017051,7.13242495810956,0,0.139523987902759,0,0.390056184539364,0.00013655551853186,0.0769430932618261,0.0013843896065054,0,0,4.06004693331694,0.134514241734683,0.0574230010690902,0.0942256639145225,3.46404573221064,0,0.00049344783495419,0.0137650707770648,7.97580321449509,0.53996873666702,6.50694550131363,0,0,0.00489030855674986,0.306649207130038,0,0.0278200638981003,0.0483977051701568,0.000736177656259485,0.000163132736086664,0.0505843653880007,0,0,0,0,0,0,0,0,0,0,0,0,0,0,0,0,0,0,0,0,0,0,0,0,0,0,0,0,0,0,0,0,0,0,0,0,0,0,0,0,0,0,0,0,0.0142921860728741,0,0,0
4.28175100315692,0,0,0.00319895043571097,2.3549697907376,7.03349053387616,2.87910004913069,0,0.00290176530401651,1.2439662338981,0.00114989305832647,0.0288505896075196,0,34.2317699171492,0.0778857859492433,0,0,0,0,0.021435521636322,0.00158910011447983,0,0.00108104920430266,0.0440072383962165,0,0,0.000473989816942568,0.0865015303002288,9.56834749292036,0.0964973031622387,0,1.17887792983163,1.24533640411064,2.78350586424872,0,0.00449550702732756,0.047824135872943,0.911317393049835,0.0271629621562167,0.632365783271669,0.634540476144215,0.000781507323996442,0,0,0,0,0,0,0,0,0,0,0,0,0,0,0,0,0,0,0,0,0,0,0,0,0,0,0,0,0,0,0,0,0,0,0,0,0,0,0,0,0,0,0.00175696589972234,0,0,0
0,0.104368681316609,0.221700445478622,0.0038785184979746,0,0.0136224625718242,0.122107738017051,0.00290176530401651,0,0.00509352827767941,0.0094082283038699,0.341575125326281,0,0,1.4065612744064,0.445643921540499,0.0235968081510032,0,0.0675577531192303,0.00331139205783408,0.66815442565568,10.5520706513819,0.855029962512539,8.51433327576655,0.00228877076184788,0.0315435081375645,0.0877293980988722,1.32388114111595,0.00295363300097917,0.233988983729091,0,0,0.00383541909178059,0.264246241799117,0,3.14420838999633,0.699277720125588,0.015879292406156,0.01013094786709,7.44366847188558,0,0,0,0,0,0,0,0,0,0,0,0,0,0,0,0,0,3.40466620014586,0,0,0,0,0,0,0,0,0,0,0,0,0,0,0,0,0,0,0,0,0,0,0,0,0,0,0.621114122225339,0,0,0
0,0,0,5.18870280126665,0,8.01749696831547,7.13242495810956,1.2439662338981,0.00509352827767941,0,0,2.67653498905796,0,0.214269291226454,0,0,0,0,0,25.7420025380081,0.00274141972689579,0.000440095759805758,0.000943699957902401,0.570065705754467,0,0,0,4.13052233564753,0,0.00587216186560309,0,0,0,0.00075646269197745,0,0.00253146515541611,0.000202109798957408,0,0,0.00204808131487299,0,0,0,0,0,0,0,0,0,0,0,0,0,0,0,0,0,0,0,0,0,0,0,0,0,0,0,0,0,0,0,0,0,0,0,0,0,0,0,0,0,0,0,0,0,0,0,0
0,1.9748775103069,0.0474356583273239,0,0,0,0,0.00114989305832647,0.0094082283038699,0,0,0,17.2717996902979,0,0,0.00104873923027073,0.0919786880792203,5.51689865570768,5.51180319059035,0,1.68905813523802e-05,0.952509747729815,0.00933092553707182,0.000538543125428042,4.78628148985968,8.79130957394137,3.73301955653992,0.000630645064335952,0,0,2.66262655416746,0,0,4.42500399421287,0,0.00350975914126715,10.1013670752858,3.95236129085406,0.141200543128553,0.00412367595896917,0.0120102100945563,2.57661796949097,0,0,0,0,0,0,0.00177454902871466,0,0.0176021986065775,0,0,0,0,0,0,0,0,0,0,0.00650825263387034,0,0,0,0,0,0,0,0,1.14170127729798,0,0,0.0456578286638323,0.000481700419848023,0.000408884958752166,0,0,0,0,0,0,0.00065134289180558,0,0.00412181309993639,0,0,0
0.00248293773650091,0,0.000530304501033431,0.470489684045119,0,6.68717910532775,0.139523987902759,0.0288505896075196,0.341575125326281,2.67653498905796,0,0,0,0.000727082664943507,2.57111453278538,0.00113153488547729,0,0,0,37.5412707457971,0.00213112004071815,0.000827084870964598,0.00190545152149958,0.292829173983027,0,0,0.000302349161139326,0.0800500029060386,0.00331970175542306,0.00508778503054565,0,0,0,0.0241348223065042,0,1.04735827360297,0.0052680151279473,0.0201274863754697,0.0133120215122285,6.6168602963593,0,0,4.40751648895458e-05,0,0,0,0,0,0,0,0,0,0,0,0,0,0,0,0,0,0,0,0,0,0,0,0,0,0.000491340120788664,0,0,0,0,0,0,0,0,0,0,0,0,0,0,0,0.789218615036796,0,0,0
0,0.0719509605593604,0.00422483822515567,0,0,0,0,0,0,0,17.2717996902979,0,0,0,0.000640590672791827,0,0.00343605886229444,0.00112684145249568,0.0519496380460921,0,0,0.0206079531037489,0.000535620141558817,0,12.6749365704375,2.33273124387093,1.14950278679442,0,0,0,9.44905992160931,0,0,0.093416236942907,0.000140234601724096,2.75270239650778,11.1013976433498,1.55216774209948,0.774139093921967,0.0446637982650317,1.02302384464005,8.79109213134857,0.0845068370831979,0.0653672223643255,0.00331945732180958,0.00714699672714959,0.00121723232071144,0,0.085433200318982,0,0.00178260767824147,0,0,0,0,0,0,0,0,0.0665171484281956,0,0.0298684798980255,0,0,0,0.00288288275566427,0,0,0,0.000691940547521516,0.0565503052072783,0.0005126338966947,0,0.28773687331576,0.00300602350652718,0.000604812018233786,0,0,0,0,0,0,0.0041197832580441,0,0.320571574296666,0.0142052275077998,0,0
12.1623381213522,0,0.000340301277873087,0,0.405062307857609,1.47163631549822,0.390056184539364,34.2317699171492,0,0.214269291226454,0,0.000727082664943507,0,0,0.00148610814167098,0,0,0,0,0,0,0,0,0,0,0,0,0.00433711308558697,9.0626025314053,0.0427479139830156,0,0.551224586493183,0.17704886078614,0.115746047688179,0,0.000534845380737892,0,0.00809484477012484,0.000983857331637757,0.0130946923877913,0.0172931565451192,0,0,0,0,0,0,0,0,0,0,0,0,0,0,0,0,0,0,0,0,0,0,0,0,0,0,0,0,0,0,0,0,0,0,0,0,0,0,0,0,0,0,0,0,0,0,0
0,0,5.20664417770021e-05,0,2.24013856407302,3.03845613729369,0.00013655551853186,0.0778857859492433,1.4065612744064,0,0,2.57111453278538,0.000640590672791827,0.00148610814167098,0,0,2.31583396450123e-05,0,0.00286071260024801,0,0,0,2.45533445202119e-05,0.00252727035616157,0,0,0,0,0.013783157430742,0,0,0.0157103882582867,0.00869340451318371,0.33985963802185,0.134850282937399,1.60100309601523,0.0340836250684622,0.11465931976834,0.0307866567801151,67.3036396521549,0.082600918584356,0.000316900983797504,2.74451897727316,0.0217136085006848,0.0138037624451427,0.0710432337444233,0.747473061418269,0.0247355849629844,0.00176201878230404,0,0,0,0,0.0455578672707772,0,0,0,0,0,0.00185210877447473,0,0,0,0.213048288344941,0,0.000252174965347803,0,0,0,7.77161819433001e-05,0,1.22942203779578e-05,0,0,6.32712438850035e-05,0.000112466376773735,0,0,0,0,0,0.000612500551996527,0.0020376086265081,0.0227985499966474,1.74426635594365,5.77881933714007,0.00112495298209778,0.0108141194169497
0,0.0136807662929812,0.0621651061378825,0,0,0.00401096002373994,0.0769430932618261,0,0.445643921540499,0,0.00104873923027073,0.00113153488547729,0,0,0,0,0.0134009933049214,0,0.00131121322442529,0,18.6099353565734,1.34525776333282,31.0742207979796,0.983100450114037,0,0.000555535154918787,2.56320001750727,5.13190036574542,0.00258724525600006,1.45996171170419,0,0,0.00155699947920647,0.353552639571281,0,0.0348483562199582,0.257171678781422,0.00206730196272452,0.000835771791680683,0,0,0,0,0,0,0,0,0,0,0,0,0,0,0,0,0,0,0,0,0,0,0,0,0,0,0,0,0,0,0,0,0,0,0,0,0,0,0,0,0,0,0,0,0,0.0308894728987871,0,0,0
0,0.171111957176514,3.65529285613086,0.00148120112596181,0.000241009251571759,0.000612229903395345,0.0013843896065054,0,0.0235968081510032,0,0.0919786880792203,0,0.00343605886229444,0,2.31583396450123e-05,0.0134009933049214,0,0.0148938257042751,15.7387190741858,0,0.592773395052086,0.372989725100618,7.40420202740547,0.0159765464584906,0,6.44441116268586,0.189443165259377,0.0573110631916761,0.000425234978971203,0.116837535458565,0.00150827898148734,0,0,0.375497236545096,0,0.1107060293893,0.419419939008402,0.0685885293371463,0.0150699044757038,0.00130104331689918,0.00748409337802761,0.00180499325666101,0,0,0,0,0,0,0,0,0,0,0,0,0,0,0,0,0,0,0,0,0,0,0,0,0,0,0,0,0.00197267712297267,0,0,0,0,0,0,0,0,0,0,0,0,0,0.121131210441176,0,0,0
0,0.0200190349928936,0.00278995827214107,0,0,0,0,0,0,0,5.51689865570768,0,0.00112684145249568,0,0,0,0.0148938257042751,0,12.8649983354246,0,0,0.0177638420178562,0.000863771925861095,0,0.00212432435006033,2.15269149901929,0.0385730523073511,0,0,0,0,0,0,0.0132506110850959,0,0,0.00167019128645251,0.00114580407954934,0,0,0,0,0,0,0,0,0,0,0,0,0,0,0,0,0,0,0,0,0,0,0,0,0,0,0,0,0,0,0,0,0,0,0,0,0,0,0,0,0,0,0,0,0,0,0,0,0,0
0,0.956200469814774,0.408813304341066,0,0.00195304855162848,0,0,0,0.0675577531192303,0,5.51180319059035,0,0.0519496380460921,0,0.00286071260024801,0.00131121322442529,15.7387190741858,12.8649983354246,0,0,0.0187889691674711,1.00714024563162,0.145352719926976,0.00193961621210759,0.0871261511339195,10.4876989789585,1.02473578305973,0.00228599870195972,0,0.00391600751368496,0.00565740389127378,0,0,0.954091632128253,0,0.0368139964538021,0.368492123975694,0.221312417218499,0.0309884407465884,0.00135803252016131,0.00411394028559458,0.00204705170860678,0,0,0,0,0,0,0,0,0,0,0,0,0,0,0,0.00224271430249999,0,0,0,0,0,0,0,0,0,0,0,0,0.0503153046279432,0,0,0,0,0,0,0,0,0,0,0,0,0,0.0342278385813693,0,0,0
0,0,0.000450665388798621,76.2428716761019,0,4.36278981100593,4.06004693331694,0.021435521636322,0.00331139205783408,25.7420025380081,0,37.5412707457971,0,0,0,0,0,0,0,0,0,0,0,1.43769409441557,0,0,0,8.98090130098251,0,0.00390159791768362,0,0,0,0,0,0.00463417172844494,0,0,0,0,0,0,0,0,0,0,0,0,0,0,0,0,0,0,0,0,0,0,0,0,0,0,0,0,0,0,0,0,0,0,0,0,0,0,0,0,0,0,0,0,0,0,0,0,0.00277992054880022,0,0,0
0,0.0204316521489448,0.164588731570634,0.00191107644368838,0,0.00865825475279127,0.134514241734683,0.00158910011447983,0.66815442565568,0.00274141972689579,1.68905813523802e-05,0.00213112004071815,0,0,0,18.6099353565734,0.592773395052086,0,0.0187889691674711,0,0,1.89071818804652,13.929373792813,2.17439635661592,0,0.0132402819199794,0.0830826409629745,3.76330070305225,0.00174967708722606,8.92179955263593,0,0,0,0.715769546785679,0,0.0471597180303727,0.392917194967773,0.00396701545895399,0.00269363088315818,0.000601694845251007,0,0,0,0,0,0,0,0,0,0,0,0,0,0,0,0,0,0,0,0,0,0,0,0,0,0,0,0,0,0,0,0,0,0,0,0,0,0,0,0,0,0,0,0,0.0447590963263565,0,0,0
0,3.33793560353921,3.45552679324388,0.000243489725800711,0,0.00521359149718688,0.0574230010690902,0,10.5520706513819,0.000440095759805758,0.952509747729815,0.000827084870964598,0.0206079531037489,0,0,1.34525776333282,0.372989725100618,0.0177638420178562,1.00714024563162,0,1.89071818804652,0,8.15904574279365,1.92126081132156,0.344787680640306,1.05733485202724,2.23839767120195,0.925003155287102,0.00649916085583084,0.662114968754394,0,0,0,4.28921274474165,0,0.520447406505761,4.39581834528501,0.997110541856659,0.117338903658805,0.00993848440769117,0.0101778730043024,0.0143624303376839,0,0,0,0,4.75806583725867e-05,0,0,0,0.116735249080082,0,0,0,0,0,0,0,0,0,0,0,0,0,0,0,0,0,0,0,0.0265899838659737,0,0,0.00650909546783387,0,0,0,0,0,0,0,0,0,0,0.645001197928246,0,0,0
0,0.421118969168768,4.52214602826791,0.000446897908984209,0,0.00670152399547441,0.0942256639145225,0.00108104920430266,0.855029962512539,0.000943699957902401,0.00933092553707182,0.00190545152149958,0.000535620141558817,0,2.45533445202119e-05,31.0742207979796,7.40420202740547,0.000863771925861095,0.145352719926976,0,13.929373792813,8.15904574279365,0,0.484209802791643,0,0.221704786509495,8.22328704487742,0.664779490150355,0.00738255291802538,3.88166132297271,0,0,0.00357625115124947,2.62825065353673,1.36702406731824e-05,1.24391096834003,2.32443984155029,0.0707653300898196,0.0301312741693047,0.0116323019741155,0.000785185628892752,0.000720371431801837,4.76641608449435e-05,0,0,0,0.000162085900285203,0,0,0,0,0,0,0,0,0,0,0,0,0,0,0,0,0,0,0,0,0,0,0,0,0,0,0,0,0,0,0,0,0,0,0,0,0,1.04371729799284,9.1343643081131e-05,0,0
0.00437666923383399,0.00691606657575429,0.077917503023215,5.3191427697674,0,0.916307434672692,3.46404573221064,0.0440072383962165,8.51433327576655,0.570065705754467,0.000538543125428042,0.292829173983027,0,0,0.00252727035616157,0.983100450114037,0.0159765464584906,0,0.00193961621210759,1.43769409441557,2.17439635661592,1.92126081132156,0.484209802791643,0,0,0.00613855869419136,0.0344954834556569,45.5617638784244,0.0107096849434802,0.563480315579567,0,0,0,0.207278753602798,0,0.0458610044526762,0.285515046082158,0.000119232905070562,0.00037019290096751,0.0109463393405367,0,0,0,0,0,0,0,0,0,0,0,0,0,0,0,0,0,0,0,0,0,0,0,0,0,0,0,0,0,0,0,0,0,0,0,0,0,0,0,0,0,0,0,0,0.0276880082034378,0,0,0
0,6.27257284109091,0.00781153364156634,0,0,0,0,0,0.00228877076184788,0,4.78628148985968,0,12.6749365704375,0,0,0,0,0.00212432435006033,0.0871261511339195,0,0,0.344787680640306,0,0,0,0.290988906252187,1.06241534188032,0,0,0,0.00542553659692349,0,0,0.0543159534698971,0,0.534718683634755,5.69986996701463,0.0514591108761545,0.0981756391203303,0.000725906246905335,0.0171717858076357,6.38886857753905,0.276325009439846,0.251681159613772,0.00918455240674486,0.0313097038776636,0,0,0.866646608912595,0,0.328584463142397,0.00260518871820962,0,0,0,0,0,0,0,0.141923040273197,0,0.530636201581128,0,0,0,0,0,0,0,0,1.93606790211176,0,0,0.921225730852715,0.00665476815492087,0.00361969140939314,0,0,0,0,0,0,0.00606506961465436,0,0.0109198129903977,0.00203165010122798,0,0
0,0.893719405787313,3.53008245941595,0,0,0,0.00049344783495419,0,0.0315435081375645,0,8.79130957394137,0,2.33273124387093,0,0,0.000555535154918787,6.44441116268586,2.15269149901929,10.4876989789585,0,0.0132402819199794,1.05733485202724,0.221704786509495,0.00613855869419136,0.290988906252187,0,13.515029354288,0.00260711149244639,0,0.00473166624890321,1.14931983977501,0,0,0.793817766065359,0,0.043631434239719,0.341346379758275,0.118689177756658,0.0100881240009837,0.000657630534718286,0.000728719433096603,0.000767798974413711,0,0,0,0,0,0,0,0,0.000455162519039746,0,0,0,0,0,0,0.000153339088630028,0,0,0,0,0,0,0,0,0,0,0,0,0.059514566466933,0,0,0,0,0,0,0,0,0,0,0,0,0,0.0381444685793604,0,0,0
0.000150819310179497,1.52302047944556,7.18583208594933,0,0,0.00155687808792293,0.0137650707770648,0.000473989816942568,0.0877293980988722,0,3.73301955653992,0.000302349161139326,1.14950278679442,0,0,2.56320001750727,0.189443165259377,0.0385730523073511,1.02473578305973,0,0.0830826409629745,2.23839767120195,8.22328704487742,0.0344954834556569,1.06241534188032,13.515029354288,0,0.0479917828396142,0.00174178882156289,0.587980463195747,0.222024008922972,0,0.000992343505783666,1.7414744807766,0,0.228356271651876,0.729422075434891,0.177353937176073,0.0129425717497024,0.00511508458432183,0.00140736587433681,0.00227389776780931,0,0,0,0,0,0,0,0,0.00153630966653846,0,0,0,0,0,0,0.00130278558006698,0,0,0,0,0,0,0,0,0,0,0,0,0.083354963824769,0,0,0.00107878331890909,0,0,0,0,0,0,0,0,0,0,0.160039819313195,0,0,0
0.00763828573014898,0.0019634911083718,0.0753957875819963,10.8886664124955,0,0.927370527592765,7.97580321449509,0.0865015303002288,1.32388114111595,4.13052233564753,0.000630645064335952,0.0800500029060386,0,0.00433711308558697,0,5.13190036574542,0.0573110631916761,0,0.00228599870195972,8.98090130098251,3.76330070305225,0.925003155287102,0.664779490150355,45.5617638784244,0,0.00260711149244639,0.0479917828396142,0,0.0319407807681407,4.77404289606102,0,0,0.00109657603644703,0.569694998028362,0,0.0467209876077571,0.214707350752234,0.000120258008835084,0,0.00238859723694097,0,0,0,0,0,0,0,0,0,0,0,0,0,0,0,0,0,0,0,0,0,0,0,0,0,0,0,0,0,0,0,0,0,0,0,0,0,0,0,0,0,0,0,0,0.025209177861762,0,0,0
9.16357705526266,0,0.00123230960247201,0,1.33220604657211,5.02732209211792,0.53996873666702,9.56834749292036,0.00295363300097917,0,0,0.00331970175542306,0,9.0626025314053,0.013783157430742,0.00258724525600006,0.000425234978971203,0,0,0,0.00174967708722606,0.00649916085583084,0.00738255291802538,0.0107096849434802,0,0,0.00174178882156289,0.0319407807681407,0,3.05633282952665,0,3.5854176460666,6.39769361547521,1.36557450984778,0,0.303257339792153,0.0185005858185342,0.201423966162019,0.010365983419474,2.75625355026118,0.1627129681193,0.000427686677090578,0.000292207350612391,0,0,0,4.52799889298784e-05,0,0,0,0,0,0,0,0,0,0,0,0,0,0,0,0,0,0,0,0,0,0,0,0,0,0,0,0,0,0,0,0,0,0,0,0,0,0.259534840257247,0.000102890720428209,0,0
1.47406238282782,0.00498351170304071,0.0764337880560872,0.00665012801456211,0,0.988003699073286,6.50694550131363,0.0964973031622387,0.233988983729091,0.00587216186560309,0,0.00508778503054565,0,0.0427479139830156,0,1.45996171170419,0.116837535458565,0,0.00391600751368496,0.00390159791768362,8.92179955263593,0.662114968754394,3.88166132297271,0.563480315579567,0,0.00473166624890321,0.587980463195747,4.77404289606102,3.05633282952665,0,0,0,0.0496925014737787,1.90257056146818,0,0.180096090882848,0.25684043161735,0.00634337629338504,0.00175650708328735,0.128454615677816,0,0,0,0,0,3.21257798084266e-05,0,0,0,0,0,0,0,0,0,0,0,0,0,0,0,0,0,0,0,0,0,0,0,0,0,0,0,0,0,0,0,0,0,0,0,0,0,0,0.142781774318224,0,0,0
0,0.00386715345793903,0,0,0,0,0,0,0,0,2.66262655416746,0,9.44905992160931,0,0,0,0.00150827898148734,0,0.00565740389127378,0,0,0,0,0,0.00542553659692349,1.14931983977501,0.222024008922972,0,0,0,0,0,0,0,0,0,0,0,0,0,0,0,0,0,0,0,0,0,0,0,0,0,0,0,0,0,0,0,0,0,0,0,0,0,0,0,0,0,0,0,0.00497242230276945,0,0,0,0,0,0,0,0,0,0,0,0,0,0,0,0,0
0,0,0,0,14.5743718242589,0.878489427080481,0,1.17887792983163,0,0,0,0,0,0.551224586493183,0.0157103882582867,0,0,0,0,0,0,0,0,0,0,0,0,0,3.5854176460666,0,0,0,0.00908204686554762,0.706268154037164,0,0,0,0.0546070283287894,0,0.243927673967732,2.92837815068678,0,0,0,0,0,0,0,0,0,0,0,0,0,0,0,0,0,0,0,0,0,0,0,0,0,0,0,0,0,0,0,0,0,0,0,0,0,0,0,0,0,0,0,0,0,0,0
0.0151173445718309,0,0,0,0.0298981336832186,0.861368194733952,0.00489030855674986,1.24533640411064,0.00383541909178059,0,0,0,0,0.17704886078614,0.00869340451318371,0.00155699947920647,0,0,0,0,0,0,0.00357625115124947,0,0,0,0.000992343505783666,0.00109657603644703,6.39769361547521,0.0496925014737787,0,0.00908204686554762,0,1.88261433217643,0,0.649295078106466,0.0314195629899023,0.16411149884306,0.019159309357205,4.48920381669472,0.0563761210142276,0,0.000217297271095098,0,0,0,0,0,0,0,0,0,0,0,0,0,0,0,0,0,0,0,0,0,0,0,0,0,0,0,0,0,0,0,0,0,0,0,0,0,0,0,0,0,1.07519423825518,0,0,0
0.00546690004175784,1.71464568855898,2.60664495689945,0,2.65903564218721,3.26195664393599,0.306649207130038,2.78350586424872,0.264246241799117,0.00075646269197745,4.42500399421287,0.0241348223065042,0.093416236942907,0.115746047688179,0.33985963802185,0.353552639571281,0.375497236545096,0.0132506110850959,0.954091632128253,0,0.715769546785679,4.28921274474165,2.62825065353673,0.207278753602798,0.0543159534698971,0.793817766065359,1.7414744807766,0.569694998028362,1.36557450984778,1.90257056146818,0,0.706268154037164,1.88261433217643,0,0.00031219805402456,18.4806348776794,21.6231061119041,52.6261327979749,3.73149368326818,10.6823935660917,2.72305755112568,0.24041728021716,0.00399298973022053,0,0,5.81999204557687e-05,0.000187586844840144,0,0,0,0,0,0,0,0,0,0,0.00492646152609023,0,0,0,0,0,0.000397972554148196,0,0,0,0,0,0,0.251535635489508,0,0,0,0,0,0,0,0,0,0,0,0,0,15.5848203056101,0.00247091132146048,0,0
0,0,0,0,0.175935325632502,0,0,0,0,0,0,0,0.000140234601724096,0,0.134850282937399,0,0,0,0,0,0,0,1.36702406731824e-05,0,0,0,0,0,0,0,0,0,0,0.00031219805402456,0,0.194108463586077,0.00256942204634071,0.000916956852758511,0.00087817344353153,0.0392637244766503,0.000330597495860012,7.05317566025186e-05,0.813292798476046,0.00394516829588037,0.00449494573102276,0.0190209357426929,0.30630829777605,0.00794124755245621,0.000118505145184614,0,0,7.38861242805628e-05,0,0.00712188299395557,0,0,0,0,0,0.000924818360523774,0,0,0,0.129352074458217,0,0,0,1.00170822231543e-05,0,7.98385794273837e-06,0,0,0,0,0.000112740599804112,7.12693442991375e-06,0,0,4.92692913310264e-05,0,0,0,0.000994140589450183,1.40093192936702,0.081857395530853,0.576784365958885,0.0238334111157121,0.717493131870919
0,0.103054781444685,0.937307825984199,0.00131060791078051,0.0585031044031037,0.0987332010135911,0.0278200638981003,0.00449550702732756,3.14420838999633,0.00253146515541611,0.00350975914126715,1.04735827360297,2.75270239650778,0.000534845380737892,1.60100309601523,0.0348483562199582,0.1107060293893,0,0.0368139964538021,0.00463417172844494,0.0471597180303727,0.520447406505761,1.24391096834003,0.0458610044526762,0.534718683634755,0.043631434239719,0.228356271651876,0.0467209876077571,0.303257339792153,0.180096090882848,0,0,0.649295078106466,18.4806348776794,0.194108463586077,0,18.6040492147604,32.820541418416,32.1378007631346,19.9666717066328,5.05096280877359,3.38847481700399,4.92153202246936,1.5710416841006,0.945380583047011,1.70059026908504,0.544371612559199,0.0957630494197556,0.44428333046653,0,0.00820926382081569,0.0670804656864068,0,0.0247428905306237,0.000395954960983991,0.000923911905098906,0.00124456355056615,0,0,0.242323294233236,0,0.022050217076228,0,0.0255569102206831,0.00867998638321132,0.0515183320443518,0.000850404684921358,0.0409256625178908,0,0.0245496703782299,0.0288927737014838,0.0451625056061321,0,0,0.0816530751671859,0.0176176135376072,0.000455860428960707,0.000296698110642191,0.00538776018851778,0,0,0,0.397308998421588,0.0115721806544559,64.5278480323121,1.21378361712524,0,0.00115102477830933
0,0.971739982593215,3.64458200199935,0,0.00793474301657062,0.0311481780759014,0.0483977051701568,0.047824135872943,0.699277720125588,0.000202109798957408,10.1013670752858,0.0052680151279473,11.1013976433498,0,0.0340836250684622,0.257171678781422,0.419419939008402,0.00167019128645251,0.368492123975694,0,0.392917194967773,4.39581834528501,2.32443984155029,0.285515046082158,5.69986996701463,0.341346379758275,0.729422075434891,0.214707350752234,0.0185005858185342,0.25684043161735,0,0,0.0314195629899023,21.6231061119041,0.00256942204634071,18.6040492147604,0,39.5772025360968,12.6654014452242,0.95035679391821,3.19362348428645,7.31329177013349,0.0128510742283033,0.0124913098795079,0.000189738764492359,0.00250722651961294,0.0101828073263755,0.000751758461889371,0.0265698458268662,0,0.00191465079189468,0,0,0.000451064343684364,0,0,0,0.00272121835920174,0,0.0120940463897271,0,0.0219030970092938,0,0.00021413224360286,0,0,0,0,0,0,0.165302204680145,0.000568342725828938,0,0.339360896712679,0.0033280418802776,0.00144021077033518,0,0,0,0,0,0,0,0.000187703493162888,17.2348132853561,0.00201224736711984,0,0
0,0.378300445464544,0.265739616527916,0,0.332319463587947,0.737851676295877,0.000736177656259485,0.911317393049835,0.015879292406156,0,3.95236129085406,0.0201274863754697,1.55216774209948,0.00809484477012484,0.11465931976834,0.00206730196272452,0.0685885293371463,0.00114580407954934,0.221312417218499,0,0.00396701545895399,0.997110541856659,0.0707653300898196,0.000119232905070562,0.0514591108761545,0.118689177756658,0.177353937176073,0.000120258008835084,0.201423966162019,0.00634337629338504,0,0.0546070283287894,0.16411149884306,52.6261327979749,0.000916956852758511,32.820541418416,39.5772025360968,0,5.55729231563581,8.76414083944288,16.8156072190265,2.952333071574,0.0139717896556892,0.0015392143426931,4.5450741503252e-05,0.000221090586233226,0.00147664448049213,0.000475739214047058,0.00421923303179142,0,0,0,0,9.26705346418423e-05,0,0,0,0,0,9.43351596257636e-06,0,0,0,0,0,0,0,0,0,0,0.0656593869854963,0,0,0.00158720515239674,0,0,0,0,0,0,0,0,0,5.46665441961397e-05,30.2330024261574,0.0175775898818217,0,3.75638763994092e-05
0,0.0459912873585394,0.0698291720370745,0,0.0343540543160914,0.0300626044220085,0.000163132736086664,0.0271629621562167,0.01013094786709,0,0.141200543128553,0.0133120215122285,0.774139093921967,0.000983857331637757,0.0307866567801151,0.000835771791680683,0.0150699044757038,0,0.0309884407465884,0,0.00269363088315818,0.117338903658805,0.0301312741693047,0.00037019290096751,0.0981756391203303,0.0100881240009837,0.0129425717497024,0,0.010365983419474,0.00175650708328735,0,0,0.019159309357205,3.73149368326818,0.00087817344353153,32.1378007631346,12.6654014452242,5.55729231563581,0,1.26437283791401,5.79027206301747,4.53713380588776,0.0334983327941843,0.0385002282802516,0.00157777854978304,0.00703279676699883,0.00469741311086053,0.000294117373386652,0.0973886934407128,0,0,0,0,8.62383392726479e-05,0,0,0,0,0,0.0365324166010683,0,0.00147285606053946,0,0.000241932893719984,0,0,0,0.00145845480115524,0,0,0.00216499333962457,0,0,0.00251163406347443,0,0,0,0,0,0,0,0,0,2.31071763044207e-05,30.2439675773194,0.043358460504732,0,0
0.0553585735007989,0.00422745378197054,0.0106342124142337,0,23.0117940270963,7.88100762476509,0.0505843653880007,0.632365783271669,7.44366847188558,0.00204808131487299,0.00412367595896917,6.6168602963593,0.0446637982650317,0.0130946923877913,67.3036396521549,0,0.00130104331689918,0,0.00135803252016131,0,0.000601694845251007,0.00993848440769117,0.0116323019741155,0.0109463393405367,0.000725906246905335,0.000657630534718286,0.00511508458432183,0.00238859723694097,2.75625355026118,0.128454615677816,0,0.243927673967732,4.48920381669472,10.6823935660917,0.0392637244766503,19.9666717066328,0.95035679391821,8.76414083944288,1.26437283791401,0,1.74216270070217,0.130617996643206,2.05845243974635,0.0324278768000008,0.00933666805812012,0.0326156662618942,0.0886348611384039,0.00596284716958962,0.00490357362886235,0,0,0.000219326015874771,0,0.00190851866466984,8.8482413987994e-05,0,0,0,0,0.00478970165377409,0,0,0,0.00126522550546319,0,5.91412523821369e-05,0,0.000468372020612288,0,0.000108011569362602,0,0.000289145346594417,0,0,0.00022447572455933,4.87763909702392e-05,0,0,0.000306371598640175,0,0,0,0.00265501178225457,0.00176726242441266,11.554091996146,2.7603515235168,4.86032031924766e-05,0.00220888882879843
0,0.00762752813468016,0.012270302164736,0,11.3161833749873,0.539687110981686,0,0.634540476144215,0,0,0.0120102100945563,0,1.02302384464005,0.0172931565451192,0.082600918584356,0,0.00748409337802761,0,0.00411394028559458,0,0,0.0101778730043024,0.000785185628892752,0,0.0171717858076357,0.000728719433096603,0.00140736587433681,0,0.1627129681193,0,0,2.92837815068678,0.0563761210142276,2.72305755112568,0.000330597495860012,5.05096280877359,3.19362348428645,16.8156072190265,5.79027206301747,1.74216270070217,0,1.63490260432895,0.0386341497578586,0.0099083052198097,0.000278630834489917,0.0016650530390002,0.00116438044433858,0,0.000488932756041421,0,0,0,0,0,0,0,0,0,0,0.00121907631478175,0,0,0,0,0,0,0,0,0,0.000109043565643656,0,0.000380379490263517,0,0,0,0,0,0,0,0,0,0,0.000154154337925492,4.22229344225258e-06,3.02763772407715,0.083680907883132,0,0.000292407007121791
0,0.0160509367285502,0,0,0,0.000819642234188567,0,0.000781507323996442,0,0,2.57661796949097,0,8.79109213134857,0,0.000316900983797504,0,0.00180499325666101,0,0.00204705170860678,0,0,0.0143624303376839,0.000720371431801837,0,6.38886857753905,0.000767798974413711,0.00227389776780931,0,0.000427686677090578,0,0,0,0,0.24041728021716,7.05317566025186e-05,3.38847481700399,7.31329177013349,2.952333071574,4.53713380588776,0.130617996643206,1.63490260432895,0,0.0329572492292065,0.0576018807373858,0.00187824866487547,0.0135789249076517,0,0.000722028640962789,0.167041641574993,0,0,0,0,0,0,0,0,0,0,0.0518042120204935,0,0.0113525210582961,0,0,0,0,0,0.00222876177484403,0,0,0.0136311162720153,0.000542001793824146,0,0.0277590782964311,0,0,0,0,0,0,0,0,0.000802857068174803,0,0.711292351004152,0.0136738896577406,0,0
0,0,0,0,0.388311729221069,0.0001030666159622,0,0,0,0,0,4.40751648895458e-05,0.0845068370831979,0,2.74451897727316,0,0,0,0,0,0,0,4.76641608449435e-05,0,0.276325009439846,0,0,0,0.000292207350612391,0,0,0,0.000217297271095098,0.00399298973022053,0.813292798476046,4.92153202246936,0.0128510742283033,0.0139717896556892,0.0334983327941843,2.05845243974635,0.0386341497578586,0.0329572492292065,0,28.4953615473305,29.59429365737,39.3031966176754,17.6398195181873,4.11965657074134,1.40161710946115,0.0447154251614649,0.0763479796956474,0.778607308891081,0,0.206006941403265,0.237082075776463,0.0250128848073968,0.078166644449822,1.71534038574734,0.000244729882662343,1.78946109129557,0.025168395722469,0.0479262633763112,0.00945544345390344,0.381209399874971,0.124040557457405,0.388456719805978,0.00438647934657669,0.267890907976248,0,0.227757382448394,0.356580684573401,0.459082670118833,1.30804742265561,0.00900176195063002,0.614041147222634,0.195361845530862,0.0150810725655312,0.0372197919844778,0.0945893938409159,0,0,0.0518612243258153,11.6760655780366,0.202868550137379,0.37149571562955,36.9453759138088,0.000469507341763122,0.0108171490641474
0,0.00206874668805135,0,0,0.00357789618566492,0,0,0,0,0,0,0,0.0653672223643255,0,0.0217136085006848,0,0,0,0,0,0,0,0,0,0.251681159613772,0,0,0,0,0,0,0,0,0,0.00394516829588037,1.5710416841006,0.0124913098795079,0.0015392143426931,0.0385002282802516,0.0324278768000008,0.0099083052198097,0.0576018807373858,28.4953615473305,0,11.2884456000014,5.07977674463696,1.44993538066604,0.235681275039475,9.32538754698364,0.361843049230787,0.262133488463464,2.31013269807036,0,0.00212114417742156,0.179419452925585,0.145325582930829,0.280770763563693,0.0235638144458833,0.00624748262702486,8.31308287155826,0.00177177200158912,5.10316953461443,0.0776538960605812,0.00621526720211427,1.39974020700875,0.742896551525031,0.0430177908999147,1.36481595831386,0,0.790552317048726,2.39736050244459,1.41088015950532,0.0211964160823018,2.80391072242361,1.75642589813759,0.907350202707878,0.0666934549778287,0.281454275727803,0.579892397849266,0,0,0.736062580935881,22.1154719821088,0.000836207836136832,0.000494967642063563,17.1392232231005,0,0
0,0,0,0,0.00209767635061983,2.08834370684511e-05,0,0,0,0,0,0,0.00331945732180958,0,0.0138037624451427,0,0,0,0,0,0,0,0,0,0.00918455240674486,0,0,0,0,0,0,0,0,0,0.00449494573102276,0.945380583047011,0.000189738764492359,4.5450741503252e-05,0.00157777854978304,0.00933666805812012,0.000278630834489917,0.00187824866487547,29.59429365737,11.2884456000014,0,5.85546763381614,8.04054991323724,13.0452189934084,2.97739300273645,0.0143914763246495,0.0369224130607752,0.533435489661263,0,0.0494233476600678,0.425056124048796,0.00501068147611672,0.607278013204619,0,0.000480818980143956,18.7446505119521,7.5719060202907e-05,0.985290459183811,0.0585261597665696,0.00594496699150957,0.0633955332781201,0.252111639780956,0.0361596612869086,0.766013018251735,0,0.0967688414316007,0.170923277437468,0.256443975129242,0.000518328695529514,0.093088946941185,0.570194920341845,0.136659167883532,0.00361312292313217,0.0728537299046208,0.0399785255930503,0,0.00337823381451038,0.0147744761202035,35.267677015821,0.00114794865662318,0.00170180555493467,17.1492185448843,0,3.08753479353642e-05
0,0,0,0,0.0158405190830205,0,0,0,0,0,0,0,0.00714699672714959,0,0.0710432337444233,0,0,0,0,0,0,0,0,0,0.0313097038776636,0,0,0,0,3.21257798084266e-05,0,0,0,5.81999204557687e-05,0.0190209357426929,1.70059026908504,0.00250722651961294,0.000221090586233226,0.00703279676699883,0.0326156662618942,0.0016650530390002,0.0135789249076517,39.3031966176754,5.07977674463696,5.85546763381614,0,3.6579569969799,4.00176189182188,3.99506296305049,0.00364647052158553,0.0212836893593737,0.115108665382987,0,0.0163568021000973,0.024737209128164,0.00136788816084454,0.0223430073025515,0.00121797101899704,0,1.97238805425765,0.000436347549397365,0.235012749863992,0.00109949250446412,0.0400235401668911,0.0146440652350649,0.13256328138046,0.00375685535527578,0.231189315598161,0,0.0299419062219311,0.0754164648601763,0.0652451902358379,0,0.0578318389740791,0.149287374119152,0.0333835631612391,0.00101515234446448,0.00534605195535052,0.00689826765374148,0,0,0.00233951330721233,2.97465735782329,0.006260439014464,0.052396236756682,51.5630107564373,2.66403083063116e-05,0.00395511315656874
0,0,0,0,0.32884602063057,0,0,0,0,0,0,0,0.00121723232071144,0,0.747473061418269,0,0,0,0,0,0,4.75806583725867e-05,0.000162085900285203,0,0,0,0,0,4.52799889298784e-05,0,0,0,0,0.000187586844840144,0.30630829777605,0.544371612559199,0.0101828073263755,0.00147664448049213,0.00469741311086053,0.0886348611384039,0.00116438044433858,0,17.6398195181873,1.44993538066604,8.04054991323724,3.6579569969799,0,3.13505730134049,0.122543195158717,0.0732598953424909,0.000233432147701185,0.0113125651314735,0,22.1205662471363,12.8186078419736,0.0207719953667225,0.596450010958985,3.31088985381213,0.00119356514329584,0.155485876033199,3.31858913776115,0.00253990204295018,0.0936190767180185,68.2313263282335,0.0133416646505329,0.0025762345052536,0,0.00098672701837639,0,0.00257102678701143,0.0185030183954545,0.0121788757768219,2.3156547213827,0,0.00321818843719464,0.00214032240060158,0.0026976088612432,0.226679442130796,0.00740701054323544,0,0.016463509531233,0.162225150685669,8.57827163641675,0.131483425019672,0.486329032945781,14.4327866290638,0.000768879266320717,0.0345179575234423
0,0,0,0,0.0143456222973343,0,0,0,0,0,0,0,0,0,0.0247355849629844,0,0,0,0,0,0,0,0,0,0,0,0,0,0,0,0,0,0,0,0.00794124755245621,0.0957630494197556,0.000751758461889371,0.000475739214047058,0.000294117373386652,0.00596284716958962,0,0.000722028640962789,4.11965657074134,0.235681275039475,13.0452189934084,4.00176189182188,3.13505730134049,0,0.0469001128557019,0,0,0.0153236100180411,0,17.1896225025379,1.89771367488771,8.07641738504363e-05,4.4581981974365,0,0,0.254623499821797,0,0.000398323457791283,0.12404790834283,0.0187343399121115,0.00479991296483806,0.00214647066957675,0,0,0,0.000258191577765195,0.00149978670566514,0.00561155807216395,0,0,0.00163472675724938,0.000158018946822738,0,0.251548780012594,0.000992282345938147,0,2.52079337171119,0,6.1806685256552,0.00236254247132521,0.0430738193901392,5.44984317238143,0.000644294650078864,0.00210100786910184
0,0,0,0,0.00191284159031312,0,0,0,0,0,0.00177454902871466,0,0.085433200318982,0,0.00176201878230404,0,0,0,0,0,0,0,0,0,0.866646608912595,0,0,0,0,0,0,0,0,0,0.000118505145184614,0.44428333046653,0.0265698458268662,0.00421923303179142,0.0973886934407128,0.00490357362886235,0.000488932756041421,0.167041641574993,1.40161710946115,9.32538754698364,2.97739300273645,3.99506296305049,0.122543195158717,0.0469001128557019,0,0,0.0110619970663924,0.0219594696735713,0,0.00017456661282958,0,0,0,0,0,3.66517564238777,0,8.80047927356396,0,0.000411059576375557,0,0.0355968900196158,0.0017570052664181,0.0693150223857344,0,0.00993925251663279,0.021351673787196,0.018080613904714,0,4.92335237769285,0.0749964425685308,0.0136065890209023,0,0,0.00225753354433367,0,0,0,0.371616000301181,2.14175522377034e-05,0.00468693111318043,0.401736959125961,0,0
0,0,0,0,0,0,0,0,0,0,0,0,0,0,0,0,0,0,0,0,0,0,0,0,0,0,0,0,0,0,0,0,0,0,0,0,0,0,0,0,0,0,0.0447154251614649,0.361843049230787,0.0143914763246495,0.00364647052158553,0.0732598953424909,0,0,0,0,0,0,0,0.355070256814552,4.88326441832021,4.24528529995271,0.00897758436083336,0.00380415671868291,0,0.00809223290438827,0,8.59600452731525,0.00217065621573709,0.13172365081949,0,0,0,0,0.0248640413070186,0.0637742935206347,0.00944846808303987,0.0442842328285878,0,0,0.00072732126330916,0.0153603821927598,28.7315640908355,3.48371258729525,0,0,2.31306393660718,0.607304136509723,0,0,0.0293864686911568,0,0
0,0.470931163070033,0,0,0,0,0,0,0,0,0.0176021986065775,0,0.00178260767824147,0,0,0,0,0,0,0,0,0.116735249080082,0,0,0.328584463142397,0.000455162519039746,0.00153630966653846,0,0,0,0,0,0,0,0,0.00820926382081569,0.00191465079189468,0,0,0,0,0,0.0763479796956474,0.262133488463464,0.0369224130607752,0.0212836893593737,0.000233432147701185,0,0.0110619970663924,0,0,0.572836831932811,0,0,0.000801342368493899,0.00163165301097334,0,0,0,0.0204497925309944,0,0.0774350981562365,0,0,0.0959970883483301,0.0991339149590513,0.000887842884488316,0.0314246244996802,0,0.0646924574115377,16.5540970427113,0.11768575729163,0.000909920485107733,3.92569556754817,0.824354541315574,1.85447130266957,0.00297665032758806,0,0.0108128936966779,0,0,0,0.161242978507463,0,0,0.0380874477066979,0,0
0,0,0,0,0,0,0,0,0,0,0,0,0,0,0,0,0,0,0,0,0,0,0,0,0.00260518871820962,0,0,0,0,0,0,0,0,0,7.38861242805628e-05,0.0670804656864068,0,0,0,0.000219326015874771,0,0,0.778607308891081,2.31013269807036,0.533435489661263,0.115108665382987,0.0113125651314735,0.0153236100180411,0.0219594696735713,0,0.572836831932811,0,0,0,0.00444597005249395,0.037058964654007,0.00121824534413839,0.00142079712778755,0.000456344424329239,0.0354413821614497,0,0.0033445612754659,0,0,0.876613243778834,0.522660888689246,0.000361684750025723,0.0866509415032373,0,2.41774150936367,1.20008903348773,9.60781548267574,0.0175486491974997,0.00445123309442503,10.6778831957218,4.16580184926353,0.0476458546824225,0.00195448728265175,0.673785501997282,0,0,0,3.18176262397626,0,0,0.32167572420745,0,0
