# command_history: connectomestats -nshuffles 10000 -threshold 2 './output_tfnbsET>CTRL/files.txt' tfnbs './output_tfnbsET>CTRL/design_matrix.txt' './output_tfnbsET>CTRL/contrast.txt' './output_tfnbsET>CTRL/' -force  (version=3.0.3-98-gb3409159)
0,0.00207233440581349,0.00181101586228266,0.000269233075152906,-0.00152710069098499,-0.204752099690058,-1.2981127147964,0.708566096750847,0.00489634412589087,-0.0710193008804196,0.000315802014313677,-0.295993002337305,8.65588123899431e-05,-1.24019048287497,-0.333770602032356,-0.00381074156292986,0.00278781385155937,0,0.00028275979024002,0.00184869343201249,-0.00116901554898798,-0.000592908236181406,0.000559373338017012,0.0869173800777814,0.000144452832329948,0.00147536099742621,0.00138512047635799,-0.0851283991132983,-0.157844413356994,-0.321976419779691,0,0.000245679558374477,0.115217736864035,0.0434364628409934,-0.000613251348728862,-0.214151293280767,-0.0142818567425065,0.00598630242982841,0.00265784407717239,-0.411240469178114,0.0029836295214751,4.52077817776928e-05,-0.0038647717197469,-5.65474091235681e-05,-4.08287798805004e-06,-6.02849255675328e-05,-5.66006643167287e-06,0,0,0,0,0,0,0,0,0,0,0,0,0,0,0,0,-1.22266516523962e-05,0,0,0,0,0,0,0,0,0,0,0,0,0,0,0,0,0,0,0,-0.000433387041532474,0.00626486466098375,-0.00419926259408169,-0.00383097937599078,-0.000327037722372787
0.00207233440581349,0,-1.49112085855996,4.93708357172473e-06,0.000130195687896034,0.000396739861426906,6.71722610899316e-05,2.03320683468683e-05,-0.156940122925024,2.63802053322881e-05,0.0198236564680097,2.63896036792479e-05,0.185439716033776,0,-5.2543275166963e-06,-0.00387950426055896,-0.139839077280078,-0.00865691387140837,-0.14492078391094,0,0.00342311114244311,0.493415878099772,0.00662353290794881,0.00327288128380792,-0.285522846325941,-0.202675913609488,0.593467547731683,0.0019902236841983,2.10851549033295e-05,-0.00502237403652168,-0.00268824395068327,0,0.000103899958540904,0.0382131605976359,-6.99466771002105e-05,-0.07801798031789,-0.0927194883161393,-0.0700609443996666,-0.000620772983902396,-0.00153123548507929,0.00176181015860207,0.00829766691805317,-0.086626406212047,0.0236194473378661,0.000468726126407081,0.000390643204638176,-0.000362004603774697,0,0.012444317251862,0,-0.0825812704855622,6.1756357915303e-05,0,-8.25348882432355e-06,0,-1.41766548259484e-05,0,-0.125604669662623,0,0.00142780038917236,0,0.00255189607542211,0,-5.54792485759701e-06,-0.000117026056537767,8.52880875042109e-05,0,0.00018638880403443,0,0,0.259371409630809,2.60780081109349e-05,0,0.150923287913852,0.00354357808417772,0.00274944766353129,0,0,-2.34617928950371e-05,0,0,0,9.30624015177171e-06,-0.000144266004491013,-0.0548304784002022,0.0569906236833608,-0.00421135912556074,-5.15992804052464e-05
0.00181101586228266,-1.49112085855996,0,8.78339018593103e-05,-3.71861669588395e-05,-0.000823989035076678,-0.00524437734568986,-0.000114122282999355,-0.118482844609793,0.000247012389773228,-0.0627986285037631,-0.000244930930374816,-0.00414799937250992,-3.7434442759705e-05,7.47921150306808e-05,-0.028242688118536,0.424449283599444,-0.00535691444107969,-0.0756956141871796,-0.000158152915965541,-0.0170909649256588,-0.600683707775099,0.626316803631055,-0.00598084111132527,-0.010410860100016,-0.208802511037556,0.433840261415908,0.00820979363742884,-0.00104354542690785,-0.0549424609703718,-8.64253141561261e-05,0,-0.000932240743128212,0.40365973969399,-0.000611504313907148,-0.788779254888022,0.766415046525945,-0.327049717105799,0.00322928139723377,-0.00668142067655444,-0.00108171256170483,-0.00673111147646879,-0.221011534008263,-0.00195943189278854,-4.67165682361733e-05,-0.000144162691029912,-0.000837570748820855,-8.24142627037729e-05,7.49945426114325e-05,0,-0.000207481631318273,0,0,-7.10752786582573e-07,0,0,0,-0.0143493499320864,0,-3.85549858027323e-05,0,-5.41793136590318e-05,0,-6.49025781501448e-05,0,0.000104039060611303,0,0,0,0,-0.00949862305332733,0,0,-0.000661953358448115,-3.49098935885599e-05,4.28480512961185e-05,0,0,0,0,0,0,0,-0.000897013531637407,-0.449500995289086,-0.0416200849882151,-0.0174533590271003,-0.000369019798829991
0.000269233075152906,4.93708357172473e-06,8.78339018593103e-05,0,0,0.117500300109586,0.111077313201479,-0.0024482674865092,0.00154969778241234,-0.160926848278823,0,1.151021860028,0,0.000252710100353637,0.000104049449412348,0.000182598735173546,4.58737624669301e-05,0,0,4.28312355241658,0.000266751384671475,0.000199001140814794,6.73765461224794e-06,0.144767108767866,0,1.78944428074446e-05,-2.04281744239e-06,-0.361990765058472,1.33595051408381e-05,0.00061178741925979,0,0,0,0.000507405527959949,-0.000213813690735586,-0.0412949380891134,0.000597182411250645,0,6.22715350416769e-05,-4.11991688583317e-05,0,0,-0.00203911140951416,0,0,0,0,0,0,0,0,0,0.0361520252173851,0,2.97036566875594e-05,0,0,0,0.000418828879399774,0,0.0570878577919009,0,0,0,0,0,0,0,0.027409329415837,0,0,0,0,0,0,0,-6.33867269296911e-05,0,0,0,0,0,0,-0.000113338149430918,-0.0372987682422298,-0.00247145990367102,-0.000509762205921209,-8.06371508022697e-06
-0.00152710069098499,0.000130195687896034,-3.71861669588395e-05,0,0,-0.369170782006579,-3.18792701822629e-05,-0.0456062869269038,7.10775131451515e-05,0,0.00067542824832607,-6.83088183938586e-05,0.000168174813494643,0.06162273120192,0.170665610622576,-4.02591900581509e-05,6.25852665967907e-06,0,0.000105183546641281,0,-2.30986248533662e-05,0.00022381331589313,-3.32738260774105e-05,0,-1.8006796439463e-06,-8.0279315085284e-07,7.10625632113537e-05,0,0.361292621018574,-3.97575432168647e-05,0,2.15020036350442,-0.0110677903374473,0.393833606498777,0.0535966456119887,0.0932083590261653,-0.00376289114313878,0.0736047363720448,0.00222722434249223,2.02077264240033,2.51931026817407,0.00054979841711991,0.1576982641637,-0.0127459320031628,0.00139576447063162,0.00448119992418528,0.0413246118294867,0.000494861205977002,0.000419811977641139,-5.06773875030352e-06,-1.06442938327421e-05,-3.66960351701634e-05,0,-0.00392092386571109,-4.3326348128668e-05,-4.89334870613215e-07,2.51155137287892e-05,3.49808255290115e-05,4.1245888372535e-06,-9.08295922333066e-05,-1.63709357701416e-06,0.000725714280341258,3.48376500061695e-06,0.0411146572558284,-0.000108221692510424,-5.32791441227145e-08,-2.72070968663672e-06,-7.85844606355324e-06,0,-7.8576563076631e-05,-5.34615532566845e-06,-4.86234495288595e-05,-2.21586369715639e-05,0,-2.05766283655665e-06,-3.99679659555289e-07,-1.86309522753541e-06,2.73522203548736e-05,-1.60658837554566e-05,0,0,0,0.000213995124132806,0.00211752623879645,0.148189594500844,0.341086122264395,-0.0152459979924841,0.0100977423696323
-0.204752099690058,0.000396739861426906,-0.000823989035076678,0.117500300109586,-0.369170782006579,0,1.04678002928368,0.29390904149675,0.0241439581321861,-1.06907411507918,0.00040141882039868,0.512288423147946,0.000209374751983905,-0.335006547327013,-0.222267007479954,-0.00690098368184518,-0.000615792133268874,0,-1.55881909637e-05,-0.117588591476319,-0.00723579753139439,0.00392557978355773,0.00023844902369208,0.251678422387343,5.849267288036e-05,9.18078108079871e-05,0.000459425185771647,0.445185040610991,0.347224339867713,-0.193269271363242,0,0.315922035956651,0.22106314513848,0.551829197613841,-4.41900517031679e-05,0.0228270765197319,0.00742257870164663,0.221972405063856,0.0122135234220551,1.35624319059012,-0.29253603836128,9.67936226424673e-05,-0.0001844986866673,-4.58714092317824e-06,1.12470013870783e-06,-1.12129610918056e-06,0,0,0,0,0,0,0,-1.40417958059247e-07,0,0,0,0,0,0,0,0,0,1.1787793814285e-06,0,0,0,0,0,0,3.8654746186365e-05,0,0,0,0,0,0,0,0,0,0,0,0,-4.06328406515525e-05,0.0529394300468595,6.87074545475228e-06,-0.000453602446910699,-1.83671711055503e-06
-1.2981127147964,6.71722610899316e-05,-0.00524437734568986,0.111077313201479,-3.18792701822629e-05,1.04678002928368,0,-0.0604497238483013,0.0203809411466839,0.909837636657873,2.00101833458731e-05,-0.180916157354783,-3.6701085650714e-05,0.0754952467762864,0.0334243249153686,0.0720068413133897,-0.000639624273410635,-1.50248567900988e-06,-0.000356480724510389,0.324519635390502,0.0557220694303074,0.0386473781123573,0.0146898474623152,-0.419288677123228,6.59729688194695e-05,0.000562216619500795,0.008439838590428,-0.466384962042951,0.104883330751342,-0.0534594616408377,0,0,0.0141917378245359,0.0537944713829025,-0.00027998521966373,-0.0842934964389042,-0.056859302449081,0.000576888938218298,-0.000352215052584813,0.217746248241346,0.000300281088335401,7.64036567650612e-05,-0.0134242138398323,-0.000121449555566473,-5.49393440600481e-05,-4.13707411596738e-05,-6.79973258468231e-05,7.63207278458276e-06,0,0,0,-2.89867378851778e-05,0,0,0,0,0,3.11907219882818e-05,0,-5.1915397643045e-07,0,0,0,0,0,0,0,0,0,-1.46554756600714e-05,0.000107901020383772,0,0,0,0,0,0,0,0,0,0,0,0,-0.000180893821473095,-0.00823961766051561,-0.009622119621075,-0.00200913176059807,-7.0812389410073e-05
0.708566096750847,2.03320683468683e-05,-0.000114122282999355,-0.0024482674865092,-0.0456062869269038,0.29390904149675,-0.0604497238483013,0,-0.00010155455154057,0.0428220175402103,0.000905180284400951,-0.107733945591852,6.46822313545457e-05,-1.17342940609286,-0.0101376621436379,-0.00362973265740634,-8.56689697472441e-05,0,0,0.00449564578789981,-0.00283530219722767,-0.000154229357032879,-0.002908261439429,-0.0262825316377819,3.91777969823575e-05,0.000132691449295851,-0.000104905180043043,-0.0399137188528257,2.54014803492583,-0.0792298891932213,0,-0.180110461852895,-0.000689111235158912,-0.0947611903470074,-0.000194741933477436,0.00975238291667461,0.00853900799255333,-0.0446387021548082,0.00549638976209631,-0.140356979217137,-0.0997746689358604,7.61737996048336e-05,-0.000203830661911109,0,0,-7.67650418430688e-06,-2.77144067425865e-06,0,0,0,0,0,0,0,0,0,0,0,0,0,0,0,0,-5.57374421978063e-06,0,0,0,0,0,0,0,0,0,0,0,0,0,0,0,0,0,0,0,-0.000186349166977587,0.0496096808110568,-0.000108839656984694,-0.000440452243193195,-4.02148626494515e-05
0.00489634412589087,-0.156940122925024,-0.118482844609793,0.00154969778241234,7.10775131451515e-05,0.0241439581321861,0.0203809411466839,-0.00010155455154057,0,0.00592772115520701,-0.0150944988595211,0.639522661202881,-0.0371307498195551,-5.68670158883876e-05,-0.425480280242679,0.0930267899257549,-0.00562447593141736,0.000103759399698207,-0.0107781170256808,-0.00540594864269338,-0.178403078351904,1.18592968829356,-0.1333030914663,1.30127630016942,-0.0303400838952886,-0.00086981127639571,-0.00697960918484303,0.0808975616704457,0.00314327316358351,-0.135553463728668,-0.000470857309187469,0,-0.000641363765467601,0.0166158718027355,-0.000119347473226327,-2.91178846177082,-0.841888732688718,-0.0993495710736555,-0.0172310614926987,-1.88992214280483,-0.000207202955107147,-0.0043417321306258,-0.0432366147460776,-0.0214325857313547,-0.00254525511617191,-0.00072223868034242,-0.000700341175408244,2.48230251003133e-05,-0.000680741517432506,0,-0.173943110519754,-0.00229836172601395,0,0,-6.02140863466436e-05,-0.000150135639624294,-7.70972684461046e-05,0.345617254616493,-9.43654441027923e-06,-0.00133419215180584,-0.000608793787572329,-0.000628794718991091,-3.92331039410357e-05,-0.000646568809559945,-0.000797917649082998,-0.00384401793114215,2.58779711542847e-05,-0.00108832446996194,0,-0.0011420845491713,-0.022376190419881,-0.00119630154798603,-0.000655802452127006,-0.00789738089994465,-0.0223237640504557,-0.0300816514712673,-0.000173022612731186,0,-0.00105181198044377,0,0,0,-0.00197331299127015,-0.00010771388527138,-0.788914553415989,-0.0323058442260868,-0.0080058089274789,-5.30063066387358e-05
-0.0710193008804196,2.63802053322881e-05,0.000247012389773228,-0.160926848278823,0,-1.06907411507918,0.909837636657873,0.0428220175402103,0.00592772115520701,0,3.15743801281417e-06,1.66616892151429,0,-0.13388312552533,0.00455879801950045,-0.000174891021817627,8.0512642732333e-05,0,-2.72120002127848e-05,-0.364800346648344,0.000964712116319955,0.00114383888420097,0.00236057180452237,-0.0246765351083462,0,-6.1311410738437e-05,0.000393779084275239,-0.0347938144929865,-0.000837886746520817,0.000236938063042896,0,0,-0.000124602225735632,0.00114470508012387,-0.000324969665165968,-0.0715713448719054,-0.00170642702866195,4.50180837673287e-05,-4.38250559042509e-05,-0.00288574183550022,0,0,-0.00138422482119211,0,0,0,0,0,0,0,0,0,0,0,0,0,0,0,0,0,0.000133798079510496,0,0,0,0,0,0,0,0,0,0,0,0,0,0,0,0,0,0,0,0,0,0,-0.000221893480801772,-0.0339687605253957,-0.00136174908904198,-0.000556237820604913,-3.2097942501957e-05
0.000315802014313677,0.0198236564680097,-0.0627986285037631,0,0.00067542824832607,0.00040141882039868,2.00101833458731e-05,0.000905180284400951,-0.0150944988595211,3.15743801281417e-06,0,-1.26578453186205e-05,1.5556396315421,1.33691187718559e-05,-4.91139249626447e-05,0.000666420368344914,-0.0800661224846924,0.666080541121691,-0.161492092219073,0,-0.000725334660448639,-0.37337550531785,-0.00540708232138916,0.00383597912545745,0.451461251900951,-0.825269501890721,-0.0456709188809854,0.0013338197114311,0.000682051849029884,-0.000500268160740892,0.259571979571824,0.000134293030383268,0.0001151730185295,-0.246139733402734,-0.000145732324228407,-0.148292043801436,0.431800710257567,-0.409874012360852,-0.0133991698591849,-0.00501644539108937,-0.0190979792084843,0.259292182612695,0.000835923116583787,-0.00182210167298393,-1.12500149729045e-05,-0.000141498455372869,1.20064395039921e-06,5.16811881077017e-05,-0.000786781714765536,0,-0.00959899000993683,1.62809761383661e-05,0,0,0,0,0,-0.00589371556682584,0,0.000729368062663469,0,0.00216339899198694,0,0,0,0.000217012666143848,5.3573679730188e-05,9.11536600777246e-06,0,0,-0.133219545256827,-4.18877492567793e-05,-5.55643348909525e-05,0.00895269200006386,0.000748774934631307,0.000456119759859081,0,0,0,0,0,0,0.000240460732901287,-4.32661976340707e-05,-0.0551514545938167,-4.57261093247941e-05,-0.000747956837778308,-4.32592158785429e-05
-0.295993002337305,2.63896036792479e-05,-0.000244930930374816,1.151021860028,-6.83088183938586e-05,0.512288423147946,-0.180916157354783,-0.107733945591852,0.639522661202881,1.66616892151429,-1.26578453186205e-05,0,1.49101078537881e-06,-0.102561206893644,0.286213963089256,0.00275628457010255,0.000134932342202782,0,4.8249958887019e-05,1.0883545041044,0.00240016421287027,0.00324865708882859,0.00140077317020686,0.237481558502709,0,-4.16088979995186e-05,0.000824420902533329,-0.310555654339883,-0.0815180506113621,-0.0209341687433336,0,0,-0.016743973832034,-0.000191247239793295,-5.8346170950172e-06,0.17743490819303,-0.0191542907220319,0.00176464824612744,0.00197095023553726,-0.00467568927963491,0.000211334596233096,1.96428248665648e-06,0.000100731973646927,8.91656803252872e-05,0,9.13491009432235e-06,-0.000189379258896925,-0.000114793362141971,0,0,0,0,-0.000153830739349829,0,3.55236769416089e-05,0,0,0,0.00010675112238178,0,0.0484135410432977,0,0,0,0,0,0,0,0.00376048421788441,0,0,0,0,0,0,0,-5.12069136299624e-06,0,0,0,0,0,0,-0.000102078412917687,0.137026322821978,-0.000589797106993264,-0.00203312658374507,-8.37143154193925e-07
8.65588123899431e-05,0.185439716033776,-0.00414799937250992,0,0.000168174813494643,0.000209374751983905,-3.6701085650714e-05,6.46822313545457e-05,-0.0371307498195551,0,1.5556396315421,1.49101078537881e-06,0,-3.24243613422454e-05,-0.000239200342675465,-5.77779221328616e-05,0.000126332278944759,0.00483669241741837,0.0476192463914347,0,-0.000104433054978688,-0.152307204466848,-0.000128370388519415,0.000164334326176052,1.12287581669546,0.364044456483539,0.412260033518299,0.00013171769734101,0.000130686090651992,0.000269215405565338,1.30853120002396,0,-2.23468657466113e-05,-0.0104847228533027,-0.00115037903733836,-0.617298641577257,-0.945415883601802,0.141352557969153,0.0855170179563625,0.0279574956899185,0.0836903317938065,1.48224241472175,0.0165357536659979,0.0260676475625219,-0.00282073051451741,-0.00742223339911541,-3.28087706041457e-05,-0.000215397635078513,-0.0160768770877728,0,-0.00280157249473236,-0.00050774797932411,0,0,-1.47192088764817e-05,3.12686913163451e-05,-1.06159233855891e-06,0.00027205609421909,0,-0.00382681916048427,0,0.130308533174983,0,-3.22365531642003e-06,-1.99630950792095e-05,-0.000664051756525197,4.94015040860246e-05,-9.65766479965298e-05,0,-0.000823525867376843,-0.00511240361085533,-0.000171288903644002,-6.75745594568984e-05,-0.0149525502282049,0.00138008648747855,0.000540479451807412,0,0,-0.000297634287233076,0,0,0,-0.00908560202589153,-0.000240374870068708,-0.134659838189524,-0.00282151922852185,-0.00645316868654494,-0.000327836945244432
-1.24019048287497,0,-3.7434442759705e-05,0.000252710100353637,0.06162273120192,-0.335006547327013,0.0754952467762864,-1.17342940609286,-5.68670158883876e-05,-0.13388312552533,1.33691187718559e-05,-0.102561206893644,-3.24243613422454e-05,0,0.00175789304415466,-0.000710052227493353,6.25561906942548e-05,0,0,-0.000136567872482483,-0.000675952003716767,0.000111905654262229,-0.000331537411132025,-0.00136922052277926,0,-4.77246215435193e-06,7.3529596267354e-06,-0.001988221259143,0.347147118488206,-0.0124820339766518,0,-0.0890122707800522,-0.047799861119428,-0.0656289463748841,-0.000839608413509115,-0.164122212959265,-0.00462068922112083,-0.0107798504701477,0.000246494883786848,-0.0226351267017864,-0.0496911969966858,0,-0.00105508862153954,-8.81322392735611e-06,-6.8299175213905e-06,-7.97774232317882e-06,-3.4116910364466e-06,0,0,0,0,0,0,-3.31899162693632e-06,0,0,0,0,0,0,0,0,0,-1.38855401822624e-05,0,0,0,0,0,0,0,0,0,0,0,0,0,0,0,0,0,0,-5.81846778871782e-06,-0.000679304662384731,-0.0627292846820572,-0.000176601853468159,-0.00170875983910917,-0.000182577948273976
-0.333770602032356,-5.2543275166963e-06,7.47921150306808e-05,0.000104049449412348,0.170665610622576,-0.222267007479954,0.0334243249153686,-0.0101376621436379,-0.425480280242679,0.00455879801950045,-4.91139249626447e-05,0.286213963089256,-0.000239200342675465,0.00175789304415466,0,0.00138471021272967,-7.33758485368437e-05,0,0.000165202916613605,0.000150925415114007,0.000536350274607342,0.000732336673159355,-7.7516805773732e-05,-0.00142914580462559,5.91655799825061e-05,-6.15570612650193e-06,-2.83609800766544e-05,0.00326429425975118,-0.0356621796061203,-0.00697353461625524,0,0.000305341655803615,-0.00583564522937013,-0.0572447836672835,0.0335389733554233,-0.0857819443946635,-0.0482984476245839,-0.0016711460967387,-0.000339872905870967,1.66320482240458,-0.0401802720731145,0.000707892638716194,0.166065419672922,-0.0978925377123465,0.00322070480369678,0.0148044953875281,-0.0493823586085334,-0.00542742425907023,0.000600239548402611,0,-2.87159443104558e-05,-0.000201088623115881,-1.56143491893676e-05,-0.0151984818615886,-6.44248429918668e-07,4.52070142941628e-06,3.76683704851006e-05,-1.28135013312964e-05,0,-0.000434821790088068,0.000796953268887397,0.00209533490773461,-1.02882516713619e-05,-0.0103670594157195,-8.79256465616427e-05,4.60487183715169e-06,-3.56973415804431e-06,-2.41441255416e-05,0,-8.77932753735429e-05,-6.86368688418276e-05,-0.000113357527387921,-1.03401423599725e-05,-1.50299765367206e-06,2.82441735962237e-06,6.11462166873822e-06,2.09124691981016e-06,9.3776807571877e-07,-3.24837681994154e-05,0,0,3.29868811121047e-05,-0.00027487024004921,-0.0111627325688412,0.0812089438164436,0.39671249845605,-0.0292047626404063,0.00476591819167209
-0.00381074156292986,-0.00387950426055896,-0.028242688118536,0.000182598735173546,-4.02591900581509e-05,-0.00690098368184518,0.0720068413133897,-0.00362973265740634,0.0930267899257549,-0.000174891021817627,0.000666420368344914,0.00275628457010255,-5.77779221328616e-05,-0.000710052227493353,0.00138471021272967,0,-0.00246823048534922,3.28064350632275e-05,-6.7685108361601e-05,-0.00674802171863,1.07761121621128,0.137145091299138,-2.70970034805905,-0.0543389892961668,0.000687060090027953,0.00136859065919658,0.276009351931698,-0.463533797418428,-0.0128391853850709,0.32021759109427,-1.72307940259167e-05,-5.10978044640062e-06,-0.00174531334287086,0.0775184753040733,-0.0069989987927022,-1.32519456357176,-0.191852804863374,-0.00785034711593047,-0.00113454862523805,-0.00177068722671293,0.000218556685172529,-0.000109970664418128,-0.0525665197606016,-0.000716417273454042,-0.00021271274145322,-0.000308938200157695,-0.00039639434307494,-7.66885448597702e-05,-7.65732512776587e-06,0,0,-2.54407078885682e-05,0,-9.69045529633546e-06,0,0,0,-0.000175712504713229,0,-7.56792916932367e-06,0,0,0,-0.000211766039533541,0.0580693816254551,0,0,0,-1.81187307203475e-05,0.0145757812672196,0.000150288740193359,0.0117105203359445,0,0,0,-6.35164471319779e-07,0.000144110852670114,0,5.57556236484337e-05,0,0,0,-1.46432829691089e-05,-0.00508752437731202,-0.6487206715088,-0.0315414005429749,-0.0242509992018239,-0.00357293188996294
0.00278781385155937,-0.139839077280078,0.424449283599444,4.58737624669301e-05,6.25852665967907e-06,-0.000615792133268874,-0.000639624273410635,-8.56689697472441e-05,-0.00562447593141736,8.0512642732333e-05,-0.0800661224846924,0.000134932342202782,0.000126332278944759,6.25561906942548e-05,-7.33758485368437e-05,-0.00246823048534922,0,-0.155409882604878,1.54527133279347,2.61724498952994e-05,-0.152209733049278,-0.0140752686379588,0.686029336654318,0.00229722670902578,0.0138995376390595,1.02081365078381,-0.00912894838825218,0.00826037246325168,-4.40811390670679e-05,-0.0166089774071639,-5.63542360294664e-05,0,-1.69467850333551e-05,-0.20323864182637,-0.00238935556569117,-0.256020562906323,0.0339759066007354,-0.110663149275834,-0.0222373492744738,-0.00492731599377326,-0.00150165338032001,-0.001659282130267,-0.00333352241172833,-3.77163270520701e-05,-1.18240159214385e-05,-0.000122030875076555,-8.83848628237088e-06,-4.67718997636764e-05,0.000135898599107196,0,-3.60933527924426e-05,0,0,-2.61549573148621e-06,0,0,0,-0.00203024370538093,0,-2.82960863264566e-06,0,7.52106927433257e-05,0,-4.1907265861771e-05,0,0,0,0,0,0,-0.00584956972732246,-2.77179350843647e-05,0,6.27353523520842e-05,0,1.34917108036057e-05,0,0,0,0,0,0,-2.24135799832999e-05,-0.00133281361818949,-0.137721497619169,-0.000277715883194645,-0.00613595340148122,-0.00104877129674664
0,-0.00865691387140837,-0.00535691444107969,0,0,0,-1.50248567900988e-06,0,0.000103759399698207,0,0.666080541121691,0,0.00483669241741837,0,0,3.28064350632275e-05,-0.155409882604878,0,1.38856829348916,0,-0.00075084140530263,-0.00136883073438088,-0.00216791996263521,-9.1057993751133e-05,0.00331601608431225,-0.510186716540078,-0.00427542253849077,-1.11036608325004e-05,-6.20071044430156e-05,-0.000532194379099865,0.000386263066599584,0,0,-0.000893784006481508,-3.93395459042389e-06,-0.00246111093164572,0.0137858456797048,-0.00118550350255836,0.000373276668273634,3.1205498772356e-05,0,0,-3.35758240942751e-05,0,0,0,0,0,0,0,0,0,0,0,0,0,0,-0.000335593637666589,0,0,0,0,0,0,0,0,0,0,0,0,-0.000785980297272756,0,0,0,0,0,0,0,0,0,0,0,0,-2.86786040330784e-07,-0.0024264602739062,-9.59585450272588e-06,0,0
0.00028275979024002,-0.14492078391094,-0.0756956141871796,0,0.000105183546641281,-1.55881909637e-05,-0.000356480724510389,0,-0.0107781170256808,-2.72120002127848e-05,-0.161492092219073,4.8249958887019e-05,0.0476192463914347,0,0.000165202916613605,-6.7685108361601e-05,1.54527133279347,1.38856829348916,0,0,0.000356424532568175,-0.0341791735889176,0.0110124884989366,0.000762147934625157,0.0399212801828079,2.67243591957875,-0.0829714773054187,0.000539874834360347,-4.72801560063375e-05,-0.000198515630291628,0.000296283081020822,0,0,-0.0696107971069674,-0.000129428338606824,-0.0356704255904596,0.156283466030348,-0.0991240669513265,-0.00620538731766567,-0.00115675134052051,0.000624627735414097,-1.81184262960151e-06,-0.000681765630821089,-0.000254482806843951,0,-1.95724833648432e-05,6.08563563757364e-06,0,0,0,0.000237032926979489,3.3599642487255e-05,0,0,0,0,0,2.03739059391841e-05,0,0,0,9.10579515565425e-05,0,0,0,0,0,0,0,0,0.0013941540443986,0,0,-0.000517420864720188,3.85736669826456e-05,2.77737119961461e-05,0,0,0,0,0,0,0,-4.96968856553824e-05,-0.0162800383924176,0.000272106175564213,-0.0005452609310564,-3.10329073273657e-05
0.00184869343201249,0,-0.000158152915965541,4.28312355241658,0,-0.117588591476319,0.324519635390502,0.00449564578789981,-0.00540594864269338,-0.364800346648344,0,1.0883545041044,0,-0.000136567872482483,0.000150925415114007,-0.00674802171863,2.61724498952994e-05,0,0,0,-0.0014197029693057,-0.00153330017667463,-0.00235882743185165,-0.250256048716536,0,1.73417602383818e-05,-0.000271507908253772,-1.48489851973734,0.00019905531643331,-0.0073062166572115,0,0,0,0.0002328045003449,-0.000277735997028761,-0.0849976371181932,-0.0120630339155095,3.17700327188608e-05,0,0.00055210365705746,0,0,-0.000487418357710951,0,0,-3.44612308182844e-05,-1.40205104581183e-05,0,0,0,0,0,-0.0382417405250619,0,0,0,0,0,-0.000736905758772471,0,0.00332149834466583,0,0,0,0,0,0,0,-0.0345487948140854,0,0,0,-9.20349190479931e-05,0,0,0,0,0,0,0,0,0,0,-0.00025059801434547,-0.11152696631931,-0.000744027745480044,-0.00132250524073682,-0.000134501369058672
-0.00116901554898798,0.00342311114244311,-0.0170909649256588,0.000266751384671475,-2.30986248533662e-05,-0.00723579753139439,0.0557220694303074,-0.00283530219722767,-0.178403078351904,0.000964712116319955,-0.000725334660448639,0.00240016421287027,-0.000104433054978688,-0.000675952003716767,0.000536350274607342,1.07761121621128,-0.152209733049278,-0.00075084140530263,0.000356424532568175,-0.0014197029693057,0,-0.0697844327159117,0.757618801737999,0.218330707194757,0.000738551325155932,0.0135508740968163,0.0305815010155014,0.698878370977498,-0.00933985946225729,-0.169064338216748,0,0,-0.000453429712733471,0.115419038221485,-0.00312998194362414,-0.191022665749582,0.371865170048607,0.0149239292537516,0.00497276875795598,0.00407667582937517,-5.38735150507038e-05,0.000111913592980369,-0.0396184884893229,-0.000561709706066794,-0.000309631460904538,-9.08158543159776e-05,-0.000225564239411832,-1.41997597810498e-05,2.40065685587588e-05,0,0,-5.01861631220878e-06,0,-1.44728845074781e-05,0,0,0,-0.000230484891304441,0,0,0,0,0,-6.22687288125541e-05,0,0,0,0,0,0,9.75446065560001e-06,0,0,0,0,0,0,0,0,0,0,0,-5.21970631438932e-05,-0.0023557556299189,-0.0436101618819586,-0.026802958517572,-0.00573153076576278,-0.000769911018154183
-0.000592908236181406,0.493415878099772,-0.600683707775099,0.000199001140814794,0.00022381331589313,0.00392557978355773,0.0386473781123573,-0.000154229357032879,1.18592968829356,0.00114383888420097,-0.37337550531785,0.00324865708882859,-0.152307204466848,0.000111905654262229,0.000732336673159355,0.137145091299138,-0.0140752686379588,-0.00136883073438088,-0.0341791735889176,-0.00153330017667463,-0.0697844327159117,0,-0.360618226166046,1.48393303692882,-0.0424687661972998,0.284228397587407,0.255518847204038,0.159782659283641,0.00456118849304012,0.0352789214959943,-0.00123754293661556,5.21225234580583e-05,-0.000161630027869956,0.460536560922086,-0.000185846500995203,-0.420438362576853,-2.2786342644068,-0.206186127194066,0.00994839800814049,-0.00934379076458834,-0.000987404811110355,0.00116348005951196,-0.0215584566535475,-0.0806748430223,-0.00711968451118285,-0.00198433994025452,-0.000296168357324567,-5.77931625050734e-05,8.43165903154728e-05,-3.91379545809284e-05,-0.192079740727039,-0.0306119909452972,0,0,-9.06265709854979e-05,-6.62971135119808e-05,-4.93389495081831e-05,0.0544417040011701,-1.29315207728097e-05,-0.00186110558912893,0,0.00347653534060376,-5.11454593258532e-05,-9.66365573927216e-05,-0.000640973301731201,-0.00452045324445337,9.90292180722909e-05,-0.00640278520231874,0,-0.000548270283731539,-0.022553338564521,-0.00212055589760736,-3.22206743362318e-06,0.121749208354667,-0.0337527445364302,-0.0290491280845129,-6.6415559549832e-05,0,-0.00013693275178116,0,0,-3.99146696756069e-06,-0.00776363196794611,-0.000226665069602854,-0.121858058075562,0.0321305267204588,-0.0254940812762304,-0.000165258167146973
0.000559373338017012,0.00662353290794881,0.626316803631055,6.73765461224794e-06,-3.32738260774105e-05,0.00023844902369208,0.0146898474623152,-0.002908261439429,-0.1333030914663,0.00236057180452237,-0.00540708232138916,0.00140077317020686,-0.000128370388519415,-0.000331537411132025,-7.7516805773732e-05,-2.70970034805905,0.686029336654318,-0.00216791996263521,0.0110124884989366,-0.00235882743185165,0.757618801737999,-0.360618226166046,0,0.029147742200913,0.00132025237786397,0.125250302250919,0.198572900783448,0.166353385082071,-0.0212079695461733,-0.0628129684323828,0,-7.16311900962587e-06,-0.00056127490877487,-0.463621662925717,-0.00717249161075279,-0.803556096148132,0.374032598855425,-0.0591728188494179,0.0151563799276068,-4.76057549698358e-05,-0.000291051551681734,-0.000540772884467963,-0.0211658919656855,-0.000398061309305774,-7.48675447596114e-05,-0.00023794385158532,-0.000231497214123997,-4.1946864519216e-05,-1.59168558973577e-05,0,-2.99437825120834e-05,-3.82251140047867e-07,0,-3.11466917828925e-05,0,0,0,-0.00160926825176972,0,-7.24218945473922e-06,0,-4.71860290581016e-07,0,-8.47853938007443e-05,-7.29158841269749e-06,0,0,0,0,-1.58387527102643e-05,0.00105332794334176,-8.50220675059958e-06,-7.94684611675801e-06,-0.000203896077693304,-8.98774839049561e-06,8.55417452561854e-06,-8.05166249042143e-06,-1.1708370934355e-05,0,0,0,-1.49000263205638e-06,-2.11461190831251e-06,-0.0048543710189682,-0.101738374650465,-0.00678185264371458,-0.0253072663579089,-0.00132630181608463
0.0869173800777814,0.00327288128380792,-0.00598084111132527,0.144767108767866,0,0.251678422387343,-0.419288677123228,-0.0262825316377819,1.30127630016942,-0.0246765351083462,0.00383597912545745,0.237481558502709,0.000164334326176052,-0.00136922052277926,-0.00142914580462559,-0.0543389892961668,0.00229722670902578,-9.1057993751133e-05,0.000762147934625157,-0.250256048716536,0.218330707194757,1.48393303692882,0.029147742200913,0,0.00421642250060276,0.00189470786290965,0.0139055497245271,0.609151977675822,0.0122167896952674,-0.0662289074223134,0,0,-0.00104113299482354,0.0224441852244367,-0.00205144114858747,-0.322541762888243,-0.121799129490278,-0.000975612096570167,-0.000810488524552965,-0.00170051837467988,-0.000225542125017174,-0.000181609053304905,-0.0393378950372827,-0.000481215916008078,-0.000223570264521719,-7.15790389811498e-05,-8.94667261810081e-05,-2.1560158295014e-05,-2.7574807107128e-06,0,-1.55200575239321e-05,-3.13495243530749e-05,-0.000541272083321429,0,0,0,0,-0.000639688630541035,0,-5.33423822592294e-06,-5.92744354936008e-06,0,0,-2.76957776937909e-05,0,0,0,0,0,0,2.19157476944161e-05,-8.18758027394548e-06,-1.84493598640605e-05,0.000707723852190999,-3.4750930967244e-06,-2.06162253750743e-06,0,0,0,0,0,0,-5.67144946490651e-05,-0.00143552595564674,-0.123703612783723,-0.0275302504501585,-0.00390560573478031,-0.000509449602126873
0.000144452832329948,-0.285522846325941,-0.010410860100016,0,-1.8006796439463e-06,5.849267288036e-05,6.59729688194695e-05,3.91777969823575e-05,-0.0303400838952886,0,0.451461251900951,0,1.12287581669546,0,5.91655799825061e-05,0.000687060090027953,0.0138995376390595,0.00331601608431225,0.0399212801828079,0,0.000738551325155932,-0.0424687661972998,0.00132025237786397,0.00421642250060276,0,0.0610194484719107,0.319606478089818,0.000450767981332033,1.65842984721454e-06,0.000250286689147637,-0.000866796517279745,0,0,0.0531532219252595,-0.000242906458286194,-0.0273174253397903,-2.14925141964818,0.055385171901452,0.00528581012507728,-0.00183654193553183,0.00096190480840262,0.017323141976469,0.0352390039756641,0.148880606068632,0.0010143597226038,-0.00191553034268401,-1.02951529098889e-05,0,0.106950928764501,0,-0.181664390972956,0.000327711594184674,0,0,0,0,0,-0.0101654272345824,0,0.00964605376481192,0,-0.0552345263566293,0,-3.75459377667379e-06,-5.60889649155611e-06,0.000327986997894428,0.000407450870360071,6.11687491556673e-05,0,4.88767452514409e-05,-0.162121308077179,1.52479038941799e-05,0,-0.0638207194967859,0.00385450430320272,0.00124667856265197,0,0,0,0,0,0,0.000581935334376549,-9.77385927412693e-05,-0.0193505606672998,-0.00645900818623947,-0.000752616214306894,-4.88993127849483e-05
0.00147536099742621,-0.202675913609488,-0.208802511037556,1.78944428074446e-05,-8.0279315085284e-07,9.18078108079871e-05,0.000562216619500795,0.000132691449295851,-0.00086981127639571,-6.1311410738437e-05,-0.825269501890721,-4.16088979995186e-05,0.364044456483539,-4.77246215435193e-06,-6.15570612650193e-06,0.00136859065919658,1.02081365078381,-0.510186716540078,2.67243591957875,1.73417602383818e-05,0.0135508740968163,0.284228397587407,0.125250302250919,0.00189470786290965,0.0610194484719107,0,-0.64674730660858,0.00272075224793628,0.000226744729947071,0.00456980469742893,0.159754145800158,2.99659423678823e-05,-8.32192627348243e-05,0.136908909482031,-0.0012145724885581,-0.165888932426772,0.188914441646846,0.018237624991534,0.00885104982850728,-0.00360918676916364,1.28019214302531e-05,-0.00424270215957543,-0.0380669789034951,-0.00037825044578357,-8.84416982296971e-06,-2.36300626478438e-05,-2.18369703649098e-06,-3.61294087623188e-07,8.15116438024215e-05,0,-0.000491138418432878,0,0,-4.4615975822141e-07,0,0,0,-0.00819014116673015,0,6.74442077408831e-05,0,0.00109973145083623,0,-4.78402189426697e-06,0,0,1.60438319575713e-05,0,0,0,0.00679750288664222,4.66432695883927e-06,0,0.0045498085484472,0.00025287351291235,0.000238389418173265,0,0,0,0,0,0,-1.88583965906327e-06,-0.000717943014993996,-0.0629560092107782,-0.00436020233520732,-0.00180518547380601,-0.000303140701453702
0.00138512047635799,0.593467547731683,0.433840261415908,-2.04281744239e-06,7.10625632113537e-05,0.000459425185771647,0.008439838590428,-0.000104905180043043,-0.00697960918484303,0.000393779084275239,-0.0456709188809854,0.000824420902533329,0.412260033518299,7.3529596267354e-06,-2.83609800766544e-05,0.276009351931698,-0.00912894838825218,-0.00427542253849077,-0.0829714773054187,-0.000271507908253772,0.0305815010155014,0.255518847204038,0.198572900783448,0.0139055497245271,0.319606478089818,-0.64674730660858,0,0.032121474917236,0.00290045757304975,0.0424465292254404,0.0262138159056121,0,-2.95708341859553e-05,0.259344952748631,-0.00567526313758531,-0.811532852792307,0.00395833931701128,0.119521062399578,0.0124356323124662,-0.00265286736388599,0.00101712421687289,-0.00124607407075487,-0.0855242118373704,-0.000241869648002908,2.41438667908598e-06,-0.000101074429761345,-0.000343284795556246,-1.83571291557863e-05,0.000557808364412164,-9.760654544363e-06,-0.000769004969162771,-4.7420084784914e-06,0,-3.94771128795359e-06,0,0,0,-0.0283543562418318,0,0.000893902236168345,0,0.00105744826849677,-2.74857252739197e-06,-4.79784668185316e-05,0,6.7151730045899e-05,0,2.21844431459656e-05,0,0,0.0278320429794582,0,0,0.00867744463170144,0.000877464547107902,0.000390607388923413,0,0,0,0,0,0,-5.29559544727819e-06,-0.00353034858448624,-0.183326776455421,-0.00839363539565927,-0.00570719345571476,-0.000862970308583829
-0.0851283991132983,0.0019902236841983,0.00820979363742884,-0.361990765058472,0,0.445185040610991,-0.466384962042951,-0.0399137188528257,0.0808975616704457,-0.0347938144929865,0.0013338197114311,-0.310555654339883,0.00013171769734101,-0.001988221259143,0.00326429425975118,-0.463533797418428,0.00826037246325168,-1.11036608325004e-05,0.000539874834360347,-1.48489851973734,0.698878370977498,0.159782659283641,0.166353385082071,0.609151977675822,0.000450767981332033,0.00272075224793628,0.032121474917236,0,-0.00464034344862367,0.662861871178512,0,0,-0.00146065011872234,0.00633974255038838,-0.000423567953094473,-0.0379852384826685,-0.0487383548920619,0.00621698073718325,0.000975892499886249,0.00687385880674354,2.90576289119932e-05,0.000102735915997825,-0.0192176818425724,-0.000256424768606822,-0.000186288000560416,7.15336710576864e-06,-7.12172448160086e-05,0,0,0,0,0,0.0120962593968722,0,0,0,0,-0.000105207135344405,2.86312217794684e-05,0,0,0,0,-8.00558085066454e-06,0,0,0,0,0.00166064506513092,0,4.98418352929747e-05,-1.43870328098464e-05,0,0,0,0,0,0,0,0,0,-8.06552236521105e-05,-1.66235251760576e-05,-0.000313715145469218,-0.00086628559142124,-0.0148298506974159,-0.00118836703834487,-6.25344186389444e-05
-0.157844413356994,2.10851549033295e-05,-0.00104354542690785,1.33595051408381e-05,0.361292621018574,0.347224339867713,0.104883330751342,2.54014803492583,0.00314327316358351,-0.000837886746520817,0.000682051849029884,-0.0815180506113621,0.000130686090651992,0.347147118488206,-0.0356621796061203,-0.0128391853850709,-4.40811390670679e-05,-6.20071044430156e-05,-4.72801560063375e-05,0.00019905531643331,-0.00933985946225729,0.00456118849304012,-0.0212079695461733,0.0122167896952674,1.65842984721454e-06,0.000226744729947071,0.00290045757304975,-0.00464034344862367,0,0.175301572663299,0,0.794553136913704,0.691777152620631,0.120035366548391,-0.00135972478509591,0.15958386418683,-0.00504548709556609,0.0866974596452882,0.000725617702527041,-0.128697031938783,-0.164156260714046,2.18990020796995e-05,-0.000682897465877103,-8.0650759082491e-05,-7.58105989572397e-06,-5.77154901680472e-05,-6.59166046265147e-05,5.27108906133969e-07,0,0,0,-7.42059035800142e-06,0,-2.2434214652935e-06,0,0,0,0,0,0,0,0,0,-1.31680543612525e-05,0,0,0,0,0,-4.55728225112926e-06,0,-2.58846548135522e-06,0,0,0,-1.56352745817289e-06,0,0,0,0,0,0,-1.14555513278759e-05,-0.0011451416823802,0.166249496559696,-0.000904796660453144,-0.00379227915394639,-0.000182692888962643
-0.321976419779691,-0.00502237403652168,-0.0549424609703718,0.00061178741925979,-3.97575432168647e-05,-0.193269271363242,-0.0534594616408377,-0.0792298891932213,-0.135553463728668,0.000236938063042896,-0.000500268160740892,-0.0209341687433336,0.000269215405565338,-0.0124820339766518,-0.00697353461625524,0.32021759109427,-0.0166089774071639,-0.000532194379099865,-0.000198515630291628,-0.0073062166572115,-0.169064338216748,0.0352789214959943,-0.0628129684323828,-0.0662289074223134,0.000250286689147637,0.00456980469742893,0.0424465292254404,0.662861871178512,0.175301572663299,0,0,1.85844604541115e-05,0.00194422007094354,0.152423843700499,-0.00326255044992582,-0.412074866194745,0.128087408608272,-0.00335935893948331,0.000240798069348075,-0.223215609040712,-0.000371500218582542,0.000206851832654874,-0.0194930361658266,-0.000423730634968137,-3.47218854587391e-05,-6.43836389092962e-05,-0.000118169157196523,-3.04128277488298e-05,0,0,0,-4.19440636236467e-05,0,0,0,0,0,0.000110873898755455,0,-1.01686874445537e-05,0,-8.70278157690523e-06,0,-4.69691401327092e-05,0,0,0,0,0,0,0.000221945533958349,-1.8841832993738e-06,0,0,-1.10342340862573e-05,0,0,-3.34805360518827e-05,0,0,0,0,-3.64593451767913e-05,-0.00248204553868776,-0.0987305868906202,-0.0175145517170528,-0.00745650860268929,-0.000885804116626712
0,-0.00268824395068327,-8.64253141561261e-05,0,0,0,0,0,-0.000470857309187469,0,0.259571979571824,0,1.30853120002396,0,0,-1.72307940259167e-05,-5.63542360294664e-05,0.000386263066599584,0.000296283081020822,0,0,-0.00123754293661556,0,0,-0.000866796517279745,0.159754145800158,0.0262138159056121,0,0,0,0,0,0,0.000121241647657131,-3.83898567299172e-06,-0.00161112041222199,0.000699995989744552,0.000208889514576484,0,0,0,-0.00111751830219087,4.92197223272687e-05,0,0,0,0,0,0,0,0,0,0,0,0,0,0,0,0,0,0,0,0,0,0,0,0,0,0,0,0.00017913703946498,-6.96707141589341e-06,0,0.000128764631463101,0,0,0,0,0,0,0,0,0,-2.94198790374014e-06,-0.00359430563474183,0,0,0
0.000245679558374477,0,0,0,2.15020036350442,0.315922035956651,0,-0.180110461852895,0,0,0.000134293030383268,0,0,-0.0890122707800522,0.000305341655803615,-5.10978044640062e-06,0,0,0,0,0,5.21225234580583e-05,-7.16311900962587e-06,0,0,2.99659423678823e-05,0,0,0.794553136913704,1.85844604541115e-05,0,0,-0.00407323938564602,-0.0853550804663049,-0.00011286637231128,-0.0121324892923599,0.00065024951978478,0.00663843599092551,0.000234413794988646,0.0543448100140522,0.438131926147414,0,-9.74463831735548e-05,0,0,-2.80170293593106e-05,0,-1.35042102388691e-05,0,0,0,0,0,0,0,0,0,0,0,0,0,0,0,-1.52979587154914e-05,0,0,0,0,0,0,0,0,0,0,0,0,0,0,0,0,0,0,0,-0.000118592709767549,-0.0253731467758127,-7.30580813652838e-05,-0.000611161291519798,-8.08716639820676e-05
