# command_history: connectomestats -nshuffles 10000 -threshold 2 './output_tfnbsET>CTRL/files.txt' tfnbs './output_tfnbsET>CTRL/design_matrix.txt' './output_tfnbsET>CTRL/contrast.txt' './output_tfnbsET>CTRL/' -force  (version=3.0.3-98-gb3409159)
0,0.00115707344560571,0.00148078516660775,0.000290236885712754,0.000326891255980178,6.69485246468056,1.49879912545857,5.98658146757485,0.00564381612602847,0.0207262090268002,0.00015263395978183,0.222717326684805,4.17426542672766e-05,11.9511713033292,0.184026088420121,0.0145665368361937,0.00181577686779805,0,0.00023586410985717,0.00240812521267841,0.00463534280554351,0.00141475840536389,0.0049496626041047,0.135803185835701,6.94741119539413e-05,0.000778596725675838,0.00122030679291804,-0.0197998092313332,16.1564720583989,1.34140023189243,0,0.000247560395461137,0.31051538941751,0.0965037707203035,0.000248188714696375,0.229759470327425,0.016527233696375,0.0142971037978972,0.00375297713651366,1.553859146169,0.00611606166584001,2.17425331283147e-05,0.00162988019599081,1.9009991433504e-05,1.64764653926718e-06,2.43279983560723e-05,2.28412137111697e-06,0,0,0,0,0,0,0,0,0,0,0,0,0,0,0,0,4.93406864982444e-06,0,0,0,0,0,0,0,0,0,0,0,0,0,0,0,0,0,0,0,0.000174893460258717,0.188838132453463,0.00168729251071686,0.001220609919883,0.000131976163151202
0.00115707344560571,0,1.56394023758994,2.32688354712567e-06,7.86194117583451e-05,0.000380091772334093,0.000703035462224075,1.06917247869523e-05,0.253370060244243,8.89526134651719e-06,1.59605639989852,3.23897139915355e-05,0.428670792499031,0,2.1203853199629e-06,0.011229043767543,0.163072572016419,0.0105413198286847,0.304607183189817,0,0.0130516419661579,6.35764220186179,0.187774251725733,0.00907692752596724,8.00587280248323,0.806225737131761,2.06077735996643,0.00623079401315182,0.000109975028753219,0.00309552815569472,0.000853303346837721,0,5.98151485988641e-05,0.949007572091323,2.98407258306621e-05,0.129689050198271,1.52358159066553,0.513226799399587,0.0497698826123181,8.32587985642959e-05,0.00346085858038546,0.0307040504947767,0.0594872310054399,0.0314660866019027,0.000343803715981987,0.000253220983936711,0.000155172925349031,0,0.0123281272295253,0,0.358739686120665,2.9953110820919e-05,0,3.33069769365598e-06,0,-6.96236517747334e-06,0,0.119091558691542,0,0.00202833101600052,0,0.00659000880842231,0,1.13473947673224e-05,-5.02919807374886e-05,4.25813747798907e-05,0,0.000119874411812078,0,0,0.931133804357396,2.22123348959815e-05,0,0.290294071117949,0.0020624723809438,0.00223913039573681,0,0,-1.1522434019802e-05,0,0,0,2.77736686050641e-05,5.79988249126481e-05,0.200706440106738,0.0655763319177547,0.0017205499015213,2.08229038529229e-05
0.00148078516660775,1.56394023758994,0,0.000173650773120099,-1.62474523929162e-05,0.0013356727232173,0.0116482100087395,0.000129954637884274,0.656412455215049,0.000712705669260074,0.104577484337867,0.000667621519237182,0.00952400406142313,0.000107621870992572,9.56508181901075e-05,0.12564927415923,2.22211291342087,0.00230394969464835,0.316769558667983,0.000180854964265792,0.319783517237012,4.56764437409321,5.60328394270121,0.105495247123378,0.0973030788106997,9.36271991445052,7.67475635290133,0.0874236901561506,0.00108439473526706,0.117173468171393,0.000231674403907077,0,0.000879005179641056,2.87076339150388,0.000241700848392312,1.71611450165137,3.77147178028854,0.637484773175653,0.135550539118436,0.00439762072056291,0.00428284709187916,0.00578153881872924,0.0794575965132596,0.000697485630614949,2.64059803886996e-05,5.55718276388052e-05,0.000338001906920856,1.49741731990141e-05,0.00010922234777759,0,9.21610755252077e-05,0,0,2.86824483248048e-07,0,0,0,0.000680120558811901,0,-1.65690160011449e-05,0,7.99902118009137e-05,0,2.6191453330614e-05,0,5.14124224485485e-05,0,0,0,0,0.00183350053840426,0,0,0.000231889541697495,-1.85154365668063e-05,1.80567552724734e-05,0,0,0,0,0,0,0,0.000361990058337274,1.26012133120768,0.0196201754123652,0.0221683046382177,0.000148918041695801
0.000290236885712754,2.32688354712567e-06,0.000173650773120099,0,0,0.296662451028138,0.244663864965523,0.0033276559444428,0.00472163050312253,5.05054660960828,0,1.28189173831407,0,0.000335660352875606,0.00016012447158452,0.000167987263417747,0.000103293036774786,0,0,76.3991707724003,0.000419663266416601,0.000152705704618331,9.84483850579129e-05,1.92979092390959,0,2.65139553735124e-05,1.26244971009157e-06,16.0477537006939,6.03201664360391e-06,0.0015488753827432,0,0,0,0.000395234617977682,8.62845739254343e-05,0.0171817295870612,0.00204657522298695,0,3.73074812563118e-05,7.96060456053247e-05,0,0,0.000822883972261642,0,0,0,0,0,0,0,0,0,0.0579592622524866,0,1.36600077466304e-05,0,0,0,0.00054896087297059,0,0.0356078815649308,0,0,0,0,0,0,0,0.0322952552283687,0,0,0,0,0,0,0,1.87833099149274e-05,0,0,0,0,0,0,4.57376414929277e-05,0.0152102058069043,0.000997358326440211,0.000205714678933234,3.2541144468336e-06
0.000326891255980178,7.86194117583451e-05,-1.62474523929162e-05,0,0,4.39554939932622,-1.56563817998865e-05,1.25391985321871,9.80755618668802e-05,0,0.000655401035490339,0.00017520436839879,0.000692273014593495,0.483001157514055,2.76611493922448,1.62466072626119e-05,1.65512463343835e-05,0,0.000152890057659396,0,9.32145643657997e-06,0.000212453280001094,1.47044578480926e-05,0,7.26664767441152e-07,8.69276420716006e-05,6.3146867935201e-05,0,2.07877116562838,2.76304131082082e-05,0,12.1683176775199,0.0146935879229948,2.01593420996676,0.0620614648365392,0.203527387070334,0.0154477452969117,0.149005527900372,0.00664291959763606,22.9826878256825,15.4131835027221,0.000810342036658354,0.328803380716396,0.00527579262754701,0.00297728152412036,0.0125517442819781,0.112229425311889,0.0179079493213341,0.000829724210625903,-2.23560615526372e-06,4.2955077148501e-06,7.45884257309896e-06,0,0.0162219274738942,4.25813649231565e-05,-2.13801143400506e-07,2.78036039181863e-05,5.50262308357631e-05,6.09409980602862e-06,0.00013365652269099,0.000191066885033239,0.000979935324498036,1.96472166498041e-06,0.0392116424137521,5.71776661274747e-05,8.64860599400797e-06,1.09794314516821e-06,1.20627354246302e-05,0,3.5779290568124e-05,9.7955577869823e-06,3.89900850165599e-05,6.09186340271397e-06,0,2.96246273931985e-05,4.55290412763605e-06,7.51852593430056e-07,1.8612996384124e-05,2.41282169044391e-05,0,0,0,0.000757790125001819,0.0181955172650401,0.2366957952983,0.638452160168794,0.0114944963134072,0.0165793175478126
6.69485246468056,0.000380091772334093,0.0013356727232173,0.296662451028138,4.39554939932622,0,5.93899993118898,10.3875115419168,0.0324418389572248,9.56615522713714,0.00140631184326529,5.17348615589547,0.000257062545690231,3.26875808777878,1.81093696528795,0.0185797369873844,0.000318527141123349,0,0.000107727469846789,2.59774427540086,0.0123428900843605,0.007018918490602,0.0139487916311994,1.62665552899621,7.97797697436381e-05,0.000342244681565495,0.00112168764595265,2.35335427683201,8.2489627271686,0.293681226642929,0,2.22943731084951,1.07020795651314,2.17778474826681,1.85309128530479e-05,0.0729115852772885,0.0447778946088942,0.557888979719134,0.0194591744794563,9.16482037982547,1.24257008832078,0.000214871511134561,3.12417451122669e-05,2.53848183229758e-06,1.63481337668723e-06,4.52499354424121e-07,0,0,0,0,0,0,0,1.45720984946568e-06,0,0,0,0,0,0,0,0,0,5.93355036540476e-07,0,0,0,0,0,0,5.96724080998312e-05,0,0,0,0,0,0,0,0,0,0,0,0,1.65411294495151e-05,0.0451691795698056,2.01300135331075e-05,-8.30377232420586e-05,7.41207697040229e-07
1.49879912545857,0.000703035462224075,0.0116482100087395,0.244663864965523,-1.56563817998865e-05,5.93899993118898,0,1.26562897860081,0.138532461197695,9.05816853695343,0.000242968416105344,0.746951458454104,4.68107628751297e-05,1.71095731226442,0.0960328526471921,0.267176149432909,0.00742423262080708,-6.45693643472735e-07,0.00041747368958497,1.43744539415531,0.239538236454075,0.0782184128768775,0.169944227395376,4.05039799902394,7.62663446035873e-05,0.00147749324636752,0.0127651375500933,7.49084309526757,1.22060654177066,11.8472048318858,0,0,0.0664320310107048,0.378123189139565,0.000119980912057126,0.308236631265642,0.131703563374565,0.0110217161544226,0.00222766983874357,1.00235803188539,0.00144527441063051,0.000131723478585504,0.00567576451175191,0.000128439085240171,2.28477046032787e-05,1.95116659394219e-05,2.74403396179979e-05,3.88876999928771e-06,0,0,0,1.16976060761414e-05,0,0,0,0,0,8.03904165518641e-05,0,2.09504730515093e-07,0,0,0,0,0,0,0,0,0,5.91422124866471e-06,5.66253163347667e-05,0,0,0,0,0,0,0,0,0,0,0,0,7.29997515961299e-05,0.109163891333641,0.00392034234950507,0.00086850487553027,2.85763592961223e-05
5.98658146757485,1.06917247869523e-05,0.000129954637884274,0.0033276559444428,1.25391985321871,10.3875115419168,1.26562897860081,0,0.00130880548185655,1.07921031055128,0.00109252964399263,0.0929125171271004,5.12088628652097e-05,23.5912790769095,0.0399264455816943,-0.000779339705231483,2.50080330554316e-05,0,0,0.0214129001789391,-1.71666711664735e-05,0.000537193871174096,-0.000684027662021017,0.0907226159308261,6.04798561789086e-05,8.52452479659585e-05,3.90514398492499e-05,0.0646273550587322,9.92553219325272,-0.00830939480614725,0,1.34005682100332,0.664710246146528,0.667372543665509,7.88997472588084e-05,0.0538353423562573,0.0173616538455236,0.158420214160676,0.00719565164709575,0.262090830770187,0.343676630658203,0.000139194118759243,0.000103990532062267,0,0,3.09785538288495e-06,1.52262530280298e-06,0,0,0,0,0,0,0,0,0,0,0,0,0,0,0,0,2.50135602002855e-06,0,0,0,0,0,0,0,0,0,0,0,0,0,0,0,0,0,0,0,7.52012577805643e-05,0.0460109575295695,4.14241479954145e-05,0.000177744624339443,1.62287189245935e-05
0.00564381612602847,0.253370060244243,0.656412455215049,0.00472163050312253,9.80755618668802e-05,0.0324418389572248,0.138532461197695,0.00130880548185655,0,0.00813879766121011,0.147828208814948,1.66070995090429,-0.000604164386850948,0.000327064468346388,0.749569562591957,0.619110112395693,0.0479585557618137,0.0015559944315211,0.0312511023719598,0.00490710290799166,0.316036345166094,10.6578328627561,0.916663163028481,8.71470933341432,0.142865510962222,0.111607549287456,0.257929718044835,1.07741855898986,0.00482804189234805,0.244076976587377,5.17205892131716e-05,0,0.000803975301316856,0.450624498925502,4.7027375404467e-05,5.47968917093519,2.31498167905361,0.131585411748103,0.0220144246562404,2.91542700733777,0.00091662761911546,0.00123842835181746,0.0592435470504337,0.00749172402326834,-0.000320365344703058,0.00109228047469813,0.000118515828455812,1.21511353191721e-05,-0.000213292380860208,0,0.0390624284520524,0.0028202698565402,0,0,-3.20125371394242e-05,-5.44388910949269e-05,-7.72320138269591e-06,0.824882655983976,-3.42623100697416e-06,-0.000298822415967736,-4.90252092127526e-05,-4.94811217123453e-07,-2.07788630572691e-05,0.00014249444903249,0.000267188234324032,-0.00148558985994153,1.58766288763667e-05,0.000117597800723001,0,-0.000500107086447283,0.021355384566754,-8.84413442966521e-05,-0.000112278804362016,0.0118339730039739,0.00649720954928229,-0.000428840188215845,-3.69991620086951e-05,0,-0.00052869990434195,0,0,0,0.000689644088986145,4.22972088919073e-05,1.45139684623028,0.0142622159878278,0.0294441668155442,2.13907096778954e-05
0.0207262090268002,8.89526134651719e-06,0.000712705669260074,5.05054660960828,0,9.56615522713714,9.05816853695343,1.07921031055128,0.00813879766121011,0,2.21357568424558e-05,7.9480559225297,0,0.0711204068271104,0.0114802780709941,0.00367251388875444,0.00024736213903396,0,-1.18895200589678e-05,20.9084564073386,0.00531739682859355,0.00208076458844209,0.00542413241917567,0.775798568685993,0,-7.81861446824139e-06,0.000538462853710745,4.19084734501229,0.00105685547724595,0.0395345534501412,0,0,0.000140571150681942,0.00495950122332566,0.000131141598094447,0.0353123519982446,0.0063643162010031,0.000124065073922588,1.08980636152434e-05,0.0130217251329698,0,0,0.000524826092093865,0,0,0,0,0,0,0,0,0,0,0,0,0,0,0,0,0,6.1530565809533e-05,0,0,0,0,0,0,0,0,0,0,0,0,0,0,0,0,0,0,0,0,0,0,8.95451754372894e-05,0.0154849912877345,0.000551004019045829,0.000224469926069702,1.29531335581754e-05
0.00015263395978183,1.59605639989852,0.104577484337867,0,0.000655401035490339,0.00140631184326529,0.000242968416105344,0.00109252964399263,0.147828208814948,2.21357568424558e-05,0,1.17553844555666e-07,18.2008863352854,0.000109374071821835,-2.75384223522566e-05,0.00169619507368335,0.19260316930109,6.01802972154724,4.73914718634791,0,0.00199265295009793,0.672459469398137,0.0159795464615156,0.00308652394592892,3.16785386302792,7.48899678991809,2.44161337623336,0.00220000949041211,0.00146727624334613,0.00146956272423451,1.35864434137966,4.34365259769648e-05,0.000270160290227465,4.26974159105518,5.74320260242856e-05,0.00385902384435949,13.3338112393834,5.48787226781248,0.231228556648137,0.000601325193508312,0.0104596797579793,2.12733179143311,0.00207089788389686,0.00414315861306272,-5.47844465901379e-06,4.70560736289757e-05,5.52147698039723e-07,3.06596736562052e-05,0.0020352602237594,0,0.0076413239894016,1.38204976061347e-06,0,0,0,0,0,0.0102780222211426,0,0.000742459534799466,0,0.00262878200163523,0,0,0,9.82113466395155e-05,2.25766818950179e-05,4.2961385768288e-06,0,0,0.23027623805169,1.57147989484165e-05,-2.98312120422034e-05,0.0164541212696683,0.000406562323646878,0.000220750430441676,0,0,0,0,0,0,0.000167650003812775,1.80906404918722e-05,0.0108866744757855,0.000141677024594809,5.64317731602434e-05,1.74572685106699e-05
0.222717326684805,3.23897139915355e-05,0.000667621519237182,1.28189173831407,0.00017520436839879,5.17348615589547,0.746951458454104,0.0929125171271004,1.66070995090429,7.9480559225297,1.17553844555666e-07,0,7.59714716362274e-07,0.0269776806886496,3.27969732372937,0.00858991853802544,0.000144833128819767,0,8.08041543902053e-05,45.6710593486209,0.00634792547062724,0.00585816044648068,0.00644298851017903,0.967296520649916,0,3.43440012940569e-05,0.00100694910710227,0.678863978836019,0.0432301244200482,0.0754594917529851,0,0,-0.00672592503054189,0.0169662552360647,0.000137995617785299,0.901082709122042,0.00675908662093787,0.00488642255023319,0.00303367487673036,5.89749834550115,0.000308533605540063,2.86078876435895e-06,0.00229878491120098,0.000181037185066193,0,1.35171389909339e-05,6.20676798789454e-05,3.76226926599903e-05,0,0,0,0,0.00834073151676792,0,1.63364971294733e-05,0,0,0,0.000114432015894428,0,0.0461935666563769,0,0,0,0,0,0,0,0.0178263373049618,0,0,0,0,0,0,0,5.09749251682402e-05,0,0,0,0,0,0,4.12991247577839e-05,0.356433555276366,0.00126705105908347,0.000600371235770748,1.07793096694618e-05
4.17426542672766e-05,0.428670792499031,0.00952400406142313,0,0.000692273014593495,0.000257062545690231,4.68107628751297e-05,5.12088628652097e-05,-0.000604164386850948,0,18.2008863352854,7.59714716362274e-07,0,1.79684249792418e-05,0.000809113191450874,0.000128814857012074,0.0166242277955717,0.0113271317555917,0.103794949037639,0,7.97152845904438e-05,0.100386845998118,0.00159858681635989,0.000141824590057837,11.5696752644458,3.9869765479715,1.8112258957565,7.14016475216403e-05,9.72114556195093e-05,0.000262065941041992,8.53258352635362,0,-9.60357184478073e-06,0.2098979859731,0.000826921403707767,3.17600780854724,8.67147919469499,1.36735834088764,0.630751222175724,0.0886553307762225,0.484113898501861,7.92238646415646,0.132234654693527,0.123085247687819,0.00748855247670977,0.0160915063567913,0.000581676231026366,0.000893527164175266,0.0621124097755791,0,0.00625960901695326,0.000306177598698504,0,0,-6.32558415781691e-06,2.72010176140284e-05,4.28405881306907e-07,0.00303934874615244,0,0.0106565186982536,0,0.219750591247252,0,5.72739413452636e-06,0.000109806967311504,0.000725306659692685,2.08184699744852e-05,0.000134953508964888,0,-0.000319098310285965,0.132576687892174,0.000108119901715321,-2.67060382522881e-05,0.0644334645756239,0.0015174469005128,0.00048177627126194,0,0,-0.000155741415325128,0,0,0,0.00884993185886963,0.00015394242951432,0.803112994681553,0.0209133522964366,0.00033175706229788,0.00015971635398839
11.9511713033292,0,0.000107621870992572,0.000335660352875606,0.483001157514055,3.26875808777878,1.71095731226442,23.5912790769095,0.000327064468346388,0.0711204068271104,0.000109374071821835,0.0269776806886496,1.79684249792418e-05,0,0.0236147302208095,0.000425518639547843,3.02876398727766e-05,0,0,0.000671319450578803,6.90710448927013e-05,0.000139742784439359,0.000130232549697659,0.0102374606293867,0,-2.56222504542289e-06,3.55833573719382e-05,0.00955500551205785,7.51497101905618,0.00424736507067237,0,0.988182735941676,0.146855593020817,0.111530347568011,0.000338923831500184,0.0714952733649057,0.00204950927468297,0.0195538894807775,0.000803649687163612,0.135803167186502,0.0799188009065724,0,0.00042949787250661,3.55657894901488e-06,2.75621510134175e-06,3.2194201169917e-06,1.37678885964819e-06,0,0,0,0,0,0,1.33937998734812e-06,0,0,0,0,0,0,0,0,0,5.60351357403325e-06,0,0,0,0,0,0,0,0,0,0,0,0,0,0,0,0,0,0,2.34804428248346e-06,0.000274133584045898,0.0313836708677794,7.17911127998571e-05,0.000689570504822163,7.36793814315748e-05
0.184026088420121,2.1203853199629e-06,9.56508181901075e-05,0.00016012447158452,2.76611493922448,1.81093696528795,0.0960328526471921,0.0399264455816943,0.749569562591957,0.0114802780709941,-2.75384223522566e-05,3.27969732372937,0.000809113191450874,0.0236147302208095,0,0.00156690627061877,1.19938844668235e-05,0,0.000243556732079323,0.00228113424632124,0.000722268423772706,0.000518183885121496,0.000276384705041653,0.00380133968344018,0.000104553740806468,2.48413690680006e-06,3.76418134494897e-05,0.00547365966017777,0.257869133060965,0.00984669532156408,0,0.00349467424722356,0.114087670345346,0.184288054957953,0.0736433670466387,0.948478795983011,0.00626685532973149,0.067798894440031,0.0164207491253049,71.5270566540939,0.0687885983404605,0.00139346940645741,1.15090546498393,0.0197356452075247,0.0117805616501046,0.0561528695839066,0.21359372690249,0.0504376014231911,0.00134697296764202,0,1.21257151535788e-05,-3.2242957839527e-06,6.30117492613535e-06,0.00868292083974594,3.73971245391323e-05,8.78433592220023e-06,2.94617128597729e-05,3.62178834168049e-08,0,0.000653383623863242,0.000564641930279746,0.00248380558859974,1.37941847341971e-05,0.026480251322663,8.38690019080564e-05,8.08483620354009e-05,1.44056720500105e-06,1.76473311434005e-05,0,5.99651288271391e-05,5.57445022346695e-05,7.05963301357928e-05,6.31889015080844e-06,6.06535118082767e-07,9.60215533552214e-05,2.13438077968856e-05,1.21774174892265e-05,3.44768904020794e-06,2.59570283178454e-05,0,0,4.7948242061406e-05,0.00236808669059347,0.0202304575476714,1.06590249654369,2.28906448292657,0.0284136547038225,0.0193737917206279
0.0145665368361937,0.011229043767543,0.12564927415923,0.000167987263417747,1.62466072626119e-05,0.0185797369873844,0.267176149432909,-0.000779339705231483,0.619110112395693,0.00367251388875444,0.00169619507368335,0.00858991853802544,0.000128814857012074,0.000425518639547843,0.00156690627061877,0,0.0145917671812666,1.21977593842363e-05,0.00219952816340933,-0.00230345006198537,17.4208231342815,1.8873120259985,33.9697640072396,1.11176051565555,0.000750165533014667,0.0062999111788483,3.01028631553443,6.14444778185075,0.0176450846639538,1.59453881599106,6.95349168618832e-06,2.06205330983893e-06,0.00397429594683095,0.80392312830954,0.00282422131766301,0.788772554107529,0.704190425763681,0.009948456089698,0.00364750097329728,0.0181691865582419,0.000384901563662136,2.90339510206483e-05,0.0205888621625393,0.000454039320966431,8.58402855385883e-05,0.000124672095964436,0.000159965046583339,4.04958954573482e-05,3.09011566932292e-06,0,0,1.02666046920315e-05,0,3.9105859101501e-06,0,0,0,0.000313260649774844,0,3.05403990561338e-06,0,0,0,8.54582437175389e-05,0.0244907073818564,0,0,0,7.31181878436496e-06,0.00614243372302741,7.44810654532002e-05,0.00494333412081305,0,0,0,2.56320797755536e-07,7.71738514159531e-05,0,2.3496182926179e-05,0,0,0,5.90930088486069e-06,0.00205307186701383,0.553378055112923,0.0141352821951424,0.00914136506350787,0.00144185765059963
0.00181577686779805,0.163072572016419,2.22211291342087,0.000103293036774786,1.65512463343835e-05,0.000318527141123349,0.00742423262080708,2.50080330554316e-05,0.0479585557618137,0.00024736213903396,0.19260316930109,0.000144833128819767,0.0166242277955717,3.02876398727766e-05,1.19938844668235e-05,0.0145917671812666,0,0.00511943791071915,17.1007284775374,4.46628020136495e-06,0.549140081815292,0.289718075256845,8.60215738121371,0.0120956149644428,0.0643692251736719,6.74661602997468,0.354604042256207,0.0355925875844487,0.000286352504980816,0.183979976041369,0.000131489360529325,0,0.000217416382773997,0.653021712974055,0.000964225098181303,0.475837609786925,0.480696465070034,0.0925098478628693,0.0122948932854916,0.00297792399644504,0.0002046107387219,0.00141725605100962,0.00415524415170523,2.41012468474786e-05,4.77158488943789e-06,4.92455933270879e-05,3.56677357935545e-06,1.88748130622875e-05,7.82367482540829e-05,0,-1.91431171915928e-05,0,0,1.05548402452004e-06,0,0,0,-0.000675745153263867,0,1.14188934489463e-06,0,3.6172333927301e-05,0,1.6911688708159e-05,0,0,0,0,0,0,0.000499306638675552,1.11855803555857e-05,0,0.000320350695856056,0,6.66712609007602e-06,0,0,0,0,0,0,1.27118881181534e-05,0.000537857303579843,0.324953664018949,0.00135701106827289,0.00378608797809201,0.000423231946343968
0,0.0105413198286847,0.00230394969464835,0,0,0,-6.45693643472735e-07,0,0.0015559944315211,0,6.01802972154724,0,0.0113271317555917,0,0,1.21977593842363e-05,0.00511943791071915,0,21.0510675260206,0,-0.000325474304054951,0.00507963883239631,-0.000756993839505691,-2.95614761969142e-05,0.0103402274537854,2.81630487175724,0.0246608553681658,4.16384519560279e-05,-2.72491529487545e-05,-0.000285282721990169,0.000832359772990743,0,0,0.00983935041521156,1.58754846104079e-06,0.000993741042290027,0.0202094231922999,0.00451797933890111,0.000965193668263009,0.000122822927832343,0,0,5.22840570815896e-06,0,0,0,0,0,0,0,0,0,0,0,0,0,0,-0.000113024703852873,0,0,0,0,0,0,0,0,0,0,0,0,0.00116332984908751,0,0,0,0,0,0,0,0,0,0,0,0,1.1573258575058e-07,0.000619638636264341,3.87240973377182e-06,0,0
0.00023586410985717,0.304607183189817,0.316769558667983,0,0.000152890057659396,0.000107727469846789,0.00041747368958497,0,0.0312511023719598,-1.18895200589678e-05,4.73914718634791,8.08041543902053e-05,0.103794949037639,0,0.000243556732079323,0.00219952816340933,17.1007284775374,21.0510675260206,0,0,0.0142236084118541,0.309238094359681,0.101782213802164,0.00193581356141036,0.131614185773024,11.9204908187343,0.500337334151528,0.003352325614696,0.000217484677616984,0.00639021931594841,0.00277479108527767,0,0,0.458542694203065,5.22308417769991e-05,0.0630647559179291,0.451426050786179,0.145876421497816,0.0167170833648732,0.000276052315684726,0.00117391843530308,0.00276326644340225,3.90207067200595e-05,3.54445711628366e-05,0,7.8984810653992e-06,2.79863960275445e-06,0,0,0,0.000125100430074328,1.66037544315089e-05,0,0,0,0,0,0.00226249455284699,0,0,0,3.83730670855077e-05,0,0,0,0,0,0,0,0,0.0173771695699791,0,0,5.72907004708134e-05,1.90617413368488e-05,1.37247857268239e-05,0,0,0,0,0,0,0,2.00551919264074e-05,0.0541098154482912,0.000246398677603745,0.000312662352364514,1.25233383194371e-05
0.00240812521267841,0,0.000180854964265792,76.3991707724003,0,2.59774427540086,1.43744539415531,0.0214129001789391,0.00490710290799166,20.9084564073386,0,45.6710593486209,0,0.000671319450578803,0.00228113424632124,-0.00230345006198537,4.46628020136495e-06,0,0,0,-1.83860329768011e-05,9.86714116762155e-05,-0.000464456998443948,2.72749472911499,0,6.63448029352552e-06,-8.50885778216246e-05,6.41902728816611,0.000124626170846858,0.00595719082464573,0,0,0,0.000752912825507834,0.000112080438277537,0.036822461348736,-0.00292456350934244,9.07926914716749e-05,0,0.00434734681207662,0,0,0.000196697812819357,0,0,1.39068392106793e-05,5.65798086611714e-06,0,0,0,0,0,-0.0164343987548941,0,0,0,0,0,-0.000316685457256002,0,0.00185700252479553,0,0,0,0,0,0,0,-0.013420128850106,0,0,0,-3.95520323667766e-05,0,0,0,0,0,0,0,0,0,0,0.000101128897873517,0.0485550030980343,0.00030025260209758,0.000533697355012909,5.42780646163907e-05
0.00463534280554351,0.0130516419661579,0.319783517237012,0.000419663266416601,9.32145643657997e-06,0.0123428900843605,0.239538236454075,-1.71666711664735e-05,0.316036345166094,0.00531739682859355,0.00199265295009793,0.00634792547062724,7.97152845904438e-05,6.90710448927013e-05,0.000722268423772706,17.4208231342815,0.549140081815292,-0.000325474304054951,0.0142236084118541,-1.83860329768011e-05,0,0.88985743482079,10.8112792697507,1.30173430936465,0.00175090205649271,0.0383453283356264,0.0847297235892188,5.41115467656196,0.0104794218166395,11.0453134335769,0,0,0.00142180956517771,0.987138970262917,0.00126325403914081,0.3605214576405,1.08150676645696,0.0297955782518367,0.00670320925858167,0.00937178914108157,0.000306700525720464,0.000226931857074143,0.0165521024764707,0.000226678106958507,0.000122769787830265,3.6648763081401e-05,9.1026511087792e-05,5.73031697987277e-06,1.38205682259792e-05,0,0,2.02526399831747e-06,0,5.84053653862646e-06,0,0,0,2.08075835422257e-05,0,0,0,0,0,2.51285627032835e-05,0,0,0,0,0,0,8.59888028017823e-05,0,0,0,0,0,0,0,0,0,0,0,2.1064139242138e-05,0.000950665834824228,0.194241330986055,0.011013564051561,0.0021182552710286,0.000310697803931011
0.00141475840536389,6.35764220186179,4.56764437409321,0.000152705704618331,0.000212453280001094,0.007018918490602,0.0782184128768775,0.000537193871174096,10.6578328627561,0.00208076458844209,0.672459469398137,0.00585816044648068,0.100386845998118,0.000139742784439359,0.000518183885121496,1.8873120259985,0.289718075256845,0.00507963883239631,0.309238094359681,9.86714116762155e-05,0.88985743482079,0,4.92602674174038,5.8366648092893,0.987645548958245,0.941898765728632,2.2351449771346,0.991786136276426,0.00591204662764016,0.3725222767703,0.000641336974506597,2.45657260014455e-05,0.00197618422702755,2.31037167400673,7.40567190830863e-05,1.31910985575667,4.34914503153193,1.09600614354625,0.157125527163265,0.00289664128314101,0.00196152123316132,0.0268107299403957,0.0482843924059595,0.0563100870923786,0.00200347957239056,0.00152863299474789,0.000233278419265067,3.94237931086364e-05,0.00128069576392005,-1.82068214138065e-05,0.353701766087501,-0.00754702025299374,0,0,-4.4222941103346e-05,-6.1141660879304e-06,-1.12012793313241e-05,0.0967151367767845,-6.94901203418406e-06,0.00153547541050888,0,0.00259440661620153,-2.55393177999747e-05,3.89977094149845e-05,4.52721824645054e-05,0.00025128628792215,4.554119044127e-05,0.000231595058927184,0,-1.08751655138214e-05,0.0982353744795654,-0.000143910353437225,3.53818661655067e-05,0.187045067726603,0.0265712862594535,0.0214866604327403,-2.40241611678433e-05,0,-5.99299797894633e-05,0,0,2.2119286793875e-06,0.000397397951933556,9.25174456880128e-05,1.51809007622103,0.0349894906884647,0.0165477107649598,6.66899789761757e-05
0.0049496626041047,0.187774251725733,5.60328394270121,9.84483850579129e-05,1.47044578480926e-05,0.0139487916311994,0.169944227395376,-0.000684027662021017,0.916663163028481,0.00542413241917567,0.0159795464615156,0.00644298851017903,0.00159858681635989,0.000130232549697659,0.000276384705041653,33.9697640072396,8.60215738121371,-0.000756993839505691,0.101782213802164,-0.000464456998443948,10.8112792697507,4.92602674174038,0,0.599426460771192,0.00830120301077149,0.326352865307071,6.90194438870116,0.939843245817388,0.00660920697358728,2.60101434485236,0,2.89067865390847e-06,0.00283507750414994,2.79533688022762,0.00290686744910936,1.9884746969296,3.17207659979319,0.149414170354211,0.0390808586409045,0.0140419787159428,0.00176320033570472,0.00158687548437887,0.0193032699960093,0.000345994420823177,4.41591182601244e-05,0.000105582073599418,0.000114690843499412,2.07782535849397e-05,6.32868895639241e-06,0,-1.58815209294826e-05,1.54257553097147e-07,0,1.25692560678782e-05,0,0,0,0.0015337219205687,0,2.92258755386351e-06,0,1.90419350533844e-07,0,3.42151690756058e-05,2.9425225169855e-06,0,0,0,0,6.39173302894593e-06,0.0011082142499662,3.43106788147003e-06,3.20695194436085e-06,-6.85671656530325e-06,-3.92694450750252e-06,4.22717037068221e-06,3.24925062089013e-06,4.72491632297342e-06,0,0,0,6.01290973522129e-07,8.53352219395683e-07,0.0019594150480718,1.12692491240591,0.00584936377994369,0.0101052297872917,0.000535229464042666
0.135803185835701,0.00907692752596724,0.105495247123378,1.92979092390959,0,1.62665552899621,4.05039799902394,0.0907226159308261,8.71470933341432,0.775798568685993,0.00308652394592892,0.967296520649916,0.000141824590057837,0.0102374606293867,0.00380133968344018,1.11176051565555,0.0120956149644428,-2.95614761969142e-05,0.00193581356141036,2.72749472911499,1.30173430936465,5.8366648092893,0.599426460771192,0,0.00226043206483236,0.0064637648195276,0.0442345178637345,54.0374897150009,0.0181722655464606,0.636292648032106,0,0,0.000792919732809553,0.162780687075244,0.000827859641868635,0.268858092556316,0.53307514176115,0.0102571996439089,0.00142849496327746,0.0194446893643116,7.69402272034553e-05,0.000239718844699118,0.0156948664361715,0.000199213351421778,0.000104879451790638,2.88857409421848e-05,3.70784088738795e-05,8.70060783222137e-06,1.11278210208575e-06,0,-7.71968257215632e-06,1.26511092075728e-05,0.00037305184220229,0,0,0,0,0.00033674784092108,0,2.15263330873284e-06,2.39202148077637e-06,0,0,1.11766387345025e-05,0,0,0,0,0,0,1.93919787674053e-05,3.30410027995506e-06,6.0466440130977e-06,0.000325673581024207,1.40237477857716e-06,8.31968344178131e-07,0,0,0,0,0,0,2.288714997321e-05,0.00057930689571725,0.108307222278352,0.0112874961264607,0.00246563762356191,0.000205588527585727
6.94741119539413e-05,8.00587280248323,0.0973030788106997,0,7.26664767441152e-07,7.97797697436381e-05,7.62663446035873e-05,6.04798561789086e-05,0.142865510962222,0,3.16785386302792,0,11.5696752644458,0,0.000104553740806468,0.000750165533014667,0.0643692251736719,0.0103402274537854,0.131614185773024,0,0.00175090205649271,0.987645548958245,0.00830120301077149,0.00226043206483236,0,0.72477440273959,2.20449617724269,0.000929317722849673,2.37960391531107e-06,0.000790372562009977,0.00477216767000388,0,0,0.158609972054668,9.80249683023322e-05,0.116652446489786,8.25866735937917,0.239906876614083,0.129509486752187,0.000521271078668045,0.00327777529161595,6.09861818220313,0.0679400198492602,0.379984606698249,0.00407939457748507,0.00531297340227652,1.23036911410598e-05,0,0.516853287171029,0,0.191704724091872,0.000293658893879868,0,0,0,0,0,0.0343136637797438,0,0.0287956887914874,0,0.190283441499026,0,1.5151673551345e-06,6.91499987038394e-05,0.000306560568565419,0.000223300014090849,0.000301981839578654,0,6.42488505507971e-05,1.05326243352041,1.45427876584201e-05,0,1.01487133139084,0.00285608234436794,0.00212905085847776,0,0,0,0,0,0,0.0124090941270775,3.92739371665184e-05,0.0254407292464131,0.00547859677555414,0.000173210483174269,1.9733331174352e-05
0.000778596725675838,0.806225737131761,9.36271991445052,2.65139553735124e-05,8.69276420716006e-05,0.000342244681565495,0.00147749324636752,8.52452479659585e-05,0.111607549287456,-7.81861446824139e-06,7.48899678991809,3.43440012940569e-05,3.9869765479715,-2.56222504542289e-06,2.48413690680006e-06,0.0062999111788483,6.74661602997468,2.81630487175724,11.9204908187343,6.63448029352552e-06,0.0383453283356264,0.941898765728632,0.326352865307071,0.0064637648195276,0.72477440273959,0,14.0142416826919,0.0073673311282388,0.000383493576090759,0.0210632607417837,1.12350367681237,1.26280582541897e-05,6.64087616006448e-05,1.10888954807443,0.000490141063073412,0.146372014781236,0.904022109505448,0.327826875694488,0.0252447881070472,0.0012513530860391,0.000598310769561729,0.00434366671743377,0.0156626484345491,0.000533958719019133,3.56906717373321e-06,6.52479092468666e-06,1.32510953915873e-05,1.45800328805403e-07,0.000280607037905112,0,0.000339804850354291,0,0,1.80047893604794e-07,0,0,0,0.00549973356391915,0,5.99357079566556e-05,0,0.000646581136297522,0,1.93059335619088e-06,0,0,6.7610903769805e-06,0,0,0,0.0384362141850821,2.30494534107649e-06,0,0.00340239232658231,0.000103581815163596,9.96538156718709e-05,0,0,0,0,0,0,7.61031115052345e-07,0.000289726101908536,0.0653919367271928,0.00205601178251551,0.000537610914730329,0.000122332513761882
0.00122030679291804,2.06077735996643,7.67475635290133,1.26244971009157e-06,6.3146867935201e-05,0.00112168764595265,0.0127651375500933,3.90514398492499e-05,0.257929718044835,0.000538462853710745,2.44161337623336,0.00100694910710227,1.8112258957565,3.55833573719382e-05,3.76418134494897e-05,3.01028631553443,0.354604042256207,0.0246608553681658,0.500337334151528,-8.50885778216246e-05,0.0847297235892188,2.2351449771346,6.90194438870116,0.0442345178637345,2.20449617724269,14.0142416826919,0,0.0566792742618208,0.00324226844484057,0.111642281119852,0.666103217268078,0,0.000248002013920018,1.12149159193834,0.00229082861459388,0.643751680249658,1.12964445615779,0.376039775493462,0.0317127333211245,0.00312399568767062,0.00140118286178901,0.00568694486715421,0.0405385229292313,0.00188713891948919,1.41791092600779e-05,4.07886140345379e-05,0.000138677097947818,8.97646046311008e-06,0.0010952049811564,3.93891483607202e-06,0.00184370696922387,1.9136388306557e-06,0,1.59309998012681e-06,0,0,0,0.0148319135528895,0,0.00057662793152219,0,0.000922831407397839,1.10918720224728e-06,1.936172353038e-05,0,4.31370166083713e-05,0,9.3488279776002e-06,0,0,0.0704254088123764,0,0,0.00969876544378391,0.00047546151669016,0.000229956253543492,0,0,0,0,0,0,2.13703900474236e-06,0.00142483198420046,0.259398778225771,0.00697786810660792,0.00277398426634154,0.000348251906275444
-0.0197998092313332,0.00623079401315182,0.0874236901561506,16.0477537006939,0,2.35335427683201,7.49084309526757,0.0646273550587322,1.07741855898986,4.19084734501229,0.00220000949041211,0.678863978836019,7.14016475216403e-05,0.00955500551205785,0.00547365966017777,6.14444778185075,0.0355925875844487,4.16384519560279e-05,0.003352325614696,6.41902728816611,5.41115467656196,0.991786136276426,0.939843245817388,54.0374897150009,0.000929317722849673,0.0073673311282388,0.0566792742618208,0,0.0501361923667313,3.70711109314395,0,0,0.00385025584744601,0.372965115290846,0.000172660274136893,0.27070200147849,0.691139792784565,0.0149457663694128,0.00245363190331279,0.0295878514540686,7.42249821644821e-05,0.000252862638886377,0.00758628136437137,0.00011562775928237,7.51765740560283e-05,1.00587828052083e-05,4.55086820436905e-05,0,0,0,0,0,0.00597754338135238,0,0,0,0,0.000361162159663141,1.41485367197191e-05,0,0,0,0,3.23065436244415e-06,0,0,0,0,0.000820632031123245,0,4.65559064736826e-05,5.8058910623455e-06,0,0,0,0,0,0,0,0,0,3.25484377718788e-05,6.7084281741746e-06,0.000126599833563707,0.106157489929417,0.00592955873091392,0.00100419619774865,2.52357819060742e-05
16.1564720583989,0.000109975028753219,0.00108439473526706,6.03201664360391e-06,2.07877116562838,8.2489627271686,1.22060654177066,9.92553219325272,0.00482804189234805,0.00105685547724595,0.00146727624334613,0.0432301244200482,9.72114556195093e-05,7.51497101905618,0.257869133060965,0.0176450846639538,0.000286352504980816,-2.72491529487545e-05,0.000217484677616984,0.000124626170846858,0.0104794218166395,0.00591204662764016,0.00660920697358728,0.0181722655464606,2.37960391531107e-06,0.000383493576090759,0.00324226844484057,0.0501361923667313,0,2.33056640188861,0,3.50093537259768,8.63597564606747,1.94054336552835,0.000570136782949232,0.578112592694353,0.036346389120834,0.399044791812817,0.0211054578000242,6.07164338354689,0.674699833740356,0.000126860580667293,0.00109516870232945,9.29910028388147e-05,3.05933881387731e-06,2.49256499633872e-05,2.82414104577006e-05,1.06329935757016e-05,0,0,0,2.9945812876274e-06,0,9.05333351676746e-07,0,0,0,0,0,0,0,0,0,6.26821394811977e-06,0,0,0,0,0,1.83909251060501e-06,0,1.04457595961724e-06,0,0,0,6.30961937399976e-07,0,0,0,0,0,0,3.89090558894906e-06,0.000462390249832336,0.26667218206219,0.000838234076444296,0.00131280871672511,7.19748700444778e-05
1.34140023189243,0.00309552815569472,0.117173468171393,0.0015488753827432,2.76304131082082e-05,0.293681226642929,11.8472048318858,-0.00830939480614725,0.244076976587377,0.0395345534501412,0.00146956272423451,0.0754594917529851,0.000262065941041992,0.00424736507067237,0.00984669532156408,1.59453881599106,0.183979976041369,-0.000285282721990169,0.00639021931594841,0.00595719082464573,11.0453134335769,0.3725222767703,2.60101434485236,0.636292648032106,0.000790372562009977,0.0210632607417837,0.111642281119852,3.70711109314395,2.33056640188861,0,0,8.28230333031466e-05,0.0777227958103123,1.5345242956435,0.00130679528836804,0.567245477634204,0.905706346243985,0.0224418900803596,0.00474929009855508,0.329558630938507,0.00127311294204471,0.000356589125765103,0.00759968753502224,0.000193838128573253,1.40120264627956e-05,2.91951404586954e-05,4.76871960104687e-05,1.22731050343291e-05,0,0,0,1.69265384551229e-05,0,0,0,0,0,0.000232753027807357,0,5.2059821287435e-06,0,3.51200990799981e-06,0,1.89544094676642e-05,0,0,0,0,0,0,0.000220648257106851,7.60362690642375e-07,0,0,4.45286821180975e-06,0,0,1.35110795669505e-05,0,0,0,0,1.47131788116887e-05,0.00100163016237367,0.258408376706711,0.0070686678239886,0.0042798334399872,0.000357530253659666
0,0.000853303346837721,0.000231674403907077,0,0,0,0,0,5.17205892131716e-05,0,1.35864434137966,0,8.53258352635362,0,0,6.95349168618832e-06,0.000131489360529325,0.000832359772990743,0.00277479108527767,0,0,0.000641336974506597,0,0,0.00477216767000388,1.12350367681237,0.666103217268078,0,0,0,0,0,0,0.000643318869268387,1.54922372819228e-06,0.000647278611279113,0.00267572009793671,0.000150599899977401,0,0,0,0.000340594170318511,0.00010331834204565,0,0,0,0,0,0,0,0,0,0,0,0,0,0,0,0,0,0,0,0,0,0,0,0,0,0,0,0.000523283896761471,2.81156359333346e-06,0,5.42631780850689e-05,0,0,0,0,0,0,0,0,0,1.18724003077016e-06,0.00146972167814488,0,0,0
0.000247560395461137,0,0,0,12.1683176775199,2.22943731084951,0,1.34005682100332,0,0,4.34365259769648e-05,0,0,0.988182735941676,0.00349467424722356,2.06205330983893e-06,0,0,0,0,0,2.45657260014455e-05,2.89067865390847e-06,0,0,1.26280582541897e-05,0,0,3.50093537259768,8.28230333031466e-05,0,0,0.00111101906322972,0.580534322496161,4.55472557060508e-05,0.00514671006209537,0.00126215516932294,0.0165963389301225,0.000667863368916427,0.0998203426676216,2.18408032564775,0,3.93245148324142e-05,0,0,1.13062799328133e-05,0,5.44962777010039e-06,0,0,0,0,0,0,0,0,0,0,0,0,0,0,0,6.17349546305439e-06,0,0,0,0,0,0,0,0,0,0,0,0,0,0,0,0,0,0,0,4.78581207674395e-05,0.0102426053969901,2.9482608904632e-05,0.000246634307920522,3.26357823267872e-05
0.31051538941751,5.98151485988641e-05,0.000879005179641056,0,0.0146935879229948,1.07020795651314,0.0664320310107048,0.664710246146528,0.000803975301316856,0.000140571150681942,0.000270160290227465,-0.00672592503054189,-9.60357184478073e-06,0.146855593020817,0.114087670345346,0.00397429594683095,0.000217416382773997,0,0,0,0.00142180956517771,0.00197618422702755,0.00283507750414994,0.000792919732809553,0,6.64087616006448e-05,0.000248002013920018,0.00385025584744601,8.63597564606747,0.0777227958103123,0,0.00111101906322972,0,1.28693727508407,7.27577001559255e-05,1.06713005171067,0.0288562533344369,0.160749678610534,0.0393583693358172,5.47804943572506,0.0530172173166415,0.000206091634793249,0.00204645051757588,7.28566160017711e-05,6.43030748738585e-06,4.97958573868241e-05,1.58323084217958e-05,3.78897652642272e-06,0,0,0,0,0,0,0,0,0,0,0,0,0,0,0,0,0,0,0,0,0,0,0,0,0,0,0,0,0,0,0,0,0,0,2.70394744351482e-05,5.31481766892884e-05,0.849290593343243,0.00376733555012703,0.0079701870093218,4.3343316051116e-05
