# command_history: connectomestats -nshuffles 10000 -threshold 2 './output_tfnbsET>CTRL/files.txt' tfnbs './output_tfnbsET>CTRL/design_matrix.txt' './output_tfnbsET>CTRL/contrast.txt' './output_tfnbsET>CTRL/' -force  (version=3.0.3-98-gb3409159)
0,0.00199958566001491,0.00440429018584109,0.000594285403215917,0.00155533441873075,2.10047198997906,0.98445085775635,2.46903348055364,0.0412921912832555,0.113675848103307,0.000419042278779864,0.408109476065085,9.75959046909457e-05,0.740314818405151,0.708774299179908,0.0303662395283964,0.00358808696702143,0,0.000271104912993123,0.00177663972356808,0.015737568308832,0.0262683650549181,0.0219831111682618,-0.0184532980357813,0.000163632745216224,0.00184093130667206,0.00282388481645581,0.160304554218124,2.79820974206388,1.04236174191378,0,2.845689134416e-06,0.768744501310379,0.171960344048887,-0.000521720459642627,-0.0367250319096417,0.0278595995709717,0.0276219244451164,0.00496120666884594,3.28164256357137,0.00960884938000234,5.12103038625309e-05,-0.00301298971508659,-4.1181860597674e-05,-3.47400019536243e-06,-5.12946612198521e-05,-4.81598322236096e-06,0,0,0,0,0,0,0,0,0,0,0,0,0,0,0,0,-1.0403296486785e-05,0,0,0,0,0,0,0,0,0,0,0,0,0,0,0,0,0,0,0,-0.000368756223271422,0.164882821160473,-0.00344626461419771,-0.00245580158908479,-0.000278266731148768
0.00199958566001491,0,1.86426483843135,5.78548967254109e-06,0.000158900420557526,0.000121485237099322,0.00111781546111539,0.000126260939138073,0.00647752476615757,0.0001486011873207,0.460188012454662,4.32484090615038e-05,0.326123710971883,0,-4.47075197273257e-06,0.0117854372201682,0.136811111593977,0.00567748546342542,0.141025819616664,0,0.00742907950957117,-0.875624040338621,0.0903615737652678,0.00334073504896731,-0.523394932973467,0.0852001956427887,1.18797856032021,0.00201155707430678,0.000547148067893854,0.00951728258529766,-0.000949279788270542,0,7.77956000114702e-05,0.3045548240198,-6.11849791048969e-05,0.0479014167711876,0.973242328816298,0.6281893826091,0.0630061902702694,0.0018643868368022,0.00293384032912167,0.0223174690524459,-0.0636635080895126,0.00571913089359458,0.000512528139191456,0.000309218387509034,-0.000306104978937139,0,0.00741096764985742,0,-0.174123687174396,0.000378854344194965,0,-7.02264967800703e-06,0,1.41448608200079e-05,0,-0.108016684573145,0,0.00139868844646374,0,0.000650718804972306,0,-2.80175354580699e-06,0.000114950989887746,9.02803043400223e-05,0,0.000247506929040131,0,0,-0.225806019510899,3.61149504886594e-05,0,0.0761676656270015,0.00434107245998481,0.00360890926655699,0,0,2.34091750954336e-05,0,0,0,1.63414799423133e-05,-0.000122271888776523,0.0260798000022172,0.0679532193681086,-0.00132083196762039,-4.3904302487863e-05
0.00440429018584109,1.86426483843135,0,-5.57093966446597e-05,3.6594108486696e-05,0.001329647142133,0.00478362160853789,0.000315553689953101,0.0558974768214099,-4.30839808865005e-05,0.0903116717275405,0.000707783333939151,0.0138331077441174,-3.17285058254864e-05,6.02469567828021e-05,0.0601688636538985,-0.30846867734,0.00682897781848726,0.062967116043997,-0.000102853718826922,-0.0726486399883377,0.983992720304306,1.8586773711181,-0.0159063407964694,0.0113384872892428,1.18119105946296,2.07850965426505,0.00112664442862619,0.00404821779948358,-0.00281102976674423,-0.000117887474953549,0,-0.000535994316090678,-0.0675986524325862,-0.000507940462617852,-0.28777679745263,1.2729235336493,0.834361534558387,0.167210925400491,0.0104978145805631,0.0069508014144981,0.0103560330844998,-0.132640544264273,-0.0010085009165474,-4.75639354919388e-05,-0.000116933009853718,-0.000712664192647885,-3.02053047710031e-05,-7.54033080400097e-05,0,0.000101153921215548,0,0,-6.04758537156655e-07,0,0,0,0.0138088347390093,0,3.78713417699567e-05,0,-5.72136177868857e-06,0,-5.5223685310472e-05,0,0.00011227954301874,0,0,0,0,0.0206090406662161,0,0,0.00149459745344885,3.5177570785566e-05,5.88756374887435e-05,0,0,0,0,0,0,0,-0.000763242299493594,-0.214152904864099,-0.0324955355065127,-0.0165327160783666,-0.000313988039069533
0.000594285403215917,5.78548967254109e-06,-5.57093966446597e-05,0,0,-0.0442932744333855,-0.0438314052702124,-0.00351467245945398,0.0085693878895266,1.44535923743519,0,0.853868931750516,0,-8.84248310746029e-07,-0.000101908215331441,0.000598662358630941,-4.60868543075659e-05,0,0,5.06257006978277,0.000176745426870559,0.000719136664354967,0.000644738199377262,-0.0125178490908382,0,-1.78492749280334e-05,3.78510977635395e-05,2.48002443703146,0.000243438178403179,0.000671532850045278,0,0,0,0.000579465334832787,-0.000181927749386736,-0.0352265829299593,0.000159048913233086,0,4.94642244165515e-05,-1.90360633998871e-05,0,0,-0.00173501962482136,0,0,0,0,0,0,0,0,0,0.0124930655928941,0,3.61841643319258e-05,0,0,0,-0.000270566953055953,0,0.0740698677953556,0,0,0,0,0,0,0,0.0408310205937975,0,0,0,0,0,0,0,-4.45826285600564e-05,0,0,0,0,0,0,-9.64360812195301e-05,-0.0316365187420705,-0.00210289217882901,-0.000433741593097285,-6.86117680862524e-06
0.00155533441873075,0.000158900420557526,3.6594108486696e-05,0,0,-0.332975565149997,3.18077744931884e-05,0.271421606422411,-5.10953031127516e-05,0,7.22998452562307e-05,-0.000196298716458854,4.3165998545382e-05,-0.113557400107013,0.727904179865234,-3.42553548101362e-05,-8.16606021428602e-06,0,-0.000105851384784401,0,-1.96539371218198e-05,3.48274948927111e-05,-5.41213383371987e-07,0,-1.53214508323875e-06,-8.01556561612924e-05,4.66373168239108e-05,0,0.496147845234585,-4.75467411076517e-05,0,0.854602331743971,0.0244270102425224,0.0386266682598591,0.0378683219924907,0.361769089639107,0.0188226787968091,-0.0144090461272369,0.000882718219002907,4.7200233620689,1.92170163173674,0.001576047599986,0.166335158513142,0.029644098033877,0.00133865557226596,-0.000702820280253064,0.00234816084876922,-0.00365115668435443,0.000427773261195781,4.99245441966875e-06,-9.05691499052165e-06,1.90586696221431e-06,0,-0.0136630502847833,-3.39291565905485e-05,4.81543939749529e-07,3.53479243199398e-05,-3.82247960089406e-05,-4.11961827896576e-06,0.000338371116666047,-7.63896578069473e-05,-0.000267159196378224,2.77416736247583e-06,0.0301188493531239,-9.48494437781059e-05,1.45162856205325e-05,-2.31497145164863e-06,-1.07870398314424e-05,0,-6.48462041569434e-05,1.99298068830694e-05,-3.69485122780072e-05,-1.2631338337763e-05,0,-2.03571190791039e-05,2.98877124312412e-06,-1.58525265838962e-06,1.7916157586554e-05,-1.00262715958334e-05,0,0,0,0.00045796304063248,-0.000221693664647176,0.26136529581164,0.228698455045086,-0.00431793479954262,0.00555900668163789
2.10047198997906,0.000121485237099322,0.001329647142133,-0.0442932744333855,-0.332975565149997,0,-0.516667099016587,3.30752566750096,0.0315883750737504,1.44814709743387,-0.000313017951935293,-1.16738362995664,0.000191686729056307,1.81236326606663,0.150544806492055,0.00284581260641958,0.00126219607196101,0,-1.60082251649541e-05,-0.56458683735418,0.00640244087388831,0.00844641968207508,0.0111265964230657,-0.299387146012289,-4.36826213776958e-05,2.96224956346672e-05,0.00209921352139374,-0.40520712616552,0.548658599498353,0.124312915966517,0,0.809362626732381,0.651673625544909,0.443697942419967,-3.7452966294794e-05,0.0336699028059238,-0.00736683432554219,0.037191491993081,-0.000263602814448266,0.0693680255126807,0.184513155522493,-0.000106521859399787,7.76020679001513e-06,-3.54718278045628e-06,-1.13184115720537e-06,-9.54077715217934e-07,0,0,0,0,0,0,0,1.75562551510534e-07,0,0,0,0,0,0,0,0,0,1.22819605859624e-06,0,0,0,0,0,0,-3.78007309520946e-05,0,0,0,0,0,0,0,0,0,0,0,0,-3.45430036139229e-05,0.0627149921157089,1.17586476295327e-06,0.000195411211135034,-1.56280829835454e-06
0.98445085775635,0.00111781546111539,0.00478362160853789,-0.0438314052702124,3.18077744931884e-05,-0.516667099016587,0,-0.425750456691696,0.127034864833773,-0.0873715656885832,0.000541266064598533,0.370697473753533,-1.24613587628751e-05,-0.793133615121767,-0.0271784064540215,-0.0441532038621814,0.00579800081253378,1.47584410860336e-06,0.0006875639852452,-0.18051728157692,-0.0282819969259371,0.0350013056157281,0.00426084009285284,0.409524227895987,0.000216289483109679,0.00154626691667048,0.0080855374632479,0.368857078982468,-0.323708947465573,1.09910419305419,0,0,-0.0180900512202401,-0.0974728807339909,-0.000245465287645242,-0.181663578026414,0.00432759530435206,-0.000729672892957888,-0.000440536743548941,-0.473381686056988,-0.000592184045037535,-9.02795112517596e-05,-0.0109192859012738,-0.00018531774559139,-4.66231535261406e-05,-3.52619858988787e-05,-5.78569146487781e-05,7.76129633045446e-06,0,0,0,-2.46639584554719e-05,0,0,0,0,0,-5.90566103439095e-05,0,-4.41732773014832e-07,0,0,0,0,0,0,0,0,0,-1.24699110419738e-05,0.000103054856263171,0,0,0,0,0,0,0,0,0,0,0,0,-0.000153917205700658,-0.0398934145504701,-0.00817082073976892,-0.000614808479742623,-6.02521690250566e-05
2.46903348055364,0.000126260939138073,0.000315553689953101,-0.00351467245945398,0.271421606422411,3.30752566750096,-0.425750456691696,0,0.00304553412710789,0.268121071326027,-4.61774633203672e-05,0.122349289168321,3.86846729014034e-05,1.35531218305784,0.063229671796884,0.00392927127844831,6.20425740668011e-05,0,0,-0.00907683126536959,0.00209652808051193,0.000638847327621776,0.00349150413916256,-0.0560848187875641,-3.83122257713405e-05,0.000158541675850697,0.000431128496589832,-0.00378440839185731,0.285833941960878,0.0768314243049349,0,0.319382615901519,0.392525816027344,0.33022575727464,-0.000165634515801092,0.0304500255362748,-0.00340446209372292,0.0897841184635728,0.00431824574558741,0.552703744912278,0.128452396275686,-0.000100336582728018,-0.000160020975778568,0,0,-6.5317105027474e-06,-2.27298573629733e-06,0,0,0,0,0,0,0,0,0,0,0,0,0,0,0,0,-4.68943288319627e-06,0,0,0,0,0,0,0,0,0,0,0,0,0,0,0,0,0,0,0,-0.00015855899793737,0.057592304050772,-7.26978280783761e-05,-0.000374767794526175,-3.42176379283357e-05
0.0412921912832555,0.00647752476615757,0.0558974768214099,0.0085693878895266,-5.10953031127516e-05,0.0315883750737504,0.127034864833773,0.00304553412710789,0,0.00427366215540168,0.0108423348099331,0.530203402017234,0.0458495515503758,0.00128394115929482,0.337611134287309,0.501028016134305,0.0174354191826952,-0.00051760485371833,0.0117914495209233,0.0166538757693664,0.325687030445602,3.64679069380096,0.19130310403397,0.735590385824543,0.0980510888340143,-0.057513999006242,-0.0590509470796322,0.972966109842588,0.0326847034565136,0.321844662837128,-0.000141784658354665,0,0.0026263344439759,0.0572449487480299,-9.17717957652506e-05,3.42013536641094,1.05502978646801,0.0985476555733542,0.0224235217164949,0.236778719303609,0.00106766632830385,0.00334112766142875,0.0434036043866087,0.0154962432007017,0.00390128202282876,0.00380761528982002,-0.000247067736281511,3.83406490174442e-05,0.000682259298405442,0,0.11080950982918,0.0344695333784597,0,0,6.40312895765214e-05,0.000192210454033993,1.0998640832299e-05,-0.317354957398534,6.25691553135002e-06,0.00152839332338636,5.57479935528185e-05,0.000480380963187708,4.95656651524844e-05,-0.000304596029022405,0.000603099421155475,0.00614794194009462,7.10353643576726e-05,0.00415866463296032,0,0.00120081042531052,0.0299986941798319,0.00314699051660707,0.000178669333991288,0.0259275563064094,0.0321066559424435,0.0353231562777093,6.52254738804969e-05,0,0.0011767664202294,0,0,0,0.00431679647773035,-8.9312492011082e-05,0.84675159960957,-0.0111744977617885,-0.013138181953282,-4.51014995200371e-05
0.113675848103307,0.0001486011873207,-4.30839808865005e-05,1.44535923743519,0,1.44814709743387,-0.0873715656885832,0.268121071326027,0.00427366215540168,0,-3.3733302085314e-06,2.25572250784593,0,0.193432275412526,0.000277714583315913,0.00111948883916696,-1.33614422240089e-05,0,2.67787451454426e-05,5.17142625816631,-1.6233690706097e-05,0.000850657086495922,0.000620535684908578,-0.165928497073501,0,4.63783067648575e-05,0.000409755712852959,0.143105192247666,0.00317588195000235,0.015155740181099,0,0,0.000254213812836117,-0.00112429054861112,-0.000276507082400621,-0.0650424241804005,-0.000273684581881283,-3.41194280811156e-05,-1.62873372862171e-05,0.00427664364743054,0,0,-0.00110999147451502,0,0,0,0,0,0,0,0,0,0,0,0,0,0,0,0,0,0.000162989080678795,0,0,0,0,0,0,0,0,0,0,0,0,0,0,0,0,0,0,0,0,0,0,-0.000188802603925757,-0.0296472222184418,-0.00115840473723209,-0.000473286319871716,-2.73111905006464e-05
0.000419042278779864,0.460188012454662,0.0903116717275405,0,7.22998452562307e-05,-0.000313017951935293,0.000541266064598533,-4.61774633203672e-05,0.0108423348099331,-3.3733302085314e-06,0,1.2381761155043e-05,-0.354527484811134,-2.53092103860045e-05,6.11729199118123e-05,0.000520488759352258,0.0489505555958563,0.35670288689461,1.02277445404377,0,0.00117509072318575,-0.139520696712123,0.0094042333349162,0.0038308827768229,-0.58289340754694,2.27173179529444,1.0166833205681,0.000398022031310043,9.16032830059247e-05,0.00154235522320266,0.22124239273935,0.000460559964345511,-0.000205894753386838,0.385193410689158,-0.00012086339110353,0.128682580153099,-0.215425606555641,-0.0212104605879668,0.0234635423712292,0.00549499180955023,0.0388528983483584,-0.465781938957021,0.00367416314384626,-0.00303103887361068,8.46341555804274e-05,-8.71948333660656e-05,1.46259090126008e-06,4.12674668727112e-05,-0.00165594309687869,0,-0.0101164344374681,0.000142129637332564,0,0,0,0,0,0.0260242815727443,0,0.000819609758316507,0,0.00297172616850441,0,0,0,0.000270793258180494,7.36132554765292e-05,1.06817831080337e-05,0,0,-0.134337371316956,-3.40050717108626e-05,5.60815322542857e-05,0.00924016644557672,0.000967555428319509,0.000568764216375128,0,0,0,0,0,0,0.000124871447832083,-3.66535461299709e-05,0.0283946453127876,0.000169089915069807,8.96518046486102e-05,-3.68079881037683e-05
0.408109476065085,4.32484090615038e-05,0.000707783333939151,0.853868931750516,-0.000196298716458854,-1.16738362995664,0.370697473753533,0.122349289168321,0.530203402017234,2.25572250784593,1.2381761155043e-05,0,1.51625605046706e-06,0.108002948448813,0.261427752056193,-0.000229901602201226,0.000437657831403281,0,-3.07835534101069e-05,6.95876492969185,0.00132494790739216,0.00198190035611065,0.00453214445801175,0.364711435228015,0,1.47618730591478e-07,7.52927856694412e-05,0.332803551813918,0.0756004833368533,0.0179715811620262,0,0,0.0222452522410439,0.0180588429410967,3.83637587218224e-08,0.0823705940478762,0.0224125925274237,0.00119325167538274,-0.000196685341850681,0.580748441537099,9.3660745447112e-05,-1.97498900935194e-06,-0.00161699107364656,-0.000147810812413708,0,-8.80127717609894e-06,-0.000141384137733493,-8.57008344974295e-05,0,0,0,0,-0.0088086229702941,0,4.32739503304242e-05,0,0,0,-1.79926559621449e-05,0,0.040987687899946,0,0,0,0,0,0,0,-0.0105794820431662,0,0,0,0,0,0,0,-5.62622723461758e-05,0,0,0,0,0,0,-8.68106870663093e-05,0.165698390060774,-0.00150869912003396,0.00193303398103719,1.72286555304775e-07
9.75959046909457e-05,0.326123710971883,0.0138331077441174,0,4.3165998545382e-05,0.000191686729056307,-1.24613587628751e-05,3.86846729014034e-05,0.0458495515503758,0,-0.354527484811134,1.51625605046706e-06,0,-3.43082764362511e-05,-6.6303673669783e-05,3.50967794429124e-05,0.00640584889666553,-0.00275097659292657,0.0407254975740209,0,0.000346204047811725,0.0990848594476362,0.00104919935723925,0.000292920602298251,-0.051679301841757,0.27762973463862,0.702821284223497,0.000215161306751642,0.000100211739692586,0.000141351226179947,2.32776113201839,0,2.1950618643913e-05,0.0911869493178296,-0.00106129732874812,0.671732007239368,2.87192800491283,0.363205659401884,-0.0230809023284637,-0.000790863551923766,0.232978164604439,-0.861123464926469,0.0768694281991418,0.0591717564150459,-0.000977241956761961,-0.00370112339556366,0.000298590251807132,-2.48267715961537e-05,0.0140893634965989,0,-0.00528781209135528,0.000743067401490983,0,0,1.44582128183565e-05,4.3797411560632e-05,-9.0327754156334e-07,0.0106872608532313,0,0.00567997768673316,0,0.036756900709934,0,2.02765339812502e-05,-3.57448478458508e-05,9.34757950898178e-05,6.78804509886998e-05,-0.000165323577425771,0,0.000809654760694853,0.0325463681642522,0.000262314181957504,5.15202068220106e-05,0.0352641260027124,0.00280098367592612,0.000994057599299628,0,0,0.0003074193117856,0,0,0,0.0172915591591852,-0.000214829399475325,0.340651526829345,0.0288054898894533,0.000821988056185215,-0.00020879992539596
0.740314818405151,0,-3.17285058254864e-05,-8.84248310746029e-07,-0.113557400107013,1.81236326606663,-0.793133615121767,1.35531218305784,0.00128394115929482,0.193432275412526,-2.53092103860045e-05,0.108002948448813,-3.43082764362511e-05,0,0.0526509402480813,-0.000313718076955861,7.00457306687983e-05,0,0,0.000436573218509939,0.000223045709747276,0.000229804176955938,0.00049054100377695,-0.00342338878756159,0,4.81688462152772e-06,8.47859486887804e-05,-0.00417175653987774,-1.09045104215124,0.00701503073167991,0,-0.266785602221333,0.0427180283780156,0.00656885509014025,-0.000714376994317098,-0.137076938503959,-0.00317925531234219,-0.00361443056061031,-0.000344308773923612,0.35122089282118,0.0127306843147113,0,-0.00089562227507405,-7.49891173212122e-06,-5.81137493529455e-06,-6.7880251308981e-06,-2.90290705767387e-06,0,0,0,0,0,0,-2.82403187019796e-06,0,0,0,0,0,0,0,0,0,-1.18147957022176e-05,0,0,0,0,0,0,0,0,0,0,0,0,0,0,0,0,0,0,-4.95076225492829e-06,-0.000578000257843179,-0.0514006190543765,-0.000147027641450565,-0.00145393323833511,-0.000155350179414887
0.708774299179908,-4.47075197273257e-06,6.02469567828021e-05,-0.000101908215331441,0.727904179865234,0.150544806492055,-0.0271784064540215,0.063229671796884,0.337611134287309,0.000277714583315913,6.11729199118123e-05,0.261427752056193,-6.6303673669783e-05,0.0526509402480813,0,0.000359738258638699,-1.57604812223704e-05,0,-0.000166576325404582,0.000239779214454729,-0.000217797840919908,0.000719057992603923,0.000226509894192883,0.00232494224788409,-6.53864987985875e-05,-5.23770838821336e-06,-1.50095934436205e-05,-0.00131765411759875,-0.039182906643719,-0.00131326140617955,0,-0.00237479824329393,0.00408571543269184,-0.0284656809849439,0.042530364466735,0.600274680261301,0.043275986184123,-0.0442841549937742,-0.00238458652470016,4.04219734601335,-0.0166204071495831,0.000373641994441445,0.189117274141289,0.0436916147100413,-0.00178419222391416,-0.00589990313864027,-0.101009497500532,-0.0153998089648813,0.000645649403526273,0,-1.49600382821913e-05,0.000118106190735824,-1.32857881849727e-05,-0.00302265568238059,3.13304033461131e-05,-4.92961370694012e-06,4.06872845696722e-05,3.07574383906102e-07,0,-0.000141465572339844,0.000568006458241474,-0.000450936089974014,-9.29769434502681e-06,0.0452448586294586,-9.9810970848409e-05,3.06647664126937e-06,-3.03738127828812e-06,-1.4858690743387e-05,0,-7.43244834072358e-05,-4.41402983008108e-05,-7.37589240890143e-05,-9.9641351263885e-06,-1.27885627681461e-06,-4.64631998949182e-05,-1.22171956993078e-05,-8.31082609413377e-06,5.29304607981086e-06,-3.63659330460137e-05,0,0,-3.31963235404378e-05,-0.000264778196157986,-0.0123399389513129,0.16438011446525,-0.0136652598907017,-0.00820029539647118,-0.00292463591802754
0.0303662395283964,0.0117854372201682,0.0601688636538985,0.000598662358630941,-3.42553548101362e-05,0.00284581260641958,-0.0441532038621814,0.00392927127844831,0.501028016134305,0.00111948883916696,0.000520488759352258,-0.000229901602201226,3.50967794429124e-05,-0.000313718076955861,0.000359738258638699,0,-0.0050353071322055,0.00011791246849814,0.00109809181312752,0.00660408395065078,2.8754294030702,0.0208957606593227,5.65353036793116,0.195535610829885,0.000737423309639843,0.00276239610966126,0.180286441233955,2.85073229566234,0.0822299856798532,-0.37689795113502,-1.46611733163432e-05,-4.34776114324514e-06,-0.000281101762947844,-0.198856880357571,-0.00595290770738011,-0.804363683256834,0.0740769443196011,0.010289113346998,0.0044723302194534,-0.000267830885886031,5.5854174513979e-05,0.000615687211517676,-0.0388383948536684,-0.000709648999073064,-0.000180990984185028,-0.000262866382694754,-0.000337280229610923,-7.51297632565892e-05,-6.51539161044511e-06,0,0,-2.16467463474838e-05,0,-8.24532197414459e-06,0,0,0,-0.000190316566234945,0,-6.43932723183723e-06,0,0,0,-0.000180185463504875,0.0798029542776993,0,0,0,-1.54166924033575e-05,0.0200279449833878,0.000307717157715025,0.0160962171824451,0,0,0,-5.40442673993799e-07,0.000208444819245688,0,7.66113693992279e-05,0,0,0,-1.24595366416343e-05,-0.00432882411191868,-0.400528369281706,-0.0278479777551086,-0.0159159514686917,-0.0030401021338568
0.00358808696702143,0.136811111593977,-0.30846867734,-4.60868543075659e-05,-8.16606021428602e-06,0.00126219607196101,0.00579800081253378,6.20425740668011e-05,0.0174354191826952,-1.33614422240089e-05,0.0489505555958563,0.000437657831403281,0.00640584889666553,7.00457306687983e-05,-1.57604812223704e-05,-0.0050353071322055,0,0.0463246962916933,-0.794380989726497,0.000271945845571978,0.171563343744471,-0.0323036936888398,0.950521538172232,-0.000729063039439222,-0.00698905373947752,0.305483449736534,0.134784076094274,-0.0164698393007383,0.000832247964084256,0.0382776156413114,-0.000102413885216874,0,0.000150223339828058,0.457529466568279,-0.00203303202454153,-0.34303094442997,0.195180068341404,0.233199604777567,0.0546317086949571,-0.00259434581574861,0.00246108390642193,0.00108402631663334,-0.00107688599409832,-4.14211419352167e-05,-1.00607056447121e-05,-0.000103832464525512,-7.52040672328028e-06,-3.979682699117e-05,0.000101754737987699,0,3.63701043523271e-05,0,0,-2.22544800720146e-06,0,0,0,0.00598222045139364,0,-2.40763034589359e-06,0,8.51968903946015e-05,0,-3.56576537964165e-05,0,0,0,0,0,0,0.0058221546786449,-2.35843716564537e-05,0,-0.000188159375836365,0,1.45603306553237e-05,0,0,0,0,0,0,-2.28644886642236e-05,-0.00113405171144567,-0.192153887849409,-0.000467713260697007,-0.00541447330346902,-0.000892368496058936
0,0.00567748546342542,0.00682897781848726,0,0,0,1.47584410860336e-06,0,-0.00051760485371833,0,0.35670288689461,0,-0.00275097659292657,0,0,0.00011791246849814,0.0463246962916933,0,0.930326336533712,0,0.000591640276670571,0.00217641554981699,0.00276295437258094,0.000160723514639729,0.000387925738051955,0.621105163017773,0.0115350486704039,2.98571650677079e-05,5.11715402182478e-05,0.000538202983074338,-0.000370444369165783,0,0,0.0089809361680706,-3.34728567830816e-06,5.22397087130188e-05,0.0206290141029332,0.00423881865393483,0.000121194943669832,-2.82752762128456e-05,0,0,-1.02985866040368e-05,0,0,0,0,0,0,0,0,0,0,0,0,0,0,0.000323535880405698,0,0,0,0,0,0,0,0,0,0,0,0,-0.000669186082566025,0,0,0,0,0,0,0,0,0,0,0,0,-2.44017764687645e-07,-0.000171530084838661,-8.16482895514108e-06,0,0
0.000271104912993123,0.141025819616664,0.062967116043997,0,-0.000105851384784401,-1.60082251649541e-05,0.0006875639852452,0,0.0117914495209233,2.67787451454426e-05,1.02277445404377,-3.07835534101069e-05,0.0407254975740209,0,-0.000166576325404582,0.00109809181312752,-0.794380989726497,0.930326336533712,0,0,0.00432916487023272,-0.123210788783124,0.0359290433690804,0.000625480206195449,0.0426131204089679,1.15472938823749,0.181460920786353,-0.00102300785771112,-4.42384512118609e-05,0.00229783153783438,0.00115557880422665,0,0,0.0442984791512947,-0.000110126747583825,-0.0195388341153069,0.375791086359494,0.0753835630759504,0.00397653565056021,-0.000253485167580965,-0.000258278358266088,0.000909989618923547,0.00081943935991415,-7.03800262296101e-05,0,-1.66536475574836e-05,7.41335123451028e-06,0,0,0,0.000223517403981612,3.62609243287627e-05,0,0,0,0,0,0.00354111594135622,0,0,0,0.000125118757659726,0,0,0,0,0,0,0,0,-0.00590583453250847,0,0,0.00056249557635989,4.16289197145822e-05,2.99735471710186e-05,0,0,0,0,0,0,0,-4.22856110275678e-05,-0.0080154472501088,0.000289487567691909,-0.000195762246571455,-2.64049835516689e-05
0.00177663972356808,0,-0.000102853718826922,5.06257006978277,0,-0.56458683735418,-0.18051728157692,-0.00907683126536959,0.0166538757693664,5.17142625816631,0,6.95876492969185,0,0.000436573218509939,0.000239779214454729,0.00660408395065078,0.000271945845571978,0,0,0,0.00247866564092908,0.00243611975553736,0.00232267717688348,0.335963371529655,0,7.70991516263943e-05,0.000260784516764486,3.97024169915959,0.000355617634038636,-0.00255197341401158,0,0,0,0.000115019893187022,-0.000236317350349699,-0.0718466265002515,0.00909860873565035,6.6938814081508e-05,0,0.00133212141232646,0,0,-0.00041472987311085,0,0,-2.9322042673219e-05,-1.19296379203941e-05,0,0,0,0,0,0.037563650852129,0,0,0,0,0,0.000723839193859691,0,0.0041661336031865,0,0,0,0,0,0,0,0.0338980342379655,0,0,0,9.0402986837304e-05,0,0,0,0,0,0,0,0,0,0,-0.000213226443048665,-0.0949547801110087,-0.00063307121611714,-0.00112528061777369,-0.000114443239242988
0.015737568308832,0.00742907950957117,-0.0726486399883377,0.000176745426870559,-1.96539371218198e-05,0.00640244087388831,-0.0282819969259371,0.00209652808051193,0.325687030445602,-1.6233690706097e-05,0.00117509072318575,0.00132494790739216,0.000346204047811725,0.000223045709747276,-0.000217797840919908,2.8754294030702,0.171563343744471,0.000591640276670571,0.00432916487023272,0.00247866564092908,0,0.020396933397883,0.138299435716981,-0.146824232068718,0.000162766429506704,0.0118595508278998,0.00754879044130832,-0.89388922012279,0.0303708309476525,0.923802546957061,0,0,-0.000166279747356676,0.154017526026041,-0.00266091433142701,-0.0952496659013045,-0.00805175709334727,0.0141551642528039,0.00455842433926321,0.003733605558454,-0.000167904966407326,0.00050122815385397,-0.0320847126092792,-0.000477942185469271,-0.000259218152923339,-7.72725260365643e-05,-0.000191925943924112,-1.20821558708949e-05,1.79750351344931e-05,0,0,-4.27019227615691e-06,0,-1.2314549627394e-05,0,0,0,0.000357871618391667,0,0,0,0,0,-5.29826207623453e-05,0,0,0,0,0,0,0.000374769270640434,0,0,0,0,0,0,0,0,0,0,0,-4.44129381504818e-05,-0.00200444283236418,-0.0146029404215177,-0.0226658443451165,-0.00296193314993741,-0.000655094527759014
0.0262683650549181,-0.875624040338621,0.983992720304306,0.000719136664354967,3.48274948927111e-05,0.00844641968207508,0.0350013056157281,0.000638847327621776,3.64679069380096,0.000850657086495922,-0.139520696712123,0.00198190035611065,0.0990848594476362,0.000229804176955938,0.000719057992603923,0.0208957606593227,-0.0323036936888398,0.00217641554981699,-0.123210788783124,0.00243611975553736,0.020396933397883,0,1.22692154454756,-0.558697016252351,0.322863175518937,-0.194223979198338,0.0594171066586577,0.52229895893667,0.019317307738118,0.131584761036271,-0.00062603935364585,6.10794443303359e-05,-0.00019625117983615,-0.300831106500575,-0.000154929629944225,0.836927128942201,1.14200911875985,0.25187573403629,0.0741224383801468,0.0148267128037445,0.00359341662057664,0.00712120419055035,0.034584456096104,-0.0776604288107126,-0.000764815611903347,-0.000434498061702901,-0.000343219054695394,-7.13284967898273e-05,0.000707344091393632,3.87941341345693e-05,0.290012953007732,0.031934907272111,0,0,9.0351358213543e-05,6.94477380136056e-05,2.29676260213902e-05,-0.0163373472288675,1.30534978534731e-05,0.00366082934066448,0,0.00593862146322036,5.11370258698657e-05,-8.22251902320017e-05,0.00142725106960193,0.00204799888099539,0.000120634625496821,0.00163819464116072,0,0.000432778385052037,0.0510725564796535,0.00192837845321826,3.6113538504214e-06,0.137382724935206,0.0105633254049743,0.00898300963499152,7.20227833392924e-05,0,0.000208650356973432,0,0,-4.22337854750029e-06,0.00352177426246938,-0.000192759087786328,0.678832672692962,0.0505542277870596,-0.0126242127888373,-0.000140613289604574
0.0219831111682618,0.0903615737652678,1.8586773711181,0.000644738199377262,-5.41213383371987e-07,0.0111265964230657,0.00426084009285284,0.00349150413916256,0.19130310403397,0.000620535684908578,0.0094042333349162,0.00453214445801175,0.00104919935723925,0.00049054100377695,0.000226509894192883,5.65353036793116,0.950521538172232,0.00276295437258094,0.0359290433690804,0.00232267717688348,0.138299435716981,1.22692154454756,0,-0.172181239306572,-0.00019338959938039,0.0219123154749485,1.9816064423337,0.103283900658117,0.0671627237861382,-0.0859231808308585,0,-6.09488623262274e-06,-0.000240181206856375,0.344134456739248,-0.00610213093775303,-0.046925584394496,0.739940052082221,0.123772072553913,0.0412651972190934,0.0210234064306302,0.000474896173489413,0.00154860510182148,-0.00728541855878318,-0.000460535551629422,-7.56472461429442e-05,-0.000211142423658813,-0.000213581636382281,-3.97839646216075e-05,-1.34130725282537e-05,0,3.0173381257501e-05,-3.25246196210242e-07,0,-2.65017993815532e-05,0,0,0,-0.000733170784175788,0,-6.1621649371481e-06,0,-4.01491973666623e-07,0,-7.21413854368787e-05,-6.20419705030456e-06,0,0,0,0,-1.34767265078216e-05,0.00126593682403025,-7.23427640969042e-06,-6.76173646210711e-06,6.94137638125029e-06,8.84465021675867e-06,9.23171356023032e-06,-6.85092161621891e-06,-9.96230674352118e-06,0,0,0,-1.2677991970381e-06,-1.79926076755036e-06,-0.00412924899295762,0.0302472899288549,-0.00514152709790211,-0.00875918356065722,-0.00112851101151521
-0.0184532980357813,0.00334073504896731,-0.0159063407964694,-0.0125178490908382,0,-0.299387146012289,0.409524227895987,-0.0560848187875641,0.735590385824543,-0.165928497073501,0.0038308827768229,0.364711435228015,0.000292920602298251,-0.00342338878756159,0.00232494224788409,0.195535610829885,-0.000729063039439222,0.000160723514639729,0.000625480206195449,0.335963371529655,-0.146824232068718,-0.558697016252351,-0.172181239306572,0,0.00510685873979087,0.00056424784974395,0.000333941315080834,11.4887620995503,0.0537204004722222,0.335017284732986,0,0,0.00182181266585333,0.00528371211562162,-0.00174551063534746,-0.253083201625052,-0.140570137216276,0.000896512916777681,0.00145971978044513,0.0036480268720065,-5.02573242705529e-05,-0.000127404763053103,-0.0316007821006564,-0.000414644138032647,-0.000205392814164509,-6.09044884839016e-05,-7.74648485594153e-05,-1.83449014024284e-05,-2.34625882913036e-06,0,1.55098737812144e-05,-2.66743836200492e-05,-0.000673297464839602,0,0,0,0,-0.000381208251738227,0,-4.53874563315481e-06,-5.0434865084742e-06,0,0,-2.35655185877586e-05,0,0,0,0,0,0,6.67644282162673e-05,-6.96657004066307e-06,-1.37736669332666e-05,0.000877333243127151,-2.95685399668015e-06,-1.75417367823057e-06,0,0,0,0,0,0,-4.82566870887152e-05,-0.00122144660334226,-0.0866942502398972,-0.0235278724349012,-0.0034237868390063,-0.000433475607768854
0.000163632745216224,-0.523394932973467,0.0113384872892428,0,-1.53214508323875e-06,-4.36826213776958e-05,0.000216289483109679,-3.83122257713405e-05,0.0980510888340143,0,-0.58289340754694,0,-0.051679301841757,0,-6.53864987985875e-05,0.000737423309639843,-0.00698905373947752,0.000387925738051955,0.0426131204089679,0,0.000162766429506704,0.322863175518937,-0.00019338959938039,0.00510685873979087,0,0.116255166751148,0.630257841064631,-0.000288986044462144,-1.67874248152448e-06,-1.37785495593812e-05,0.000640795994113476,0,0,0.0155234303979635,-0.00020668192535042,0.0166698734613944,3.60549525352552,0.127795376638651,0.0287133013225551,-0.000711629652682485,0.00049670660131039,0.0958331730902344,0.112849890147443,-0.17284493735205,0.00170158667998114,-0.000690139326468207,-6.16257606617315e-06,0,-0.235038277132107,0,-0.207038479699551,0.00025514688031348,0,0,0,0,0,0.0116108869335437,0,-0.00399179140793399,0,0.132247813995282,0,-3.19467286356524e-06,2.80732360231073e-05,0.000566904754113641,0.000438372714867883,0.000276783263590147,0,7.95349793889711e-05,-0.298449278762193,7.41272598967021e-05,0,0.38525730949151,0.0052155491995882,0.00154347907340074,0,0,0,0,0,0,0.00483580632085081,-8.28170537316724e-05,0.00170453232665579,-0.00436074913120155,-0.000303835770315717,-4.16069798473529e-05
0.00184093130667206,0.0852001956427887,1.18119105946296,-1.78492749280334e-05,-8.01556561612924e-05,2.96224956346672e-05,0.00154626691667048,0.000158541675850697,-0.057513999006242,4.63783067648575e-05,2.27173179529444,1.47618730591478e-07,0.27762973463862,4.81688462152772e-06,-5.23770838821336e-06,0.00276239610966126,0.305483449736534,0.621105163017773,1.15472938823749,7.70991516263943e-05,0.0118595508278998,-0.194223979198338,0.0219123154749485,0.00056424784974395,0.116255166751148,0,2.86367213629562,0.000899719845761267,0.000441875859441124,0.00189767271470629,0.0800851886740958,4.11748937581168e-05,-7.56950950179636e-05,-0.164165410678643,-0.0010334438292994,-0.121636914714224,0.0961720011266775,0.0477238917878072,0.0122887566729582,-0.00160074848662867,0.000608297656475543,-0.00140907439216787,-0.0295069618175247,-0.00011559669844347,-7.52524267997761e-06,-1.39009168495457e-05,3.40409599179437e-06,-3.07414459765841e-07,-0.000114071337429542,0,-0.000349482031743018,0,0,-3.79624150356814e-07,0,0,0,-0.00156057056466091,0,0.000174124308863389,0,0.0017313554146787,0,-4.07058282024221e-06,0,0,2.204512937441e-05,0,0,0,-0.0133201332355394,5.0337680516462e-06,0,0.0124883118618624,0.000412654471071575,0.000368502834869271,0,0,0,0,0,0,-1.60460522288028e-06,-0.000610876489977947,-0.0428440311230978,-0.00349564353437768,-0.000619831647894506,-0.000257933462414199
0.00282388481645581,1.18797856032021,2.07850965426505,3.78510977635395e-05,4.66373168239108e-05,0.00209921352139374,0.0080855374632479,0.000431128496589832,-0.0590509470796322,0.000409755712852959,1.0166833205681,7.52927856694412e-05,0.702821284223497,8.47859486887804e-05,-1.50095934436205e-05,0.180286441233955,0.134784076094274,0.0115350486704039,0.181460920786353,0.000260784516764486,0.00754879044130832,0.0594171066586577,1.9816064423337,0.000333941315080834,0.630257841064631,2.86367213629562,0,0.00864809813220413,0.00562159595578552,0.00639292267827259,0.251743645486394,0,5.20795090864193e-05,0.115422797405428,-0.00482885682036748,-0.655583137633663,0.16486292248994,0.220188154452077,0.0169533786018912,-0.000137486932445871,0.00128274488221119,0.00136366434904469,-0.0694947008648071,0.000451267782881647,5.61389244538647e-05,-8.60012446526126e-05,-0.000292289599800495,-1.54644173584649e-05,-0.0005820139100473,-8.30505243929093e-06,-0.00118091220766299,-4.0348348466218e-06,0,-3.35899084560573e-06,0,0,0,-0.0122256364363575,0,0.00108625049852266,0,0.00338135829924705,-2.3386791192572e-06,-4.0823459233562e-05,0,5.08705244936009e-05,0,3.04826752452527e-05,0,0,-0.00919754657669667,0,0,0.0296139926615709,0.00110512935133746,0.000513284943679534,0,0,0,0,0,0,-4.50586563503728e-06,-0.00300385354853371,-0.177122682136637,-0.00645749979278574,-0.00367603726610317,-0.000734275927271587
0.160304554218124,0.00201155707430678,0.00112664442862619,2.48002443703146,0,-0.40520712616552,0.368857078982468,-0.00378440839185731,0.972966109842588,0.143105192247666,0.000398022031310043,0.332803551813918,0.000215161306751642,-0.00417175653987774,-0.00131765411759875,2.85073229566234,-0.0164698393007383,2.98571650677079e-05,-0.00102300785771112,3.97024169915959,-0.89388922012279,0.52229895893667,0.103283900658117,11.4887620995503,-0.000288986044462144,0.000899719845761267,0.00864809813220413,0,0.133276607590024,0.354855865136449,0,0,0.00118054013476284,-0.0566568520995805,-0.000359665802916775,-0.100279623524281,-0.136210815319575,0.00156473835593065,0.00193329213394662,0.00350721788426392,4.80285220907307e-05,-5.84152330437221e-05,-0.014778162622968,-0.00023210378770996,-0.000158506953241001,-7.30572341223225e-06,-5.34631411935893e-05,0,0,0,0,0,0.013054351599647,0,0,0,0,-0.000126985403350329,3.08989765822399e-05,0,0,0,0,-6.8117121110643e-06,0,0,0,0,0.00179217755267743,0,0.000193115753724491,-1.2241500955546e-05,0,0,0,0,0,0,0,0,0,-6.86271457399716e-05,-1.41444662020913e-05,-0.000266930944259914,-0.00983875786571083,-0.0124324268092115,-0.000448925472405024,-5.32086883821683e-05
2.79820974206388,0.000547148067893854,0.00404821779948358,0.000243438178403179,0.496147845234585,0.548658599498353,-0.323708947465573,0.285833941960878,0.0326847034565136,0.00317588195000235,9.16032830059247e-05,0.0756004833368533,0.000100211739692586,-1.09045104215124,-0.039182906643719,0.0822299856798532,0.000832247964084256,5.11715402182478e-05,-4.42384512118609e-05,0.000355617634038636,0.0303708309476525,0.019317307738118,0.0671627237861382,0.0537204004722222,-1.67874248152448e-06,0.000441875859441124,0.00562159595578552,0.133276607590024,0,-0.584440321515395,0,1.44765379847683,1.97676243485398,0.292440047364584,-0.00115878045039672,0.445880411185433,0.0484184470914995,0.0534656629562423,-0.00299803347929441,0.379640819059429,0.370748665554483,-9.28337706467426e-05,-0.000787755931692986,-0.000128410509747224,-6.45049977880371e-06,-3.91861144958061e-05,-5.35947899766649e-05,-3.74325520338106e-06,0,0,0,-6.3139609924306e-06,0,-1.90886101213916e-06,0,0,0,0,0,0,0,0,0,-1.10032866484473e-05,0,0,0,0,0,-3.87765676003119e-06,0,-2.20244876634474e-06,0,0,0,-1.33035929828049e-06,0,0,0,0,0,0,-8.29997454540778e-06,-0.000974457663969071,0.301399135851261,-0.00105729176422761,-0.000827817065559522,-0.000151625360950143
1.04236174191378,0.00951728258529766,-0.00281102976674423,0.000671532850045278,-4.75467411076517e-05,0.124312915966517,1.09910419305419,0.0768314243049349,0.321844662837128,0.015155740181099,0.00154235522320266,0.0179715811620262,0.000141351226179947,0.00701503073167991,-0.00131326140617955,-0.37689795113502,0.0382776156413114,0.000538202983074338,0.00229783153783438,-0.00255197341401158,0.923802546957061,0.131584761036271,-0.0859231808308585,0.335017284732986,-1.37785495593812e-05,0.00189767271470629,0.00639292267827259,0.354855865136449,-0.584440321515395,0,0,-7.39830305942096e-05,-0.0369325679433914,-0.0277159205735265,-0.00275345621066742,-0.276085499555978,0.0515452290142115,0.00736457516692342,0.00237980490582072,-0.254417281842088,-0.00102646139400321,0.000180535943234807,-0.0144439755103194,-0.00038165084182035,-2.95438260021629e-05,-5.79954386392974e-05,-0.000100546642928851,-2.58773761670547e-05,0,0,0,-3.56889639243016e-05,0,0,0,0,0,-7.41398277450222e-06,0,-1.01690462980085e-05,0,-7.40493960065768e-06,0,-3.99646529910061e-05,0,0,0,0,0,0,1.35551165484626e-06,-1.60319587538039e-06,0,0,-9.38870362610079e-06,0,0,-2.84875984845751e-05,0,0,0,0,-3.10221791191589e-05,-0.00211189918276687,-0.116644161779751,-0.0148501786017269,-0.00560490004251608,-0.000753792264651218
0,-0.000949279788270542,-0.000117887474953549,0,0,0,0,0,-0.000141784658354665,0,0.22124239273935,0,2.32776113201839,0,0,-1.46611733163432e-05,-0.000102413885216874,-0.000370444369165783,0.00115557880422665,0,0,-0.00062603935364585,0,0,0.000640795994113476,0.0800851886740958,0.251743645486394,0,0,0,0,0,0,0.000276551704095554,-3.26647943362527e-06,-0.00136449831377919,0.00109010513197983,0.000369179625921115,0,0,0,-0.000798989455180697,5.40624340953133e-05,0,0,0,0,0,0,0,0,0,0,0,0,0,0,0,0,0,0,0,0,0,0,0,0,0,0,0,-0.000369714719774363,-5.92807513003277e-06,0,0.000176929861080519,0,0,0,0,0,0,0,0,0,-2.50325054587986e-06,-0.00307778570496296,0,0,0
2.845689134416e-06,0,0,0,0.854602331743971,0.809362626732381,0,0.319382615901519,0,0,0.000460559964345511,0,0,-0.266785602221333,-0.00237479824329393,-4.34776114324514e-06,0,0,0,0,0,6.10794443303359e-05,-6.09488623262274e-06,0,0,4.11748937581168e-05,0,0,1.44765379847683,-7.39830305942096e-05,0,0,0.00397462308859771,-0.0994017964270915,-9.60346600135602e-05,-0.0104676106993192,-3.41711506146869e-05,-0.00488055675736166,-0.000526200880182761,-0.00834630008056696,0.462745547745216,0,-8.29142470514948e-05,0,0,-2.38388621341596e-05,0,-1.14903333250113e-05,0,0,0,0,0,0,0,0,0,0,0,0,0,0,0,-1.30165808828505e-05,0,0,0,0,0,0,0,0,0,0,0,0,0,0,0,0,0,0,0,-0.000100907031291863,-0.0215885727832222,-6.21629619299535e-05,-0.000520019077805396,-6.88113084190318e-05
