0,0,0,0,0.0163071710119147,7.0141577026135,1.16529628561939,16.9104315262858,0.00395446343714928,0.00762823854319911,0,0.00241933934468574,0,18.8638349536722,0.346886478763458,0.00972389917176922,0,0,0,0,0.0036079225451306,0,0.00296271049930366,0.00178316914349039,0,0,0.000992584239999199,0.0105118350675236,25.9612617787224,3.4193870987911,0,0.00256461995184154,0.411103401654715,0.0682689994822859,0,0.0152406105851013,0.00682640616039046,0.0119748463319401,0,5.04315648193829,0.0321485828359841,0,0,0,0,0,0,0,0,0,0,0,0,0,0,0,0,0,0,0,0,0,0,0,0,0,0,0,0,0,0,0,0,0,0,0,0,0,0,0,0,0,0,0,0.00138213603859329,0,0,0
0,0,2.5658732604783,0,0,0.000456065017334119,0.00305365669060909,0,1.08353690058719,0,0.682506977609199,7.4747784577796e-05,0.0390995871358467,0,0,0.0218788233640838,0.0837320671263346,0.0370019132937563,0.101074318452871,0,0.0123204064727241,11.0643872262038,0.131898189395878,0.0207239816031538,5.7533251839948,2.32279180650407,4.32671662225428,0.0359908214488954,0,0.00411910827251394,0.00149433212049091,0,0,0.276089969108201,0,0.122124665686995,0.564144621770157,0.311279338479548,0.0626288501958628,0.000552788672360662,0.0040733958490001,0.00530334611081154,0,0,0,0,0,0,0.0031475606081649,0,0.392399408431387,0,0,0,0,0,0,0.446297679757287,0,0,0,0,0,0,0,0,0,0,0,0,0.612633787891935,0,0,0.0216442353748108,0,0,0,0,0,0,0,0,0,0,0.0666203372950661,0,0,0
0,2.5658732604783,0,0.000246813911945025,0,0.00560647441820189,0.0468629496384716,0,0.7253724495269,0.00466204653339233,0.297181582178386,0.00310821079739998,0.00800066832418614,0.000699606000401504,0.000821585077679286,0.171603076632957,0.560945322787923,0.0261712693869391,0.248927692068888,0,0.185985117025713,5.1911791025393,5.01872966932296,0.203820608553724,0.172413889520683,3.83021833263669,13.513452001725,0.376230058727549,0.000515681608998175,0.0567445982913379,0.00123308969536329,0,0,1.41330558779433,0,1.77019816525683,2.0843594157603,0.926859230702253,0.162577107694257,0.0161229839364481,0.0049681786564316,0.00882922851660032,0,0,0,0,0,0,0,0,0,0,0,0,0,0,0,0.00140573971016167,0,0,0,0,0,0,0,0,0,0,0,0,0,0,0,0.00159380013962269,0,0,0,0,0,0,0,0,0,0,0.715183927998877,0,0,0
0,0,0.000246813911945025,0,0,0.0665876835756244,0.0282046434351847,0,0.0157525867812863,1.27754857295735,0,0.281094544195159,0,0,0,0,0,0,0,84.5270428741248,0.000689797392922186,0.000579506660593955,0.000447330110877276,3.41203161076612,0,0.000354913622592903,0,12.3485949435919,0,0,0,0,0,0,0,0.000197490374095562,0.00160700207534632,0,0,0,0,0,0,0,0,0,0,0,0,0,0,0,0,0,0,0,0,0,0,0,0,0,0,0,0,0,0,0,0,0,0,0,0,0,0,0,0,0,0,0,0,0,0,0,0,0,0,0
0.0163071710119147,0,0,0,0,12.570742461565,0,0.858792150302379,0,0,0.00425257491017894,0,0,0.121875978871723,4.14676145282066,0,0,0,0,0,0,0,0,0,0,0,0,0,1.32741538603202,0,0,13.1499939009581,0.113750382856451,3.03025145061753,0,0,0.00608368387802349,0.0556665222493871,0,34.7588049557713,19.0526995318449,0,0,0,0,0,0,0,0,0,0,0,0,0,0,0,0,0,0,0,0,0,0,0,0,0,0,0,0,0,0,0,0,0,0,0,0,0,0,0,0,0,0,0,0,0,0,0
7.0141577026135,0.000456065017334119,0.00560647441820189,0.0665876835756244,12.570742461565,0,9.72911351558092,12.3315805199165,0.0413103555000275,14.3853431441906,0.000852957573080348,2.15584274257326,0,2.47852426591237,4.18978130546682,0.0380044999031295,0.00268141279915618,0,0,1.73309670518085,0.0245647858977828,0.00534902350503293,0.0372685240440145,1.16844449889415,0.00102361362654402,0.000416263317393818,0.00432471316284311,5.67276678149677,6.93670251534653,0.223424346130118,0,3.10705179315275,0.982824596053389,2.65630073286737,0,0.120406898721715,0.0601582206988676,0.326475978607686,0.000921573675166772,21.6285755595828,1.75159453363579,0,0,0,0,0,0,0,0,0,0,0,0,0,0,0,0,0,0,0,0,0,0,0,0,0,0,0,0,0,0,0,0,0,0,0,0,0,0,0,0,0,0,0,0.0170350092649918,0,0,0
1.16529628561939,0.00305365669060909,0.0468629496384716,0.0282046434351847,0,9.72911351558092,0,0.728173034646002,0.180178533654843,8.61450386494239,0.00360327660794257,1.1485889512072,0.000427403016303639,1.19849122210531,0.703612196617958,0.415803258137635,0.0520392101287078,0,0.00499414058566538,0.46671522671393,0.66989148594529,0.0607303470831846,0.443044832210204,0.939126263351712,0.000646125660799156,0.00538125011247401,0.0465288852568149,6.43279020530342,2.86270649517666,16.2738423132695,0,0,0.191965165764501,0.874176376885098,0,1.43320535658231,0.535230209632235,0.0450754694165603,0.00772977375432287,6.31179677956471,0.00791625432374814,0.00170363134223608,0,0,0,0,0,0,0,0,0,0,0,0,0,0,0,0,0,0,0,0,0,0,0,0,0,0,0,0,0,0,0,0,0,0,0,0,0,0,0,0,0,0,0.416632603094588,0,0,0
16.9104315262858,0,0,0,0.858792150302379,12.3315805199165,0.728173034646002,0,0,1.62406944470901,0,0.0226310281888287,0,17.8307789111231,0.0995155165252455,0.000927371809128844,0,0,0,0,0.000588770805828077,0.000581331847613206,0.00216132631399308,0.00179160976103017,0,0,0.000217915155912244,0.0190714882717635,17.1169123869666,0.0372629893534247,0,1.83167966568555,1.26327680136453,0.493732027990903,0,0.00359410559879819,0.0027770185948901,0.0556722102315669,0,0.597387249021489,0.599331776119053,0,0,0,0,0,0,0,0,0,0,0,0,0,0,0,0,0,0,0,0,0,0,0,0,0,0,0,0,0,0,0,0,0,0,0,0,0,0,0,0,0,0,0,0,0,0,0
0.00395446343714928,1.08353690058719,0.7253724495269,0.0157525867812863,0,0.0413103555000275,0.180178533654843,0,0,0.036288983300928,1.26976731418227,2.4532822378502,0.0841326120886526,0,0.319957899373571,0.386784355322799,0.0299593478650662,0.0128296584178868,0.0652100972692374,0.00341021564185609,0.306838327020906,13.6238128747041,0.961640084299688,14.8702960598666,1.73773990973651,0.198030762491816,0.436911675323857,1.5978581453587,0.00142932666511171,0.0427024684231911,0,0,0.000424195959360968,0.407936440336707,1.36089369365464e-05,9.01288396391604,5.83620042208254,0.347577748586918,0.053249048070025,2.17223025607975,0.00147684731236601,0.00318750954076888,0.0772142555663839,0.0582477429435749,0.00176487393862684,0.00493826401358889,0,0,0,0,0.49122345784471,0.0091207643698077,0,0,0,0.000380215115739643,0,0.0262716861130691,0,0.00182496155355438,0,0.00234791687263238,0,0,0.00300125420784063,0,0,0.0063332931201655,0,0,0.0870767419894768,0.00316175415708388,0,0.0403398957721636,0.130022250857322,0.0529320014682489,0,0,0,0,0,0,0.00983481379657291,0,6.39489222907269,0.0225712783520887,0,0
0.00762823854319911,0,0.00466204653339233,1.27754857295735,0,14.3853431441906,8.61450386494239,1.62406944470901,0.036288983300928,0,0.000394034221828416,11.9593066986614,0,0.0389254379353395,0.152801467582806,0.012593986289054,0.00198916474511764,0,0,19.0258076461674,0.0231974637826346,0.00713854534606463,0.0276480916966214,0.603213621445063,0,0.00023060490146582,0.00331549411485134,6.87363488846542,0.00463250662530032,0.0500699394735284,0,0,0.00164820396728804,0.0150410049232692,0,0.0300007416198613,0.0523705316251925,0.00165769427827477,0,0.0857774151815828,0,0,0,0,0,0,0,0,0,0,0,0,0,0,0,0,0,0,0,0,0,0,0,0,0,0,0,0,0,0,0,0,0,0,0,0,0,0,0,0,0,0,0,0,0.00658344452071544,0,0,0
0,0.682506977609199,0.297181582178386,0,0.00425257491017894,0.000852957573080348,0.00360327660794257,0,1.26976731418227,0.000394034221828416,0,7.66256561246029e-05,26.5725584300114,0,0,0.00685863333327593,0.137200182675447,9.76435869712911,3.60172804548546,0,0.00925373585058699,1.70963400810352,0.0663697440384053,0.0142487119036122,5.98653066651368,7.06851616191503,3.09049467565924,0.020362973045802,0.00151644792615289,0.00111993561726027,1.84320103103586,0,0.00175130416750657,6.31376700902006,0,0.129500541040125,21.9899106703667,9.70906848647594,0.406104984397819,0.00641623643162458,0.0233793058502597,4.55312574621383,0,0,0,0,0,0,0,0,0,0,0,0,0,0,0,0.0617913533756115,0,0,0,0,0,0,0,0,0,0,0,0,0.0167491320466266,0,0,0.0001447528622638,0,0,0,0,0,0,0,0,0,0,0.0450335345810842,0,0,0
0.00241933934468574,7.4747784577796e-05,0.00310821079739998,0.281094544195159,0,2.15584274257326,1.1485889512072,0.0226310281888287,2.4532822378502,11.9593066986614,7.66256561246029e-05,0,0,0.00345599784343928,4.7702056703997,0.0259780713396585,0.000842177906015943,0,0,45.3977318455016,0.0194092755699881,0.00683350474162942,0.0241787112197245,1.33982368107155,0,0.00036575281270881,0.00159070158170576,1.64682691213868,0.0107713176780893,0.0230928288166264,0,0,0,0.0336811515302584,0,1.66357095850456,0.0622026424480153,0.00760611571669426,0.00138203435338713,2.83523175848987,0,0,0,0,0,0,0,0,0,0,0,0,0,0,0,0,0,0,0,0,0,0,0,0,0,0,0,0,0,0,0,0,0,0,0,0,0,0,0,0,0,0,0,0,0.652017767365417,0,0,0
0,0.0390995871358467,0.00800066832418614,0,0,0,0.000427403016303639,0,0.0841326120886526,0,26.5725584300114,0,0,0,0.00184407172760229,0,0.00173041363371621,0.003885698868549,0.0119675330752854,0,0,0.0810906813012999,0.00100467067435518,0.000303337260279387,14.7077021349399,3.23280992132275,1.25374779242313,4.40369616782205e-05,0,0,14.9151115542423,0,0,0.0272849704052113,0.0020061080677077,4.99361208829466,9.72349413366988,0.638667911971162,0.750912674553469,0.207102951238599,0.492975279331216,11.0172982448251,0.130263433469327,0.00818268249004088,9.79392679432595e-05,0.00305163664238058,0.000772398790015415,2.68947097719849e-05,0.00708533727022797,0,0,0,0,0,0,0,0,0.00879246171421506,0,0,0,0.178046078771687,0,0,0,0,0,0,0,0,0.00672728586026802,0,0,0.181149822319764,0,0,0,0,0,0,0,0,0.000219728892862694,0.000270417894859069,1.24407671035493,0.0353863286243011,0,0.000218355771431295
18.8638349536722,0,0.000699606000401504,0,0.121875978871723,2.47852426591237,1.19849122210531,17.8307789111231,0,0.0389254379353395,0,0.00345599784343928,0,0,0.0375481985700227,0.00078233738818978,0,0,0,0,0,0,0.000638411312768031,0,0,0,0,0.00377983159798151,14.6480338591488,0.0040189831213878,0,0.757042854775714,0.162273780627913,0.0340652938447128,0,0.00114001688388985,0,0,0,0.168985269828165,0.0616013419050105,0,0,0,0,0,0,0,0,0,0,0,0,0,0,0,0,0,0,0,0,0,0,0,0,0,0,0,0,0,0,0,0,0,0,0,0,0,0,0,0,0,0,0,6.65602045489236e-05,0,0,0
0.346886478763458,0,0.000821585077679286,0,4.14676145282066,4.18978130546682,0.703612196617958,0.0995155165252455,0.319957899373571,0.152801467582806,0,4.7702056703997,0.00184407172760229,0.0375481985700227,0,0.0121181250423412,2.15534155213336e-05,0,0,0,0.00739274578533049,0.0025910376232598,0.00416658444862426,0.00279303508285529,0.00143905317486952,0,0,0.0522942101615805,0.179923296531705,0.0224878400887509,0,0,0.210668388389628,0.581153465314827,0.00489619865274266,0.818108899153037,0.0407276663001332,0.338642450547743,0.0674485207396271,103.651314202006,0.244158564936562,0.000480995979241228,0.305623629518505,0.015091206870323,0.00149461296928022,0.00713386954472901,0.00137840872634736,0.00344921260011993,0,0,0,0,0,0,0,0,0,0,0,0,0,0.000820650649591568,0,0,0,0,0,0,0,0,0,0,0,0,2.65889453073742e-05,0,0,0,0,0,0,0,0.000536754831922621,0.000286485100484798,0.531868089106685,0.583039708022857,0.000217113755197548,0.00285228056892242
0.00972389917176922,0.0218788233640838,0.171603076632957,0,0,0.0380044999031295,0.415803258137635,0.000927371809128844,0.386784355322799,0.012593986289054,0.00685863333327593,0.0259780713396585,0,0.00078233738818978,0.0121181250423412,0,0.020337007646121,0,0.00448841316419047,0,29.2564840499981,1.27128792753691,32.4661922405481,0.875890865700128,0.00145158307096379,0.00934837202566802,5.11941785006979,3.18416143237279,0.0150329849411962,0.433558627650556,0,0,0,0.172075841222476,0,0.394060972268674,0.674683580235972,0.032991067733203,0.0116773030787178,0.0368944401382749,0,0,0,0,0,0,0,0,0,0,0,0,0,0,0,0,0,0,0,0,0,0,0,0,0,0,0,0,0,0,0,0,0,0,0,0,0,0,0,0,0,0,0,0,0.232477066155607,0,0,0
0,0.0837320671263346,0.560945322787923,0,0,0.00268141279915618,0.0520392101287078,0,0.0299593478650662,0.00198916474511764,0.137200182675447,0.000842177906015943,0.00173041363371621,0,2.15534155213336e-05,0.020337007646121,0,0.0253035559512151,25.7774652157571,0,0.461783677264808,0.205438812162284,9.10519742280973,0.011877158986631,0.015187766351906,4.41250786181713,0.128547691938575,0.179676765057706,0.00128335578428835,0.236196756716159,0,0,0.00217897814041404,1.15946310709875,0,2.62590260915427,0.718532249683441,0.350286082975432,0.0663962201242033,0.0183744011596858,0.000112936638747986,0.00283353647690332,0,0,0,0,0,0,0,0,0,0,0,0,0,0,0,0,0,0,0,0,0,0,0,0,0,0,0,0,0,0,0,0.00180243286168004,0,0,0,0,0,0,0,0,0,0,1.20071796891912,0,0,0
0,0.0370019132937563,0.0261712693869391,0,0,0,0,0,0.0128296584178868,0,9.76435869712911,0,0.003885698868549,0,0,0,0.0253035559512151,0,24.5321372235465,0,0,0.0421939306535546,0.00132424953264668,0.000472421021999996,0.0048913931479618,3.61014742735773,0.0547525480603242,0.000999354857924434,0,0,0,0,0,0.0519853731839466,0,0.00903475052056532,0.074809581414665,0.0559392621298605,0.0152444377021657,0,0,0,0,0,0,0,0,0,0,0,0,0,0,0,0,0,0,0,0,0,0,0,0,0,0,0,0,0,0,0,0,0,0,0,0,0,0,0,0,0,0,0,0,0,0.00410731402693954,0,0,0
0,0.101074318452871,0.248927692068888,0,0,0,0.00499414058566538,0,0.0652100972692374,0,3.60172804548546,0,0.0119675330752854,0,0,0.00448841316419047,25.7774652157571,24.5321372235465,0,0,0.0156186392960364,0.249247601153917,0.0965061312283642,0.00475027753690496,0.0421044578222839,15.4353565378376,0.208331633388234,0.0208679941974271,0,0.00554401544613146,0,0,0,0.386147546397745,0,0.237924961216526,0.406215395568984,0.298759589992567,0.0421337233665664,0.000287177373332996,0,0.00270048963004532,0,0,0,0,0,0,0,0,0,0,0,0,0,0,0,0,0,0,0,0,0,0,0,0,0,0,0,0,0,0,0,0,0,0,0,0,0,0,0,0,0,0,0.119895293966624,0,0,0
0,0,0,84.5270428741248,0,1.73309670518085,0.46671522671393,0,0.00341021564185609,19.0258076461674,0,45.3977318455016,0,0,0,0,0,0,0,0,0,0,0,3.38807800191391,0,0,0,12.8312821270759,0,0.000132463541759532,0,0,0,0,0,5.11394662200957e-05,0,0,0,0,0,0,0,0,0,0,0,0,0,0,0,0,0,0,0,0,0,0,0,0,0,0,0,0,0,0,0,0,0,0,0,0,0,0,0,0,0,0,0,0,0,0,0,0,0,0,0,0
0.0036079225451306,0.0123204064727241,0.185985117025713,0.000689797392922186,0,0.0245647858977828,0.66989148594529,0.000588770805828077,0.306838327020906,0.0231974637826346,0.00925373585058699,0.0194092755699881,0,0,0.00739274578533049,29.2564840499981,0.461783677264808,0,0.0156186392960364,0,0,0.690013760284484,13.1272772749327,1.14920556810021,0.00164841288963712,0.0158273212162377,0.248474276108093,5.22545561163788,0.016349477025496,16.0140071948254,0,0,0.0018029876217036,0.835353770030663,0,0.466270334488929,1.00753117554126,0.0386719529203805,0.00663660315203124,0.0288875074957148,8.3626134134443e-05,0.000734547209712173,0,0,0,0,0,0,0,0,0,0,0,0,0,0,0,0,0,0,0,0,0,0,0,0,0,0,0,0,0,0,0,0,0,0,0,0,0,0,0,0,0,0,0.167602533386067,0,0,0
0,11.0643872262038,5.1911791025393,0.000579506660593955,0,0.00534902350503293,0.0607303470831846,0.000581331847613206,13.6238128747041,0.00713854534606463,1.70963400810352,0.00683350474162942,0.0810906813012999,0,0.0025910376232598,1.27128792753691,0.205438812162284,0.0421939306535546,0.249247601153917,0,0.690013760284484,0,4.00073987978347,5.89280431695071,2.34267961406702,1.20922366340841,2.03478619394309,1.4442661009305,0.00183340544291687,0.0731640982509258,0,0,0.00241981495728428,1.22985651091715,0,0.932636267443025,4.43673429005988,1.32148460993736,0.223128230931758,0.0142404764486508,0.00159801256430636,0.021128970807018,0.00874991186309453,0.0154585466940933,0.00276365627509622,0.000632397937498516,0.00105702217307491,0,0,0,0.663151928873107,0.00256114993419546,0,0,0,0,0,0.00633538809325317,0,0,0,0,0,0,0.0024544122490236,0.00191175599750705,0,0.00095074835672303,0,0,0.0980011774055619,0.00228394494215457,0,0.0113982268497878,0.0379353082898809,0.0201253708000896,0,0,0,0,0,0,0.00307048883418981,0,0.552789562059215,0.00883718164725822,0,0
0.00296271049930366,0.131898189395878,5.01872966932296,0.000447330110877276,0,0.0372685240440145,0.443044832210204,0.00216132631399308,0.961640084299688,0.0276480916966214,0.0663697440384053,0.0241787112197245,0.00100467067435518,0.000638411312768031,0.00416658444862426,32.4661922405481,9.10519742280973,0.00132424953264668,0.0965061312283642,0,13.1272772749327,4.00073987978347,0,0.948705371481664,0.00932680020521337,0.174397828147161,7.73355941747694,2.69123330026331,0.0129249354967165,3.56207616575749,0,0,0.0017307662207724,2.4774412565498,0,3.64140365276947,3.05684794778443,0.318437082289847,0.0564334502899933,0.0450981245900008,0.00183733282656472,0.00384831003836732,0,0,0,0,0,1.68234698199236e-05,0,0,0,0,0,0,0,0,0,0,0,0,0,0,0,0,0,0,0,0,0,0,0,0,0,0,0,0,0,0,0,0,0,0,0,0,1.21064848963884,0,0,0
0.00178316914349039,0.0207239816031538,0.203820608553724,3.41203161076612,0,1.16844449889415,0.939126263351712,0.00179160976103017,14.8702960598666,0.603213621445063,0.0142487119036122,1.33982368107155,0.000303337260279387,0,0.00279303508285529,0.875890865700128,0.011877158986631,0.000472421021999996,0.00475027753690496,3.38807800191391,1.14920556810021,5.89280431695071,0.948705371481664,0,0.0040923290150751,0.0191185303774533,0.124353297576668,43.9637493413855,0.00400986189275812,0.0944077933871518,0,0,0,0.098642598897062,0,0.340787384888493,1.45385336134309,0.0505072176790741,0.00755099271444853,0.0164319553233631,0,0.00186808957508237,0,0,0,0,0,0,0,0,0,0,0,0,0,0,0,0,0,0,0,0,0,0,0,0,0,0,0,0,0,0,0,0,0,0,0,0,0,0,0,0,0,0,0.119879943627344,0,0,0
0,5.7533251839948,0.172413889520683,0,0,0.00102361362654402,0.000646125660799156,0,1.73773990973651,0,5.98653066651368,0,14.7077021349399,0,0.00143905317486952,0.00145158307096379,0.015187766351906,0.0048913931479618,0.0421044578222839,0,0.00164841288963712,2.34267961406702,0.00932680020521337,0.0040923290150751,0,1.10530852787466,2.24680217639669,0.00691913002929319,0,0,0.0119654968908025,0,0,0.119176594468167,0,0.0336331889571552,7.86522294526733,0.165956693929658,0.0260513058326372,0,0,3.08646834369082,0,0.0181336461542415,0,0,0,0,0.0226249578820356,0,0.121627327374007,0,0,0,0,0,0,0.357084913476413,0,0,0,0.0201511514618691,0,0,0,0,0,0,0,0,0.211958820609903,0,0,0.791632802055082,0.00025894498616414,0.000591718367370316,0,0,0,0,0,0,0,0,0.0164187123547584,0,0,0
0,2.32279180650407,3.83021833263669,0.000354913622592903,0,0.000416263317393818,0.00538125011247401,0,0.198030762491816,0.00023060490146582,7.06851616191503,0.00036575281270881,3.23280992132275,0,0,0.00934837202566802,4.41250786181713,3.61014742735773,15.4353565378376,0,0.0158273212162377,1.20922366340841,0.174397828147161,0.0191185303774533,1.10530852787466,0,17.1697569579284,0.036314789267447,0.00094649256450334,0.00904371397935498,1.21670091834552,0,0,0.792339401496143,0,0.253518501595738,0.805843031862233,0.520063831688558,0.0542114832904779,0.00113136792570024,0.000641213394593504,0.00545984376005012,0,0,0,0,0,0,0,0,0,0,0,0,0,0,0,0.00395623379545269,0,0,0,0,0,0,0,0,0,0,0,0,0.00460821065116849,0,0,0.000918000726823465,0,0,0,0,0,0,0,0,0,0,0.0733735985427297,0,0,0
0.000992584239999199,4.32671662225428,13.513452001725,0,0,0.00432471316284311,0.0465288852568149,0.000217915155912244,0.436911675323857,0.00331549411485134,3.09049467565924,0.00159070158170576,1.25374779242313,0,0,5.11941785006979,0.128547691938575,0.0547525480603242,0.208331633388234,0,0.248474276108093,2.03478619394309,7.73355941747694,0.124353297576668,2.24680217639669,17.1697569579284,0,0.235571720371218,0.00122501380163076,0.0752614379502228,1.29610721445997,0,0.00100944013695064,0.45382747428676,0,0.231454800937567,0.708749674232259,0.344017279710942,0.0371423633884252,0.00274500799208965,0.00151827043344561,0.0016390408220929,0,0.000608819709233439,0,0,0,0,0.00131127893646105,0,0,0,0,0,0,0,0,0.011752172444073,0,0,0,0.00162772044214964,0,0,0,0,0,0,0,0,0.00993015439098714,0,0,0.00437130429702715,0,0,0,0,0,0,0,0,0,0,0.0577804900649935,0,0,0
0.0105118350675236,0.0359908214488954,0.376230058727549,12.3485949435919,0,5.67276678149677,6.43279020530342,0.0190714882717635,1.5978581453587,6.87363488846542,0.020362973045802,1.64682691213868,4.40369616782205e-05,0.00377983159798151,0.0522942101615805,3.18416143237279,0.179676765057706,0.000999354857924434,0.0208679941974271,12.8312821270759,5.22545561163788,1.4442661009305,2.69123330026331,43.9637493413855,0.00691913002929319,0.036314789267447,0.235571720371218,0,0.0450868542876963,4.57791007633599,0,0,0.0039098520796272,1.00456519153017,0,1.50890854541592,2.94485205320795,0.10858807559061,0.01354439635509,0.107202856209964,0,0.00280810751756216,0,0,0,0,0,0,0,0,0,0,0,0,0,0,0,0,0,0,0,0,0,0,0,0,0,0,0,0,0,0,0,0,0,0,0,0,0,0,0,0,0,0,0.404223585773145,0,0,0
25.9612617787224,0,0.000515681608998175,0,1.32741538603202,6.93670251534653,2.86270649517666,17.1169123869666,0.00142932666511171,0.00463250662530032,0.00151644792615289,0.0107713176780893,0,14.6480338591488,0.179923296531705,0.0150329849411962,0.00128335578428835,0,0,0,0.016349477025496,0.00183340544291687,0.0129249354967165,0.00400986189275812,0,0.00094649256450334,0.00122501380163076,0.0450868542876963,0,3.44540762098607,0,6.12632608858654,13.019179903578,2.81661094458546,0,0.715583389911388,0.023213790719296,0.24163711326734,0.0155790367395949,11.2775683566682,1.08589743847433,0,0,0,0,0,0,0,0,0,0,0,0,0,0,0,0,0,0,0,0,0,0,0,0,0,0,0,0,0,0,0,0,0,0,0,0,0,0,0,0,0,0,0,0.216683838232373,0,0,0
3.4193870987911,0.00411910827251394,0.0567445982913379,0,0,0.223424346130118,16.2738423132695,0.0372629893534247,0.0427024684231911,0.0500699394735284,0.00111993561726027,0.0230928288166264,0,0.0040189831213878,0.0224878400887509,0.433558627650556,0.236196756716159,0,0.00554401544613146,0.000132463541759532,16.0140071948254,0.0731640982509258,3.56207616575749,0.0944077933871518,0,0.00904371397935498,0.0752614379502228,4.57791007633599,3.44540762098607,0,0,0.00091724193603112,0.0553672384496605,1.3786773173051,0,1.21198028629699,0.490615855984196,0.0310843529593809,0.00576555166732661,0.911906360231505,0.0012860361327965,0.000751788082494834,0,0,0,0,0,0,0,0,0,0,0,0,0,0,0,0,0,0,0,0,0,0,0,0,0,0,0,0,0,0,0,0,0,0,0,0,0,0,0,0,0,0,0.391993694607162,0,0,0
0,0.00149433212049091,0.00123308969536329,0,0,0,0,0,0,0,1.84320103103586,0,14.9151115542423,0,0,0,0,0,0,0,0,0,0,0,0.0119654968908025,1.21670091834552,1.29610721445997,0,0,0,0,0,0,0.00152895189083119,0,0,0.00304281844807126,0,0,0,0,0,0,0,0,0,0,0,0,0,0,0,0,0,0,0,0,0,0,0,0,0,0,0,0,0,0,0,0,0,0,0,0,0,0,0,0,0,0,0,0,0,0,0,0,0,0,0
0.00256461995184154,0,0,0,13.1499939009581,3.10705179315275,0,1.83167966568555,0,0,0,0,0,0.757042854775714,0,0,0,0,0,0,0,0,0,0,0,0,0,0,6.12632608858654,0.00091724193603112,0,0,0.0409745161728517,1.01326535566326,0,0,0,0.0110989897204194,0,0.149367834438483,2.40215547704743,0,0,0,0,0,0,0,0,0,0,0,0,0,0,0,0,0,0,0,0,0,0,0,0,0,0,0,0,0,0,0,0,0,0,0,0,0,0,0,0,0,0,0,0,0,0,0
0.411103401654715,0,0,0,0.113750382856451,0.982824596053389,0.191965165764501,1.26327680136453,0.000424195959360968,0.00164820396728804,0.00175130416750657,0,0,0.162273780627913,0.210668388389628,0,0.00217897814041404,0,0,0,0.0018029876217036,0.00241981495728428,0.0017307662207724,0,0,0,0.00100944013695064,0.0039098520796272,13.019179903578,0.0553672384496605,0,0.0409745161728517,0,1.49846594048773,0,0.836439405091766,0.0328189649956844,0.178746645076871,0.035488398686438,6.06355155519154,0.310806642742628,0,0,0,0,0,0,0,0,0,0,0,0,0,0,0,0,0,0,0,0,0,0,0,0,0,0,0,0,0,0,0,0,0,0,0,0,0,0,0,0,0,0,0,0.742300562576863,0,0,0
0.0682689994822859,0.276089969108201,1.41330558779433,0,3.03025145061753,2.65630073286737,0.874176376885098,0.493732027990903,0.407936440336707,0.0150410049232692,6.31376700902006,0.0336811515302584,0.0272849704052113,0.0340652938447128,0.581153465314827,0.172075841222476,1.15946310709875,0.0519853731839466,0.386147546397745,0,0.835353770030663,1.22985651091715,2.4774412565498,0.098642598897062,0.119176594468167,0.792339401496143,0.45382747428676,1.00456519153017,2.81661094458546,1.3786773173051,0.00152895189083119,1.01326535566326,1.49846594048773,0,0.000109250929512057,19.1256937029869,7.86834567957279,49.5229466955634,4.60654315971029,22.3567557333139,5.91497681256169,0.088697103798673,0,0,0,0,0,0,0,0,0,0,0,0,0,0,0,0.00243944808628332,0,0,0,0,0,0,0,0,0,0,0,0,0.00195137284588349,0,0,0.000277317461286324,0,0,0,0,0,0,0,0,0,0,8.59633288897016,1.71254434796054e-05,0,0
0,0,0,0,0,0,0,0,1.36089369365464e-05,0,0,0,0.0020061080677077,0,0.00489619865274266,0,0,0,0,0,0,0,0,0,0,0,0,0,0,0,0,0,0,0.000109250929512057,0,0.198938408859811,0.00443349820592841,0.000283259667113297,0.00198416890334181,0.0247980364315708,0.000990880145419076,0.000125336867444003,0.892668389291534,0.0208032708406944,0.0102210496124217,0.0944727955545069,0.161960386026172,0.053650536035691,0.000142088435506203,0,0,0.000106128918219806,0,0,8.69868243553607e-05,0,1.7592684524422e-05,6.57957665444473e-06,0,8.62278207753553e-05,0,0.00524309543132222,0,0.000170957880669896,6.70817771281985e-06,5.22358688343503e-05,0,0,0,0,5.68897607867111e-05,2.69926905679782e-05,8.79161946767959e-06,0,7.94174000211812e-05,0,1.00170906101226e-05,0,0,0,0,0,0.00109057207342489,2.58509852264628,0.0402908532635362,0.500372318074073,0.031630388280208,1.42219667086563
0.0152406105851013,0.122124665686995,1.77019816525683,0.000197490374095562,0,0.120406898721715,1.43320535658231,0.00359410559879819,9.01288396391604,0.0300007416198613,0.129500541040125,1.66357095850456,4.99361208829466,0.00114001688388985,0.818108899153037,0.394060972268674,2.62590260915427,0.00903475052056532,0.237924961216526,5.11394662200957e-05,0.466270334488929,0.932636267443025,3.64140365276947,0.340787384888493,0.0336331889571552,0.253518501595738,0.231454800937567,1.50890854541592,0.715583389911388,1.21198028629699,0,0,0.836439405091766,19.1256937029869,0.198938408859811,0,21.8232238980068,59.2300459859642,55.7463197487365,25.8407676489919,6.35206141177742,1.68616323481332,0.512942493392901,0.0160388479652792,0.00563194281243271,0.0307224342148119,0.0267899606119019,0.0156297235457226,0.0109525454259468,0,0.00114181502259519,0,0,0,0,0,0,0.00185761451531874,0,0,0,0.169808262695838,0,0,0,0,0,0,0,0,0.00108178946958566,0,0,0,0.000145022943170269,1.84347642034066e-05,0,0,0,0,0,0,0.00148804865350345,0.0105266590897134,22.8639712530868,0.205053298295453,0.000853712565770923,0.00591200514732505
0.00682640616039046,0.564144621770157,2.0843594157603,0.00160700207534632,0.00608368387802349,0.0601582206988676,0.535230209632235,0.0027770185948901,5.83620042208254,0.0523705316251925,21.9899106703667,0.0622026424480153,9.72349413366988,0,0.0407276663001332,0.674683580235972,0.718532249683441,0.074809581414665,0.406215395568984,0,1.00753117554126,4.43673429005988,3.05684794778443,1.45385336134309,7.86522294526733,0.805843031862233,0.708749674232259,2.94485205320795,0.023213790719296,0.490615855984196,0.00304281844807126,0,0.0328189649956844,7.86834567957279,0.00443349820592841,21.8232238980068,0,40.2567518843343,13.9791287778909,0.867744709054239,0.877849300918927,9.00317360541402,0.00544973439310581,0,0.000158728210338101,0.000535308204212648,0.000333192583065179,0,0,0,0,0,0,0,0,0,0,0.0105808956747897,0,0,0,5.831857988746e-05,0,0,0,0,0,0,0,0,0.00317643994530784,0,0,0.109926587809182,0,0,0,0,0,0,0,0,0,0.000383243568601942,12.2940666125556,0.0014251161283244,0,0
0.0119748463319401,0.311279338479548,0.926859230702253,0,0.0556665222493871,0.326475978607686,0.0450754694165603,0.0556722102315669,0.347577748586918,0.00165769427827477,9.70906848647594,0.00760611571669426,0.638667911971162,0,0.338642450547743,0.032991067733203,0.350286082975432,0.0559392621298605,0.298759589992567,0,0.0386719529203805,1.32148460993736,0.318437082289847,0.0505072176790741,0.165956693929658,0.520063831688558,0.344017279710942,0.10858807559061,0.24163711326734,0.0310843529593809,0,0.0110989897204194,0.178746645076871,49.5229466955634,0.000283259667113297,59.2300459859642,40.2567518843343,0,4.80299053324613,12.0066701988049,13.7820236924659,2.24851818015731,0.00172015968569923,3.07531478610124e-05,0,0.000143646776842413,0,0,0,0,0,0,0,0,0,0,0,0,0,0,0,0,0,0,0,0,0,0,0,0,0.00130175352738501,0,0,0.00106468425895567,0,0,0,0,0,0,0,0,0,0,29.4129389923001,0.000857877253054656,0,0
0,0.0626288501958628,0.162577107694257,0,0,0.000921573675166772,0.00772977375432287,0,0.053249048070025,0,0.406104984397819,0.00138203435338713,0.750912674553469,0,0.0674485207396271,0.0116773030787178,0.0663962201242033,0.0152444377021657,0.0421337233665664,0,0.00663660315203124,0.223128230931758,0.0564334502899933,0.00755099271444853,0.0260513058326372,0.0542114832904779,0.0371423633884252,0.01354439635509,0.0155790367395949,0.00576555166732661,0,0,0.035488398686438,4.60654315971029,0.00198416890334181,55.7463197487365,13.9791287778909,4.80299053324613,0,1.91100199445675,2.95988288572457,2.59435201680337,0.0103376420548852,0.000310845767432295,0,0.000436469505242429,0.000420094800658436,0,0,0,0,0,0,0,0,0,0,0.00322835624398404,0,0,0,0.0051978496838198,0,0,0,0,0,0,0,0,0,0,0,0,0,0,0,0,0,0,0,0,0,0.000201193923216001,36.9224009840966,0.0133767077111328,0,0
5.04315648193829,0.000552788672360662,0.0161229839364481,0,34.7588049557713,21.6285755595828,6.31179677956471,0.597387249021489,2.17223025607975,0.0857774151815828,0.00641623643162458,2.83523175848987,0.207102951238599,0.168985269828165,103.651314202006,0.0368944401382749,0.0183744011596858,0,0.000287177373332996,0,0.0288875074957148,0.0142404764486508,0.0450981245900008,0.0164319553233631,0,0.00113136792570024,0.00274500799208965,0.107202856209964,11.2775683566682,0.911906360231505,0,0.149367834438483,6.06355155519154,22.3567557333139,0.0247980364315708,25.8407676489919,0.867744709054239,12.0066701988049,1.91100199445675,0,4.77199198574728,0.0934876521822835,0.561397003585137,0.0251790730946053,0.00176774348065584,0.00762673077200803,0.00533103315933522,0.00131415184243158,5.22716741851396e-05,0,0,1.73207677465997e-05,0,0,0,0,0,0,0,0,0,0.00186038365114187,0,0,0,0,0,6.58737529651773e-05,0,0,0,0,0,0,3.41531720863177e-05,0,0,0,0,0,0,0,0.000353505248191585,0.00185393762798029,11.2303345676903,0.683824259958013,0.000298244261289287,0.00566355414862711
0.0321485828359841,0.0040733958490001,0.0049681786564316,0,19.0526995318449,1.75159453363579,0.00791625432374814,0.599331776119053,0.00147684731236601,0,0.0233793058502597,0,0.492975279331216,0.0616013419050105,0.244158564936562,0,0.000112936638747986,0,0,0,8.3626134134443e-05,0.00159801256430636,0.00183733282656472,0,0,0.000641213394593504,0.00151827043344561,0,1.08589743847433,0.0012860361327965,0,2.40215547704743,0.310806642742628,5.91497681256169,0.000990880145419076,6.35206141177742,0.877849300918927,13.7820236924659,2.95988288572457,4.77199198574728,0,0.088524817753369,0.0182544865024656,0.000706109886300836,0,0.000395715168449067,2.64213455194386e-05,0,0,0,0,0,0,0,0,0,0,0,0,0,0,0,0,0,0,0,0,0,0,0,0,0,0,0,0,0,0,0,0,0,0,0,0,5.29371931001069e-05,3.16940514507956,0.0322679433914879,0,0.000183340876437161
0,0.00530334611081154,0.00882922851660032,0,0,0,0.00170363134223608,0,0.00318750954076888,0,4.55312574621383,0,11.0172982448251,0,0.000480995979241228,0,0.00283353647690332,0,0.00270048963004532,0,0.000734547209712173,0.021128970807018,0.00384831003836732,0.00186808957508237,3.08646834369082,0.00545984376005012,0.0016390408220929,0.00280810751756216,0,0.000751788082494834,0,0,0,0.088697103798673,0.000125336867444003,1.68616323481332,9.00317360541402,2.24851818015731,2.59435201680337,0.0934876521822835,0.088524817753369,0,0.0363250601309371,0.00214457821999064,0,0.000221008779657188,0,0,0.0105885054675563,0,0,0,0,0,0,0,0,0,0,0,0,0.0218847422467678,0,0,0,0,0,0,0,0,0,0,0,0,0,0,0,0,0,0,0,0,0,2.02434665386889e-05,1.30502773090863,0.031021875128239,0,0.00099817944950914
0,0,0,0,0,0,0,0,0.0772142555663839,0,0,0,0.130263433469327,0,0.305623629518505,0,0,0,0,0,0,0.00874991186309453,0,0,0,0,0,0,0,0,0,0,0,0,0.892668389291534,0.512942493392901,0.00544973439310581,0.00172015968569923,0.0103376420548852,0.561397003585137,0.0182544865024656,0.0363250601309371,0,32.2878126400379,31.7450328262828,47.0714278337795,16.7347829231716,4.44166579088111,0.919082797990256,0.00105490858401613,0.117455428884617,1.30571626742793,0,0,0.305594402803782,0.148020820513418,0.205862480806536,12.6879960336425,0.096198738822271,0.0963686515630804,0.0585760063670554,1.34767079861098,0.0643671434105368,2.00906829649165,0.25237266903068,0.589387278702624,0.00252670705479192,0.251218836688704,0,0.0227789833912471,1.21510845101483,0.189319323057498,5.01064029107478,0.0135547667206877,1.59280021760711,0.16860857950642,0.118135668126113,0.00294153170938264,0.0282398022103512,0,0,0.011604110133138,12.6302795358564,0.378298559331893,0.0415842427091507,34.5513234041834,0.00286650290396164,0.0300188310215431
0,0,0,0,0,0,0,0,0.0582477429435749,0,0,0,0.00818268249004088,0,0.015091206870323,0,0,0,0,0,0,0.0154585466940933,0,0,0.0181336461542415,0,0.000608819709233439,0,0,0,0,0,0,0,0.0208032708406944,0.0160388479652792,0,3.07531478610124e-05,0.000310845767432295,0.0251790730946053,0.000706109886300836,0.00214457821999064,32.2878126400379,0,13.009875921122,9.86813217193163,2.41844647360945,0.163303400441272,8.79456657808399,0.00409893122546151,0.446408845377557,1.49025318660934,0,0,0.456045508449558,1.0260972330839,0.267728063186564,0.262914037570994,0.154287796078724,10.1537690734119,0.0137921739495111,8.31173021880026,0.142084217896718,0.00103012302604816,0.590310693102347,0.343576716898139,0.0471965337043312,1.06485771514721,0,0.0469216145505087,6.44769675828068,0.466434783040778,0.137667842882503,12.4864389776836,7.50201695490243,2.89278771765878,0.426076544318585,0.017204105071174,0.316730348241056,0.00168050679218795,0,0.0747031050138444,13.6503006430635,0.00880896944858716,0.0011520517755099,35.9888347838008,0,0.000535529340024967
0,0,0,0,0,0,0,0,0.00176487393862684,0,0,0,9.79392679432595e-05,0,0.00149461296928022,0,0,0,0,0,0,0.00276365627509622,0,0,0,0,0,0,0,0,0,0,0,0,0.0102210496124217,0.00563194281243271,0.000158728210338101,0,0,0.00176774348065584,0,0,31.7450328262828,13.009875921122,0,10.1119434345772,8.45452138317864,3.80304845393086,1.64482348846988,0.00180340581801748,0.0306085395253129,0.306164797590844,0,0.00239786616983176,0.233197268225265,0.0553100009490554,0.0717930976164499,0.0220967679188452,0.0125957544408528,27.6704491550391,0.00135514372599796,0.955447791236079,0.0188228594801237,0.00502700045190258,0.0564660765084286,0.107699951192627,0.0751688195313702,0.622766104038258,0,0.00537384946088848,0.339048920641618,0.0615595931478485,0.0150257365816413,0.0363984310243457,1.92669506539031,0.252627158360373,0.024066556202341,0.00827657379154216,0.00693560409548849,0,0.00880128870259471,0.0224491596289764,31.1548376112893,0.00576025256282274,0.000740485700634227,32.2194955815991,0,0.0013213936495646
0,0,0,0,0,0,0,0,0.00493826401358889,0,0,0,0.00305163664238058,0,0.00713386954472901,0,0,0,0,0,0,0.000632397937498516,0,0,0,0,0,0,0,0,0,0,0,0,0.0944727955545069,0.0307224342148119,0.000535308204212648,0.000143646776842413,0.000436469505242429,0.00762673077200803,0.000395715168449067,0.000221008779657188,47.0714278337795,9.86813217193163,10.1119434345772,0,5.08597388088576,3.70367416169514,3.49033532233421,0,0.0202203512013557,0.223010797501326,0,0,0.0195179516939505,0.00795638506863044,0.0183639915260377,0.0300699898089155,0.00591595280940553,1.54546941937025,0.00233241455619559,1.9224526383766,0.00664806191390905,0.325794852838078,0.0134570640760105,0.123292367069369,0.015186566097785,0.326134491730586,0,0.00136779530048933,0.314929367149295,0.0239998027253489,0.0190895169527003,0.0263610463059372,0.628201908940877,0.097619472669391,0.00974482565668623,0,0.00295163474119325,0,0,0.00129587864568721,4.54517994339978,0.0357258171940691,0.0195122249598457,58.572018580503,0.0108514263145653,0.0572815436412375
0,0,0,0,0,0,0,0,0,0,0,0,0.000772398790015415,0,0.00137840872634736,0,0,0,0,0,0,0.00105702217307491,0,0,0,0,0,0,0,0,0,0,0,0,0.161960386026172,0.0267899606119019,0.000333192583065179,0,0.000420094800658436,0.00533103315933522,2.64213455194386e-05,0,16.7347829231716,2.41844647360945,8.45452138317864,5.08597388088576,0,8.21240044897156,0.0286917159271859,0.00570053217352162,0.0050417181197665,0.0194592535114349,0,29.4237943778293,33.2760429951605,0.539933456971581,1.56331567011544,4.41146867385899,0.256329921948055,0.0349994737008369,5.61591847730509,0.104614316561995,0.277146468154099,75.1070382376499,0.16609003795129,0.00474218641164161,0,0.000201708703419859,0.00712805122755666,0.00372507354547409,0.104462109805189,0.0454457442884904,3.56602877801056,0,0.00691279766722814,0.0105611864959492,0.132922113453324,0.0328062714513523,0.0329431742047261,0,0.0242646104640313,0.627209536764695,8.60559213534472,0.200908264531715,0.0101584061621622,9.89973793223395,0.0307269761967511,0.0209505287744506
0,0,0,0,0,0,0,0,0,0,0,0,2.68947097719849e-05,0,0.00344921260011993,0,0,0,0,0,0,0,1.68234698199236e-05,0,0,0,0,0,0,0,0,0,0,0,0.053650536035691,0.0156297235457226,0,0,0,0.00131415184243158,0,0,4.44166579088111,0.163303400441272,3.80304845393086,3.70367416169514,8.21240044897156,0,0.0334220273042203,0,0,0.00177989887054686,0,19.9929136532553,8.81781278270153,0,2.45986233770743,0,0,0.0140876080332687,0,0.438059916504898,0.143042256089208,0.077831310611767,0.00239545555301834,0.0015654366500372,0,0,0,0,0.000432583168248309,0,0.0020490359211738,0,0.000999327117098303,0,0,0.223803686907631,0,0,4.10748695392029,0.0149531938471108,2.45573592811616,0.0304812648522414,0.00253131265725515,5.04643816936683,0.00300685250239243,0.029776945264542
0,0.0031475606081649,0,0,0,0,0,0,0,0,0,0,0.00708533727022797,0,0,0,0,0,0,0,0,0,0,0,0.0226249578820356,0,0.00131127893646105,0,0,0,0,0,0,0,0.000142088435506203,0.0109525454259468,0,0,0,5.22716741851396e-05,0,0.0105885054675563,0.919082797990256,8.79456657808399,1.64482348846988,3.49033532233421,0.0286917159271859,0.0334220273042203,0,0,0,0.0370849307660376,0,0,0,0,0,0.00514771937015958,0,6.23535178025483,0,12.5346609879089,0,0,0.000462774676057622,0.0169398851781127,0.00367361505065666,0.0333738414042234,0,0,0.0397163845245866,0.000474660538762571,0,13.1483379276383,0.253112777131656,0.0753250579527639,0,0,0,0.00959412759912175,0,0,0.240189757897087,7.66951259692705e-05,0.000857455437401287,0.978334607182349,0,0.00030036944647192
0,0,0,0,0,0,0,0,0,0,0,0,0,0,0,0,0,0,0,0,0,0,0,0,0,0,0,0,0,0,0,0,0,0,0,0,0,0,0,0,0,0,0.00105490858401613,0.00409893122546151,0.00180340581801748,0,0.00570053217352162,0,0,0,0,0,0,0,0.0483868908163478,1.92670221911197,0.148576914222657,0,0,0,0,0,16.0379905223171,0,0,0,0,0,0,0,0,0,0,0,0,0,0.00321067368427186,30.4864766261206,3.56532239596125,0,0,1.94626749416076,0.0475419975530645,0,0,0,0,0
0,0.392399408431387,0,0,0,0,0,0,0.49122345784471,0,0,0,0,0,0,0,0,0,0,0,0,0.663151928873107,0,0,0.121627327374007,0,0,0,0,0,0,0,0,0,0,0.00114181502259519,0,0,0,0,0,0,0.117455428884617,0.446408845377557,0.0306085395253129,0.0202203512013557,0.0050417181197665,0,0,0,0,1.72629890041238,0,0,0.000943286114240396,0.0243666147976532,0.00207543110659032,0.946667243938042,0.00615295739885197,0.0201142660483124,0,0.0482774353427217,0.00174859072437528,0,0.238877930786301,0.0686857018123614,0,0.100575030456663,0,0.0114883158354496,16.2020083352892,0.230205529697819,0.00842754033599755,3.89323441595081,1.1685523868385,1.40366240596447,0.0401220440225881,0,0.0242554400849209,0,0,0,0.341090803013947,0,0,0.17138977920555,0,0
0,0,0,0,0,0,0,0,0.0091207643698077,0,0,0,0,0,0,0,0,0,0,0,0,0.00256114993419546,0,0,0,0,0,0,0,0,0,0,0,0,0.000106128918219806,0,0,0,0,1.73207677465997e-05,0,0,1.30571626742793,1.49025318660934,0.306164797590844,0.223010797501326,0.0194592535114349,0.00177989887054686,0.0370849307660376,0,1.72629890041238,0,0,0,0.0348955432729427,0.068346544959193,0.0110587183871224,0.0910169256378029,0.0294716455370378,0.0334604966166644,0.00144622416983702,0.0138989457911783,0.00170087589837965,0,1.27682899057605,0.906890331158467,0.00207501268430679,0.253393329885094,0,0.440169492355148,3.76075169451287,7.74154437138826,0.0304131101067004,0.0235475589284473,10.1548343522317,15.6482411672167,0.357000723335776,0,0.192208470538796,0,0,0.000723754840986718,3.96351054422202,1.56502803873036e-05,0,1.09443296402843,0,0
0,0,0,0,0,0,0,0,0,0,0,0,0,0,0,0,0,0,0,0,0,0,0,0,0,0,0,0,0,0,0,0,0,0,0,0,0,0,0,0,0,0,0,0,0,0,0,0,0,0,0,0,0,0,0.00126972975592454,0.00223770867633746,0,0,12.4975392724827,0,0.285815222691086,0,0,0,0,0,0,0,73.0010885274773,0,0,0,1.84418944998379,0,0,0,16.8728664167932,0,0,0,0,0,0,0,0,0,0,0
