0,0,0,0,0,8.146067297934,1.63022232333148,4.41003566498322,0,0.00143613856700966,0,0.0103144888815626,0,16.3845790454461,0.0483850426316929,0.000642688251496971,0,0,0,0,0,0,0.00214084509202729,0.00451132859472674,0,0,0,0.00988489209259965,20.1450536622284,3.11771002671026,0,0,0.0648284112397439,0.0513214389855821,0,0.0109884077146692,0.00445102943173988,0.00907047818640844,0,0.0460681064933152,0,0,0,0,0,0,0,0,0,0,0,0,0,0,0,0,0,0,0,0,0,0,0,0,0,0,0,0,0,0,0,0,0,0,0,0,0,0,0,0,0,0,0,0,0,0,0,0
0,0,2.55021155574596,0,0,0,6.5691817427993e-05,0,0.123194528708418,0,0.174529234438141,0,0.0485199811556784,0,0,0.00532776715011457,0.272366509293479,0.00289056292508305,0.133070188254768,0,0.00547340431003522,8.15045232845328,0.0755633473894801,0.00650327663164555,11.2198178113555,0.490705467061038,1.07840401091562,0.00412485850732613,0,0.00516718707669149,0,0,0,0.413826934961979,0,0.0343903409961371,0.373604290844637,0.0414730214268756,0.0217761432439194,0,0,0,0,0,0,0,0,0,0,0,0.434072909273737,0,0,0,0,0,0,0,0,0,0,0,0,0,0,0,0,0,0,0,2.32794261810966,0,0,0.0286975679664803,0,0,0,0,0,0,0,0,0,0,0.0603759814788354,0,0.00092445714629464,0
0,2.55021155574596,0,0,0,0,0.00440883679081936,0,1.85666458163232,0.00131396560316781,0.0730949425649998,0,0.00736798918879415,0,0,0.163516954302981,3.37124240399654,0.00170874504825469,0.286564984416617,0,0.253098891398373,8.28174189447983,8.99215904621607,0.202052986274071,0.0631648007656731,8.13566617773398,8.67390718733672,0.122108050605269,0.00146190497718802,0.324211049963647,0,0,0.000420117251441789,5.6874242336628,0,3.45867544100477,7.16285770456545,0.740736571268609,0.161761057239246,0.00166363266526474,0.00127170984751035,0.00579170061415372,3.85949369623127e-05,0,0,0,0,0,0,0,0,0,0,0,0,0,0,0,0,0,0,0,0,0,0,0,0,0,0,0,0.0141246337386203,0,0,0,0,0,0,0,0,0,0,0,0,0,2.4014788722756,0,0.111415716340966,0
0,0,0,0,0,0.0595211583407163,0.234733738652161,0.00401362185488686,0,4.96602967421699,0,3.02002158301282,0,0.0029650775755119,0,0,0,0,0,121.843413724652,0,0,0,2.04170945699793,0,0,0,16.6650887566445,0,0,0,0,0,0,0,0,0.00019235783022288,0,0,0,0,0,0,0,0,0,0,0,0,0,0,0,0,0,0,0,0,0,0,0,0,0,0,0,0,0,0,0,0,0,0,0,0,0,0,0,0,0,0,0,0,0,0,0,0,0,0,0
0,0,0,0,0,5.32262338303467,0,0.507724011913461,0,0,0,0,0.00095507888311068,0.339872732946471,4.50038149917001,0,0,0,0,0,0,0,0,0,0,0,0,0,2.4960090370097,0,0,11.9123125964741,0.00267447311889132,1.74634467471733,0.0836647001144215,0.0459386539744097,0.00445439344646435,0.01357051618299,0,34.8389962459697,14.7474173313611,0,0.62522521615775,0.00340493282904464,0.0120584073749554,0.0511372045076965,0.243913778770504,0.0914057989642671,0.00267807534446317,0,0,0,0,0.119061294909111,0,0,0,0,0,0.000222260932118863,0,0.0133633412091223,0,0.0125690616915697,0,0,0,0,0,0,0,0,0,0,4.41144198652841e-05,0,0,0,0,0,0,0,0.00204394491986081,0.0406537203813752,0.0376974152039472,1.01035593832035,0.00235823121313382,0.0461312429694188
8.146067297934,0,0,0.0595211583407163,5.32262338303467,0,3.58834362445136,7.38733641664141,0.00159746408666694,10.3813400326242,0,13.0639425427194,0,6.35665114114681,4.25341484861371,0,0,0,0,0.731604642501458,0.000909743733868127,0,0,0.283600918436456,0,0,0,0.334870115865604,12.045587577892,0.192072432454635,0,1.57819630417936,0.400209056349285,4.15956562802847,0,0.0172927574970725,0.000944100806225376,0.83222870851669,0.0687584574921809,9.44409411840997,2.17948079910822,0,0,0,0,0,0,0,0,0,0,0,0,0,0,0,0,0,0,0,0,0,0,0,0,0,0,0,0,0,0,0,0,0,0,0,0,0,0,0,0,0,0,0,0.00265788860252594,0,0,0
1.63022232333148,6.5691817427993e-05,0.00440883679081936,0.234733738652161,0,3.58834362445136,0,3.07269213079658,0.0096358005424038,7.40120750716848,0,0.369983890078945,0,4.19733584912531,0.00182580485443723,0.139701455481863,0.00127467697341808,0,0,0.270307468092975,0.174749640740619,0.0197639546567574,0.102169768972896,4.81089524034669,0,0.000630976260828652,0.00166056367436866,12.3245413148237,0.99303308408042,10.825135719446,0,0,0.0437486604169838,0.297124884254318,0,0.0198823183358574,0.133009348589408,0.00510277663349807,0.000977992226670478,0.0204421118565951,0,0,0,0,0,0,0,0,0,0,0,0,0,0,0,0,0,0,0,0,0,0,0,0,0,0,0,0,0,0,0,0,0,0,0,0,0,0,0,0,0,0,0,0,0.00641051013372771,7.48405792747177e-05,0.000205367673545891,0
4.41003566498322,0,0,0.00401362185488686,0.507724011913461,7.38733641664141,3.07269213079658,0,0,0.991831963553653,0,0.012549102441981,0,34.2321953519733,0.00622538540632885,0.00127801850543473,0,0,0,0.00260247324390304,0.00090493890905971,0,0.000304266992577372,0.147286152382926,0,0,0,0.191810989948591,11.3131662102018,0.0336292348796098,0,1.20758006857228,0.263594627893382,0.797314720124431,0,0,0.0012106137525927,0.178814491208252,0,0.0180199101491994,0.48060166716591,0,0,0,0,0,0,0,0,0,0,0,0,0,0,0,0,0,0,0,0,0,0,0,0,0,0,0,0,0,0,0,0,0,0,0,0,0,0,0,0,0,0,0,0,0,0,0
0,0.123194528708418,1.85666458163232,0,0,0.00159746408666694,0.0096358005424038,0,0,0,0.0110527836208395,2.21479702025379,0,0,2.00597644959664,0.658085319275588,0.133338604301292,0,0.0375865341452567,0,0.340920849214799,15.8204243659417,1.06498888938763,5.76052968614671,0.000736440172734346,0.254671786299896,0.334955992645476,0.205505834198498,0.00187454857941721,0.118137026994209,0,0,0.00177266929283999,0.432695242318846,0,3.5719955618979,4.89599080936203,0.0242580736527763,0.00779501599320246,2.02706706822992,0.00228514257012158,0,0,0,0,0,0,0,0,0,0,0,0,0,0,0,0,0.081823079603168,0,0,0,0,0,0,0,0,0,0,0,0,0.00290083280500464,0,0,0,0,0,0,0,0,0,0,0,0,0,0.27629287569337,0,0.00613078685242892,0
0.00143613856700966,0,0.00131396560316781,4.96602967421699,0,10.3813400326242,7.40120750716848,0.991831963553653,0,0,0,10.4279391276558,0,0.286568926163487,0.00609561395203663,0,0,0,0,30.5156494007072,0.000465955450544096,0,0,0.400191655612154,0,0,0,4.62838030883576,0,0.00331711293104351,0,0,0,0,0,0.00284136239444327,0.000399620413568679,0,0,0.00257085558097912,0,0,0,0,0,0,0,0,0,0,0,0,0,0,0,0,0,0,0,0,0,0,0,0,0,0,0,0,0,0,0,0,0,0,0,0,0,0,0,0,0,0,0,0,0,0,0,0
0,0.174529234438141,0.0730949425649998,0,0,0,0,0,0.0110527836208395,0,0,0,27.4153804878101,0,0,0.0017245979174252,0.414807104488232,4.9541109705737,9.46661078590018,0,0.000455168471989644,0.262183444019533,0.0126758203360772,0,6.58342396353199,8.51659635849014,2.08113308156031,3.3456863679462e-05,0,0.00171010934231384,1.83419454884314,0,0,2.58454955893932,0,0.0906849537983338,20.5737382918219,4.58544278892596,0.510365125359496,0.00774537746733732,0.0690107370248435,3.15753045435897,0.000163723570890207,0.00140233650178431,0,0,0,0,0,0,0.00569308284262759,0,0,0,0,0,0,0.00176024241801066,0,0.00426743142507918,0,0.00165099090703447,0,0,0,0,0,0,0,0,0.547187815798757,0,0,0.00388252427585928,0,0,0,0,0,0,0,0,0,0,0.0427265192885527,0.000362839187031661,0.000156889642529265,0
0.0103144888815626,0,0,3.02002158301282,0,13.0639425427194,0.369983890078945,0.012549102441981,2.21479702025379,10.4279391276558,0,0,0,0.014744335043698,6.23020889762073,0,0,0,0,69.3848584938261,0,0,0.000352625994019005,1.59383560453695,0,0,0,0.773150201233198,0.00136427318331221,0,0,0,0,0,0,1.78684515538172,0.000134973230664803,0,0,2.97116351665597,0,0,0,0,0,0,0,0,0,0,0,0,0,0,0,0,0,0,0,0,0,0,0,0,0,0,0,0,0,0,0,0,0,0,0,0,0,0,0,0,0,0,0,0,0.0238404708266499,0,0.00102240068959517,0
0,0.0485199811556784,0.00736798918879415,0,0.00095507888311068,0,0,0,0,0,27.4153804878101,0,0,0,0.000474541555504936,0,0.0822684859012074,0.0429062028909684,0.128024788237825,0,0,0.0444609209733555,0.000886909423491844,0,19.0677251384675,6.77301518083713,2.79351786776691,0,0,0.000126817930034365,11.3453830325706,0,0,0.0421200904150911,0.000129894948641354,4.30854436085486,5.57537856179593,1.42890969345732,0.765116021112637,0.169179130341686,0.665636157279633,7.80241819682793,0.0521630188685545,0.00751112763284737,0.00215081686969344,0.0106993383170406,0,0,0.0128169583757456,0,0.00374996950414699,0,0,0,0,0,0,0.000269198546705053,0,0.00308161463079497,0,0.105829830495698,0,0,0,0,0,0,0,0,0.369306756084226,0,0,0.0067335744823524,0,0,0,0,0,0,0,0,0.000973805102818963,0,1.43500187983036,0.00305149694275267,0.00211253492858787,0
16.3845790454461,0,0,0.0029650775755119,0.339872732946471,6.35665114114681,4.19733584912531,34.2321953519733,0,0.286568926163487,0,0.014744335043698,0,0,0.00538856103286023,0,0,0,0,0.00312964401815612,0,0,0,0.111952972380511,0,0,0.000303148643868788,0.089654076411308,7.89372165603501,0.0141813540928025,0,2.17921426250496,0.106270780498207,0.426220040982659,0,0.000255157535921717,0.000285826410921685,0.0712826364284828,0.00416864607199517,0.036602673207465,0.149116952631174,0,0,0,0,0,0,0,0,0,0,0,0,0,0,0,0,0,0,0,0,0,0,0,0,0,0,0,0,0,0,0,0,0,0,0,0,0,0,0,0,0,0,0,0,0,0,0
0.0483850426316929,0,0,0,4.50038149917001,4.25341484861371,0.00182580485443723,0.00622538540632885,2.00597644959664,0.00609561395203663,0,6.23020889762073,0.000474541555504936,0.00538856103286023,0,0,3.53817753924869e-05,0,0,0,0,0,0,0.000728450750384593,0,0,0,0,0.00710616995501714,0,0,0,0,0.00992046776744238,0.15973123336091,0.994843850613687,0.00222897238163746,0.00805212691675505,0.0117137118031967,89.0145626945485,0.0186740761334882,0.00311995437379098,2.61015066464838,0.00928104460979647,0.0488784840712603,0.141320812913995,0.458797333488105,0.215294135343435,0.00655515345656337,0,0,0.00018238266485131,0,0.0929298019982224,0,0,0,0,0,0.000758262059543459,0,0.0314003577404725,0,0.0222080533845169,0.000496972800861417,0.000266552381736614,0,0,0,0,0,0.000211852586801555,0,0,0.000167222751841149,0.000104622768829821,0,0,0,0,0,0,0.00532564766428745,0.0198263026074423,0.798096392868129,5.94738956213587,0.00952703083118171,0.0280600717040737
0.000642688251496971,0.00532776715011457,0.163516954302981,0,0,0,0.139701455481863,0.00127801850543473,0.658085319275588,0,0.0017245979174252,0,0,0,0,0,0.00322807415636853,0,0,0,23.0934819284974,1.03882101630854,38.6989198777598,1.37661927679915,0,0.0128816440563784,4.44726601416645,2.73998986141381,0.00114082923769285,1.90171219142005,0,0,0,0.823028581676135,0,0.418316746482722,1.03044685698793,0.0105109291862466,0.00014510375247261,0,0.00012681663729166,0,0,0,0,0,0,0,0,0,0,0,0,0,0,0,0,0,0,0,0,0,0,0,0,0,0,0,0,0,0,0,0,0,0,0,0,0,0,0,0,0,0,0,0.34229186753253,0,0.00817173248056815,0
0,0.272366509293479,3.37124240399654,0,0,0,0.00127467697341808,0,0.133338604301292,0,0.414807104488232,0,0.0822684859012074,0,3.53817753924869e-05,0.00322807415636853,0,0.0941125958914941,26.7587212563762,0,0.333388376800313,0.76415880868508,10.1225671005766,0.00487530084388579,0.120051014141109,7.88560945521155,0.654191137487216,0.00448015437471792,0.000420783392934799,0.0611014450127121,0,0,3.85218409466427e-05,0.988960340658842,0,0.285146952954582,0.826362591702636,0.0560962501960846,0.00788433484771309,5.46024621668226e-05,0,0,0,0,0,0,0,0,0,0,0,0,0,0,0,0,0,0,0,0,0,0,0,0,0,0,0,0,0,0,0.0393312918677101,0,0,0,0,0,0,0,0,0,0,0,0,0,0.209478714653458,0,0.0083745347890179,0
0,0.00289056292508305,0.00170874504825469,0,0,0,0,0,0,0,4.9541109705737,0,0.0429062028909684,0,0,0,0.0941125958914941,0,37.490330293887,0,0,0,0,0,0.0208945077909538,3.62086394603261,0.0411655190663361,0,0,9.23899031555434e-05,0,0,0,0.00411132761491042,0,0,0.00737542953788599,0,0,0,0,0,0,0,0,0,0,0,0,0,0,0,0,0,0,0,0,0,0,0,0,0,0,0,0,0,0,0,0,0,0.0175928224289556,0,0,0,0,0,0,0,0,0,0,0,0,0,0.000679370904274352,0,0,0
0,0.133070188254768,0.286564984416617,0,0,0,0,0,0.0375865341452567,0,9.46661078590018,0,0.128024788237825,0,0,0,26.7587212563762,37.490330293887,0,0,0.00676993786451088,0.42165827902255,0.122014244935681,0.00154849257951347,0.232704507415073,15.1942990072885,0.620753007569956,5.53453598765769e-05,0.000247726500677583,0.00530241472809307,0,0,0,0.328779877256746,0,0.0148218545226957,0.613252519229292,0.0344778248406084,0.000989026624633141,0,0,0,0,0,0,0,0,0,0,0,0,0,0,0,0,0,0,0,0,0,0,0,0,0,0,0,0,0,0,0,0.112710924570187,0,0,0,0,0,0,0,0,0,0,0,0,0,0.0145354996951547,0,0.000412049489193755,0
0,0,0,121.843413724652,0,0.731604642501458,0.270307468092975,0.00260247324390304,0,30.5156494007072,0,69.3848584938261,0,0.00312964401815612,0,0,0,0,0,0,0,0,0,2.91062006634527,0,0,0,1.92405200605159,0,0,0,0,0,0,0,0.00286537238545592,0.00182968891947249,0,0,0,0,0,0,0,0,0,0,0,0,0,0,0,0,0,0,0,0,0,0,0,0,0,0,0,0,0,0,0,0,0,0,0,0,0,0,0,0,0,0,0,0,0,0,0,0,0,0,0
0,0.00547340431003522,0.253098891398373,0,0,0.000909743733868127,0.174749640740619,0.00090493890905971,0.340920849214799,0.000465955450544096,0.000455168471989644,0,0,0,0,23.0934819284974,0.333388376800313,0,0.00676993786451088,0,0,0.540309793080319,12.5872637898224,4.42612057970155,0,0.0101379989730412,0.039875532516559,6.71405882519249,0.00290868988459148,16.847616120362,0,0,0.00146355181091077,0.830939815236779,0,0.0418039225714366,0.94759897170811,0.00235783039168758,0,0.000617476983057908,0,0,0,0,0,0,0,0,0,0,0,0,0,0,0,0,0,0,0,0,0,0,0,0,0,0,0,0,0,0,0.00151595899824296,0,0,0,0,0,0,0,0,0,0,0,0,0,0.0203838110020646,0,0.000837615917891398,0
0,8.15045232845328,8.28174189447983,0,0,0,0.0197639546567574,0,15.8204243659417,0,0.262183444019533,0,0.0444609209733555,0,0,1.03882101630854,0.76415880868508,0,0.42165827902255,0,0.540309793080319,0,4.71594826970693,5.93208702020996,0.729364528874114,1.81194788006518,3.20261232032669,0.292485596251181,0.0011338693615941,0.265712312141584,0,0,0.00869473882882624,1.77836145595572,0,0.511643837627287,3.04790246615184,0.194397717115665,0.0387314873199391,0.000217646097218475,0,0.00509502619564756,0,0,0,0,0,0,0,0,0.0505483613938378,0,0,0,0,0,0,0,0,0,0,0,0,0,0,0,0,0,0,0,0.0511792558046263,0,0,0.0385319818044964,7.60180061673138e-05,0.000146794209673649,0,0,0,0,0,0,0,0,0.515399334297912,0,0.0170572261475216,0
0.00214084509202729,0.0755633473894801,8.99215904621607,0,0,0,0.102169768972896,0.000304266992577372,1.06498888938763,0,0.0126758203360772,0.000352625994019005,0.000886909423491844,0,0,38.6989198777598,10.1225671005766,0,0.122014244935681,0,12.5872637898224,4.71594826970693,0,0.777697142034941,0.0032246487914833,0.359876749010533,7.61745213919827,0.545603541251743,0.00266355967673836,5.29265385612008,0,0,0.00856944960992392,5.14616874492149,4.42018896093012e-06,1.64854798415616,5.79830763686871,0.0548554078308606,0.00643953572322046,0.0010355524560186,0.000750489556633566,0,0.000116486552305526,0,0,0,0,0,0,0,0,0,0,0,0,0,0,0,0,0,0,0,0,0,0,0,0,0,0,0,0.00209981934103683,0,0,0,0,0,0,0,0,0,0,0,0,0,0.724498733690062,0,0.0239175486706839,0
0.00451132859472674,0.00650327663164555,0.202052986274071,2.04170945699793,0,0.283600918436456,4.81089524034669,0.147286152382926,5.76052968614671,0.400191655612154,0,1.59383560453695,0,0.111952972380511,0.000728450750384593,1.37661927679915,0.00487530084388579,0,0.00154849257951347,2.91062006634527,4.42612057970155,5.93208702020996,0.777697142034941,0,0,0.00771361966392727,0.0437302528146091,58.0011743502901,0.00371396963875031,0.810887909716659,0,0,0,0.135891475030987,0,0.0493507509326872,0.853944570075817,0.000251203775639836,0.000183331644387965,0.000901463609842661,0,0,0,0,0,0,0,0,0,0,0,0,0,0,0,0,0,0,0,0,0,0,0,0,0,0,0,0,0,0,0,0,0,0,0,0,0,0,0,0,0,0,0,0,0.0232292451868797,0,0.000609911274962241,0
0,11.2198178113555,0.0631648007656731,0,0,0,0,0,0.000736440172734346,0,6.58342396353199,0,19.0677251384675,0,0,0,0.120051014141109,0.0208945077909538,0.232704507415073,0,0,0.729364528874114,0.0032246487914833,0,0,1.05091336012982,1.58452255362585,0,0,0,0,0,0,0.0506513735092365,0,0.00874062415537867,2.07231026232228,0.0687779506911634,0.0523539554723209,0,0.0105714110495029,4.3299057063669,0.000351968227918794,0.00286631348197697,0,0,0,0,0.0481890161732306,0,0.172815722792129,0,0,0,0,0,0,0.000142993992521178,0,0.00241950562238284,0,0.0264409235842188,0,0,0,0,0,0,0,0,3.80214264289705,0,0,0.0979169688364406,0,0,0,0,0,0,0,0,0,0,0.00259246052487679,0,0,0
0,0.490705467061038,8.13566617773398,0,0,0,0.000630976260828652,0,0.254671786299896,0,8.51659635849014,0,6.77301518083713,0,0,0.0128816440563784,7.88560945521155,3.62086394603261,15.1942990072885,0,0.0101379989730412,1.81194788006518,0.359876749010533,0.00771361966392727,1.05091336012982,0,11.2023601641377,0.00420036652667972,0.000330382105188966,0.0271003090481429,1.24095308868257,0,0,1.38571330185524,0,0.0401200995574351,1.6731115654563,0.111330725967915,0.00408102776015304,0,0,0.00196690968583667,0,0,0,0,0,0,0,0,0.00226498216546787,0,0,0,0,0,0,0.0110984542671269,0,0,0,0,0,0,0,0,0,0,0,0,0.314071272310167,0,0,0.00141039241097916,0,0,0,0,0,0,0,0,0,0,0.0185922324672518,0,0.00114763929101205,0
0,1.07840401091562,8.67390718733672,0,0,0,0.00166056367436866,0,0.334955992645476,0,2.08113308156031,0,2.79351786776691,0.000303148643868788,0,4.44726601416645,0.654191137487216,0.0411655190663361,0.620753007569956,0,0.039875532516559,3.20261232032669,7.61745213919827,0.0437302528146091,1.58452255362585,11.2023601641377,0,0.0200460232233011,0.000322727967246906,0.069817256120982,0.474617537695951,0,0.000811630319366641,1.21231826296836,0,0.254274459150034,1.6568422834875,0.0862646983338213,0.0110270052510995,0.000431753018549543,0,0.000546553785946032,0,0,0,0,0,0,0,0,0,0,0,0,0,0,0,0.00493804032774775,0,0,0,0,0,0,0,0,0,0,0,0,0.331974971536011,0,0,0.00147820710669797,0,0,0,0,0,0,0,0,0,0,0.113465212582892,0,0.00437967790333243,0
0.00988489209259965,0.00412485850732613,0.122108050605269,16.6650887566445,0,0.334870115865604,12.3245413148237,0.191810989948591,0.205505834198498,4.62838030883576,3.3456863679462e-05,0.773150201233198,0,0.089654076411308,0,2.73998986141381,0.00448015437471792,0,5.53453598765769e-05,1.92405200605159,6.71405882519249,0.292485596251181,0.545603541251743,58.0011743502901,0,0.00420036652667972,0.0200460232233011,0,0.00764530469396435,3.28261717743219,0,0,0.000537654345721589,0.156331411719558,0,0.019601083434312,1.05384868064272,0.000863978431701367,0.000358995255734428,0,0,0,0,0,0,0,0,0,0,0,0,0,0,0,0,0,0,0,0,0,0,0,0,0,0,0,0,0,0,0,0,0,0,0,0,0,0,0,0,0,0,0,0,0,0.00900837885067744,0,0.000608812278128628,0
20.1450536622284,0,0.00146190497718802,0,2.4960090370097,12.045587577892,0.99303308408042,11.3131662102018,0.00187454857941721,0,0,0.00136427318331221,0,7.89372165603501,0.00710616995501714,0.00114082923769285,0.000420783392934799,0,0.000247726500677583,0,0.00290868988459148,0.0011338693615941,0.00266355967673836,0.00371396963875031,0,0.000330382105188966,0.000322727967246906,0.00764530469396435,0,3.0890197651274,0,3.41175053049246,9.15461972388737,2.94580515761259,0,0.400375804537843,0.0163757294240812,0.441821288837802,0.0855568069644486,2.30775702919934,1.04334598410793,0,0.000605439056946426,0,0,0,0,0,0,0,0,0,0,0,0,0,0,0,0,0,0,0,0,0,0,0,0,0,0,0,0,0,0,0,0,0,0,0,0,0,0,0,0,0,0.30885704651112,0.000865278464768091,0.00509214410169441,0
3.11771002671026,0.00516718707669149,0.324211049963647,0,0,0.192072432454635,10.825135719446,0.0336292348796098,0.118137026994209,0.00331711293104351,0.00171010934231384,0,0.000126817930034365,0.0141813540928025,0,1.90171219142005,0.0611014450127121,9.23899031555434e-05,0.00530241472809307,0,16.847616120362,0.265712312141584,5.29265385612008,0.810887909716659,0,0.0271003090481429,0.069817256120982,3.28261717743219,3.0890197651274,0,0,0,0.17273869902048,2.58780743937043,0,0.263767103621447,2.31586822089344,0.0108829324690117,0.00461436957723617,0.011647029507297,0,0,0,0,0,0,0,0,0,0,0,0,0,0,0,0,0,0,0,0,0,0,0,0,0,0,0,0,0,0,0.000866473929947424,0,0,0,0,0,0,0,0,0,0,0,0,0,0.125570460346834,0,0.00298444430698039,0
0,0,0,0,0,0,0,0,0,0,1.83419454884314,0,11.3453830325706,0,0,0,0,0,0,0,0,0,0,0,0,1.24095308868257,0.474617537695951,0,0,0,0,0,0,0,0,0,0,0,0,0,0,0,0,0,0,0,0,0,0,0,0,0,0,0,0,0,0,0,0,0,0,0,0,0,0,0,0,0,0,0,0,0,0,0,0,0,0,0,0,0,0,0,0,0,0,0,0,0
0,0,0,0,11.9123125964741,1.57819630417936,0,1.20758006857228,0,0,0,0,0,2.17921426250496,0,0,0,0,0,0,0,0,0,0,0,0,0,0,3.41175053049246,0,0,0,0,0.546382050101102,0,0.00195086838636818,0,0,0,0.038459492683817,3.21799511224752,0,0,0,0,0,0,0,0,0,0,0,0,0,0,0,0,0,0,0,0,0,0,0,0,0,0,0,0,0,0,0,0,0,0,0,0,0,0,0,0,0,0,0,0,0,0,0
0.0648284112397439,0,0.000420117251441789,0,0.00267447311889132,0.400209056349285,0.0437486604169838,0.263594627893382,0.00177266929283999,0,0,0,0,0.106270780498207,0,0,3.85218409466427e-05,0,0,0,0.00146355181091077,0.00869473882882624,0.00856944960992392,0,0,0,0.000811630319366641,0.000537654345721589,9.15461972388737,0.17273869902048,0,0,0,1.51116298360197,0,1.47806205756013,0.0282706385048145,0.201971779999423,0.0631221669638374,2.60200706876366,0.0248359311485149,0,0.000398850635677519,0,0,0,0,0,0,0,0,0,0,0,0,0,0,0,0,0,0,0,0,0,0,0,0,0,0,0,0,0,0,0,0,0,0,0,0,0,0,0,0,0,3.67995224338311,0.001475846864305,0.0226742530733187,0
0.0513214389855821,0.413826934961979,5.6874242336628,0,1.74634467471733,4.15956562802847,0.297124884254318,0.797314720124431,0.432695242318846,0,2.58454955893932,0,0.0421200904150911,0.426220040982659,0.00992046776744238,0.823028581676135,0.988960340658842,0.00411132761491042,0.328779877256746,0,0.830939815236779,1.77836145595572,5.14616874492149,0.135891475030987,0.0506513735092365,1.38571330185524,1.21231826296836,0.156331411719558,2.94580515761259,2.58780743937043,0,0.546382050101102,1.51116298360197,0,8.64645697092668e-05,27.2756776243149,43.7112144773554,64.2809108113215,5.00139588785975,6.61823700841001,6.40809947045467,0.160269779444523,0.00295809763771661,0,0,6.82958870762409e-05,0,0,0,0,0,0,0,0,0,0,0,0.00290126004904162,0,0,0,0,0,0,0,0,0,0,0,0,0.128667489525247,0,0,0,0,0,0,0,0,0,0,0,0,9.4543015363533e-05,15.6640326134017,0.00460930567967914,0.31129842421423,0
0,0,0,0,0.0836647001144215,0,0,0,0,0,0,0,0.000129894948641354,0,0.15973123336091,0,0,0,0,0,0,0,4.42018896093012e-06,0,0,0,0,0,0,0,0,0,0,8.64645697092668e-05,0,0.0350561553316754,0.000130584891680719,5.3565726068028e-05,0.000234772303180635,0.0331415031991355,8.82650664173432e-05,0,1.03848337853199,0.00384997912335296,0.0193815701758116,0.0832818576611172,0.515169406608594,0.12036441463487,0.00151345238512496,0,0,0.000265987063438012,0,0.130114121020723,0.000178003069874734,0,0,0,0,0.00111906344289493,0,0.0147231042470266,0,0.0724498640752769,0,2.17106884576765e-05,0,1.54356013908371e-05,0,2.14647716092337e-06,9.98400438193466e-05,0.000119699093341846,0,0,6.30323264089097e-05,0.000108995163533217,0,3.70106013763134e-05,3.10470461958841e-05,0,0,0,0.0021037854619805,2.60871300738327,0.011805466449974,0.81479710126207,0.0219202089060196,2.30909440722274
0.0109884077146692,0.0343903409961371,3.45867544100477,0,0.0459386539744097,0.0172927574970725,0.0198823183358574,0,3.5719955618979,0.00284136239444327,0.0906849537983338,1.78684515538172,4.30854436085486,0.000255157535921717,0.994843850613687,0.418316746482722,0.285146952954582,0,0.0148218545226957,0.00286537238545592,0.0418039225714366,0.511643837627287,1.64854798415616,0.0493507509326872,0.00874062415537867,0.0401200995574351,0.254274459150034,0.019601083434312,0.400375804537843,0.263767103621447,0,0.00195086838636818,1.47806205756013,27.2756776243149,0.0350561553316754,0,14.9302312012821,48.8977252711068,63.5305373350496,22.6913970122445,4.13015860049776,3.32399102517437,0.237270154716476,0.00221145278769023,0.00154278866638292,0.0252580946459952,0.0112930557553688,0.0224115403373439,0.000252049905859579,0,0,0,0,0.000533395195164849,0,0,0,0,0,2.56485832849436e-05,0,0.00980460036497387,0,0.000123196593956061,0,0,0,0,0,5.24684300540045e-05,0.00160374168537051,0,0,0,0,0,0,0,0,0,0,0,0.000517533658381232,0.00274839167932887,31.3469363230645,0.232888664786212,0.579215896235086,0.0024952636239446
0.00445102943173988,0.373604290844637,7.16285770456545,0.00019235783022288,0.00445439344646435,0.000944100806225376,0.133009348589408,0.0012106137525927,4.89599080936203,0.000399620413568679,20.5737382918219,0.000134973230664803,5.57537856179593,0.000285826410921685,0.00222897238163746,1.03044685698793,0.826362591702636,0.00737542953788599,0.613252519229292,0.00182968891947249,0.94759897170811,3.04790246615184,5.79830763686871,0.853944570075817,2.07231026232228,1.6731115654563,1.6568422834875,1.05384868064272,0.0163757294240812,2.31586822089344,0,0,0.0282706385048145,43.7112144773554,0.000130584891680719,14.9302312012821,0,48.6489050050848,13.8110489898465,0.112854071269002,1.97356290078573,5.63692137716891,0.0011120993568546,0,0,0,0,0,0,0,0,0,0,7.6361769180848e-05,0,0,0,0.00724338808528155,0,0,0,0,0,0,0,0,0,0,0,0,0.136030289167102,0,0,0.00289154582540678,0,0,0,0,0,0,0,0,0,0,12.4397761424216,0.0014699696042483,0.439987590618342,0
0.00907047818640844,0.0414730214268756,0.740736571268609,0,0.01357051618299,0.83222870851669,0.00510277663349807,0.178814491208252,0.0242580736527763,0,4.58544278892596,0,1.42890969345732,0.0712826364284828,0.00805212691675505,0.0105109291862466,0.0560962501960846,0,0.0344778248406084,0,0.00235783039168758,0.194397717115665,0.0548554078308606,0.000251203775639836,0.0687779506911634,0.111330725967915,0.0862646983338213,0.000863978431701367,0.441821288837802,0.0108829324690117,0,0,0.201971779999423,64.2809108113215,5.3565726068028e-05,48.8977252711068,48.6489050050848,0,9.52953218400921,5.66427192734456,19.5726561466375,1.21757626611822,0.00821233631348619,0,4.73674092791015e-05,2.50421912702183e-05,0.000157835193369392,0.000140679402908236,0,0,0,0,0,0,0,0,0,0,0,0,0,0,0,0,0,0,0,0,0,0,0.00874813670434585,0,0,0,0,0,0,0,0,0,0,0,3.61945535185537e-05,0,29.3082700649048,0.0128398510669628,0.275549453384639,0
0,0.0217761432439194,0.161761057239246,0,0,0.0687584574921809,0.000977992226670478,0,0.00779501599320246,0,0.510365125359496,0,0.765116021112637,0.00416864607199517,0.0117137118031967,0.00014510375247261,0.00788433484771309,0,0.000989026624633141,0,0,0.0387314873199391,0.00643953572322046,0.000183331644387965,0.0523539554723209,0.00408102776015304,0.0110270052510995,0.000358995255734428,0.0855568069644486,0.00461436957723617,0,0,0.0631221669638374,5.00139588785975,0.000234772303180635,63.5305373350496,13.8110489898465,9.52953218400921,0,1.60195092438361,5.50649994344922,1.50568364566453,0.0125295765501204,5.00065359567326e-05,0.000230650471847773,0.000151463539724964,0,0.000663106553161656,0,0,0,0,0,0,0,0,0,0,0,0,0,0.000901585874904715,0,0,0,0,0,0,0,0,0,0,0,0,0,0,0,0,0,0,0,0,1.29415984294021e-05,0,48.0144160580624,0.0299370332854595,0.242568394751143,0
0.0460681064933152,0,0.00166363266526474,0,34.8389962459697,9.44409411840997,0.0204421118565951,0.0180199101491994,2.02706706822992,0.00257085558097912,0.00774537746733732,2.97116351665597,0.169179130341686,0.036602673207465,89.0145626945485,0,5.46024621668226e-05,0,0,0,0.000617476983057908,0.000217646097218475,0.0010355524560186,0.000901463609842661,0,0,0.000431753018549543,0,2.30775702919934,0.011647029507297,0,0.038459492683817,2.60200706876366,6.61823700841001,0.0331415031991355,22.6913970122445,0.112854071269002,5.66427192734456,1.60195092438361,0,0.913882149596908,0.132454579517469,2.3191821795786,0.00957812475370001,0.021625154058761,0.0515230940539348,0.0563440220330245,0.0263354679374001,0.00287412033417746,0,5.81419953659804e-05,0.000157021490099768,0,0.00857011700318876,0.000192577009934296,0,0.000164071546455334,0,0,0.000437733840392706,0,0.0104323625380232,0,0.000180775347761841,3.66751515150643e-05,0.000667131033576067,0,0.000272326519684413,0,7.94867649021739e-05,0.000898681375724131,0.000412967263700825,0,0,0.000126129666681291,0.000178747008107309,0,0,0,0,0,0,0.00391441392979043,0.0026458899901701,13.2883066133858,4.26091107602932,0.176138027202234,0.0081062539163069
0,0,0.00127170984751035,0,14.7474173313611,2.17948079910822,0,0.48060166716591,0.00228514257012158,0,0.0690107370248435,0,0.665636157279633,0.149116952631174,0.0186740761334882,0.00012681663729166,0,0,0,0,0,0,0.000750489556633566,0,0.0105714110495029,0,0,0,1.04334598410793,0,0,3.21799511224752,0.0248359311485149,6.40809947045467,8.82650664173432e-05,4.13015860049776,1.97356290078573,19.5726561466375,5.50649994344922,0.913882149596908,0,0.701996390315643,0.00535085480095885,0,5.37513395550276e-05,0,0,0,0,0,0,0,0,0,0,0,0,0,0,0,0,0,0,0,0,0,0,0,0,0,0,0,0,0,0,0,0,0,0,0,0,0,0,0,4.42661649463992,0.0147517055438976,0.0323151490860648,0
0,0,0.00579170061415372,0,0,0,0,0,0,0,3.15753045435897,0,7.80241819682793,0,0.00311995437379098,0,0,0,0,0,0,0.00509502619564756,0,0,4.3299057063669,0.00196690968583667,0.000546553785946032,0,0,0,0,0,0,0.160269779444523,0,3.32399102517437,5.63692137716891,1.21757626611822,1.50568364566453,0.132454579517469,0.701996390315643,0,0.00136731090181451,0,0,0,0,0,0,0,0,0,0,0,0,0,0,0,0,0.00192733855992849,0,0,0,0,0,0,0,0,0,0,0,0,0,0,0,0,0,0,0,0,0,0,0,0,3.29496133308175,0.00720845588983009,0.00193283102472339,0
0,0,3.85949369623127e-05,0,0.62522521615775,0,0,0,0,0,0.000163723570890207,0,0.0521630188685545,0,2.61015066464838,0,0,0,0,0,0,0,0.000116486552305526,0,0.000351968227918794,0,0,0,0.000605439056946426,0,0,0,0.000398850635677519,0.00295809763771661,1.03848337853199,0.237270154716476,0.0011120993568546,0.00821233631348619,0.0125295765501204,2.3191821795786,0.00535085480095885,0.00136731090181451,0,23.4466390206856,38.2277928506178,44.7965025784631,19.6917314811757,4.63010970448518,0.697636907859207,0.0467423717929113,0.0236837118897586,1.29607109541263,0,0.324063192736217,0.267433473350942,0.013128944482084,0.358212623463635,7.17031770455323,0,0.213211835278513,0.000492665555869803,1.42105648771295,0.0135224206427554,0.0451951326348506,0.417668645659469,0.699126860941697,0.0036137300213052,0.17521763771658,0,0.205072868263484,1.0799289646874,0.558465065835133,0.52488072166196,0.0219282241618676,0.515347892050223,0.283754683639645,0.0511594392180165,0.0320961289283134,0.0650868347120854,0.000590291097083801,0,0.0184908283888883,22.1387587506756,0.246478662531938,0.0331013470141961,27.5243812371929,0.00194589277998705,0.0352491142822475
0,0,0,0,0.00340493282904464,0,0,0,0,0,0.00140233650178431,0,0.00751112763284737,0,0.00928104460979647,0,0,0,0,0,0,0,0,0,0.00286631348197697,0,0,0,0,0,0,0,0,0,0.00384997912335296,0.00221145278769023,0,0,5.00065359567326e-05,0.00957812475370001,0,0,23.4466390206856,0,10.6530798898727,6.02762037140884,0.836026068291807,0.0279269925413734,8.25540239037295,1.08886047059074,0.151891623136558,2.95991010734188,0,0.00502287282792322,0.199099605873951,0.318582409516823,0.665402928015659,0.101185720951397,0.00436587374315468,13.1610309836276,0.0016556839251656,4.99204455721748,0.156723786633827,0.00317024767298162,2.10576399131403,1.0507925797453,0.0354848078015504,1.10918546715941,0,0.936829555825729,9.53305465339483,2.92782098802371,0.0328931660889788,13.0984692017387,2.8565417445875,2.2130253489743,0.119738338444355,0.198214976842902,0.695934767283667,0.00447296203850128,0,0.255503896442651,23.1151523070278,0.00155615084978808,6.04227071020202e-05,17.1510432332539,0,0
0,0,0,0,0.0120584073749554,0,0,0,0,0,0,0,0.00215081686969344,0,0.0488784840712603,0,0,0,0,0,0,0,0,0,0,0,0,0,0,0,0,0,0,0,0.0193815701758116,0.00154278866638292,0,4.73674092791015e-05,0.000230650471847773,0.021625154058761,5.37513395550276e-05,0,38.2277928506178,10.6530798898727,0,6.91475592081723,3.32757455764233,6.57174617135824,2.18075301848293,0.0280675887693204,0.0162290760922938,0.397942275003549,0,0.0294599780019068,1.34400839284701,0.00202452388601626,0.786378485297244,0,0,24.3208930874659,0,2.25406184339344,0.0793545290552375,0.00101269944289212,0.0361710681887738,0.235691528088177,0.00288985041373549,0.228183354447034,0,0.0167177885895544,0.138053610587627,0.121393835744313,0.000678331405949415,0.284901573333313,0.535849904300768,0.175990837602602,0.00303222410131265,0.101849114736743,0.0155818877081007,0,0.00774114139754752,0.0884529138028046,43.1268400654887,0.00581277446164864,0.000394761267054134,33.4422651851064,6.41840331680682e-05,0.00109504299342496
0,0,0,0,0.0511372045076965,0,0,0,0,0,0,0,0.0106993383170406,0,0.141320812913995,0,0,0,0,0,0,0,0,0,0,0,0,0,0,0,0,0,0,6.82958870762409e-05,0.0832818576611172,0.0252580946459952,0,2.50421912702183e-05,0.000151463539724964,0.0515230940539348,0,0,44.7965025784631,6.02762037140884,6.91475592081723,0,3.51945021204698,5.03079332320234,2.56016880985594,0.00943006251412903,0.0271202555857182,0.483878703335436,0,0.048156610055502,0.0937233249048641,0.000750988390593578,0.0481722523635762,0.00229955464088794,0,2.58727390650138,0,1.91642311798178,0.00349114290147422,0.00279460475283421,0.0158054120587872,0.217402165053232,0,0.0565246570074667,0,0.0187057492481666,0.119748149068337,0.0822837889755853,0.000626847413732021,0.0798425762739824,0.346453549371537,0.126004413668312,0.000822755919874503,0.00251569791739894,0.00755677562296816,0,0,0.0113518096436536,4.05665829953565,0.0296320559374818,0.0196609001435932,61.91725179151,0.00285980019574068,0.0713232079863771
0,0,0,0,0.243913778770504,0,0,0,0,0,0,0,0,0,0.458797333488105,0,0,0,0,0,0,0,0,0,0,0,0,0,0,0,0,0,0,0,0.515169406608594,0.0112930557553688,0,0.000157835193369392,0,0.0563440220330245,0,0,19.6917314811757,0.836026068291807,3.32757455764233,3.51945021204698,0,1.17125204602507,0.0131314433984113,0.123158590009578,0,0.00525549485564345,0,28.9985677067013,19.7274842979168,0.0152671829723974,0.801870025723847,2.13976916459418,0.0008323046207439,0.00351265868291852,1.53662068047876,0.129374623279692,0.20309654070381,70.0345936062922,0.141803321568298,0.000381435376861409,0,5.42822632167491e-05,0,0.0623158328422944,0.0192202550135822,0.042133205274218,1.62287180678782,0,0.000898328645938501,0.00312683413898464,0.0838485573062948,0.357780368454132,0.0410563365364673,0,0.0683113550368115,0.831644304383517,3.03976167102378,0.110183450727333,0.00422944035767698,17.6981408121953,0.00569685666446753,0.177331623084172
0,0,0,0,0.0914057989642671,0,0,0,0,0,0,0,0,0,0.215294135343435,0,0,0,0,0,0,0,0,0,0,0,0,0,0,0,0,0,0,0,0.12036441463487,0.0224115403373439,0,0.000140679402908236,0.000663106553161656,0.0263354679374001,0,0,4.63010970448518,0.0279269925413734,6.57174617135824,5.03079332320234,1.17125204602507,0,0.0243750640401032,0,0,0.000768175022491126,0,10.9298465187956,5.56931074803592,0,2.77778775773941,0,0,0.0046413426339988,0,1.07491827605355,0.109226981452886,0.0211769035793613,0,0.00040821883738532,0,0,0,0,0.00378503224864199,0.00101994381274838,0,0,0.000107079527054904,0,0,0.338961482411529,0,0,3.86810130328254,0.00858052007347573,5.50980099258488,0.0431754465752367,0.0295076008047613,4.40554375401181,0.00609945680082664,0.143712771321603
0,0,0,0,0.00267807534446317,0,0,0,0,0,0,0,0.0128169583757456,0,0.00655515345656337,0,0,0,0,0,0,0,0,0,0.0481890161732306,0,0,0,0,0,0,0,0,0,0.00151345238512496,0.000252049905859579,0,0,0,0.00287412033417746,0,0,0.697636907859207,8.25540239037295,2.18075301848293,2.56016880985594,0.0131314433984113,0.0243750640401032,0,0,0.00675374882511615,0.0641196047351033,0,0.00356282165686316,0,0,0,0.00328220707256821,0,3.39422517318667,0,13.4926691764329,0,0.000299645480863794,0.00320762315574975,0.0479526942392363,0.00122288984752487,0.0313433889844319,0,0.00452962670724706,0.0207020285606457,0.0195443519667002,0,19.3778794287448,0.0623443187678833,0.0139885791412167,0,0,0.000500050123456032,0,0,0,0.373271761411294,0.000755954254432516,0.00140133224537605,0.526432392201642,0,0.000845292324744576
0,0,0,0,0,0,0,0,0,0,0,0,0,0,0,0,0,0,0,0,0,0,0,0,0,0,0,0,0,0,0,0,0,0,0,0,0,0,0,0,0,0,0.0467423717929113,1.08886047059074,0.0280675887693204,0.00943006251412903,0.123158590009578,0,0,0,0,0.0178599742590849,0,0,0.355290326126414,2.87069289903007,4.22014899329476,0.0361412437384416,0.00459586559420522,0,0.0151249481722134,0,9.1150147195504,0,1.23511375502003,0,0,0.000417730998916149,0.00487390018555195,0.175315526714247,0.145264897258947,0.336223890894195,0.14878517618084,0,0.000172121093938344,0.0127496963348735,0.117060859373051,22.905790526771,8.54447758256666,0,0,1.59653614006074,1.20906470608983,0,0,0.0487093444144409,0,0
0,0.434072909273737,0,0,0,0,0,0,0,0,0.00569308284262759,0,0.00374996950414699,0,0,0,0,0,0,0,0,0.0505483613938378,0,0,0.172815722792129,0.00226498216546787,0,0,0,0,0,0,0,0,0,0,0,0,0,5.81419953659804e-05,0,0,0.0236837118897586,0.151891623136558,0.0162290760922938,0.0271202555857182,0,0,0.00675374882511615,0,0,0.504128429609858,0,0,0,0.000397058982412712,0,0.000961752005502053,0,0.00792012796407381,0,0.00238478331055292,0,0,0.0539375320249283,0.0232442942548186,0.00232380983280117,0.0276949768631826,0,0.02112860781652,25.032477345784,0.0794585611765367,0,2.67190843882406,0.197683097271929,0.717659108577966,0.00130494882182794,0.000902548817813688,0.00226040772595892,0,0,0,0.103045532890052,0,0,0.00912026242293779,0,0
0,0,0,0,0,0,0,0,0,0,0,0,0,0,0.00018238266485131,0,0,0,0,0,0,0,0,0,0,0,0,0,0,0,0,0,0,0,0.000265987063438012,0,0,0,0,0.000157021490099768,0,0,1.29607109541263,2.95991010734188,0.397942275003549,0.483878703335436,0.00525549485564345,0.000768175022491126,0.0641196047351033,0.0178599742590849,0.504128429609858,0,0,0.000958044761532224,0.00358383313641578,0.0562465507183149,0.00589783013301427,0.00252869749014846,0.000562117876624357,0.0283656859805271,0.00103170763392539,0.0232149430591719,0.00128464401825029,0,1.10119196911334,0.60496836520611,0.00170667617726207,0.0663278254958345,0,2.34155812340318,2.56936821182266,8.71836998459374,0.00710622438416258,0.00469405690750518,6.6508040379916,10.6230209348099,0.0466714193591349,0.00322070700107872,1.26756839412046,0,0,0.00283523985286355,5.13730313086535,2.78419206632197e-05,0,0.644638276863215,0,0
0,0,0,0,0,0,0,0,0,0,0,0,0,0,0,0,0,0,0,0,0,0,0,0,0,0,0,0,0,0,0,0,0,0,0,0,0,0,0,0,0,0,0,0,0,0,0,0,0,0,0,0,0,0,0.0138020369314172,0.570801870909776,0,0.00804549284553908,17.290141098186,0,10.3774641771978,0,0.00056522096130554,0,0.0105239062595973,0,0,0,86.3680537781355,0.00331118988565401,0.00174530178635472,0,4.5131665067377,0,0,0,23.2457196032102,0,0,0,0,0,0,0,0,0,0,0
0,0,0,0,0.119061294909111,0,0,0,0,0,0,0,0,0,0.0929298019982224,0,0,0,0,0,0,0,0,0,0,0,0,0,0,0,0,0,0,0,0.130114121020723,0.000533395195164849,7.6361769180848e-05,0,0,0.00857011700318876,0,0,0.324063192736217,0.00502287282792322,0.0294599780019068,0.048156610055502,28.9985677067013,10.9298465187956,0.00356282165686316,0,0,0.000958044761532224,0,0,9.25580249186005,0,1.1184367187952,0,0,2.53521916302465e-05,0,0.0130811566740248,0.0289656911686904,5.4082083792824,0,0,0,0,0,0,0,0,0,0,6.7136694102899e-05,0,0,0.087042696053413,0,0,6.60098311386627,0,0.449075825967794,0.0691653226635174,0.00115061912627285,0.556374382088285,0.00192617775252217,0.0651242209317007
0,0,0,0,0,0,0,0,0,0,0,0,0,0,0,0,0,0,0,0,0,0,0,0,0,0,0,0,0,0,0,0,0,0,0.000178003069874734,0,0,0,0,0.000192577009934296,0,0,0.267433473350942,0.199099605873951,1.34400839284701,0.0937233249048641,19.7274842979168,5.56931074803592,0,0.355290326126414,0,0.00358383313641578,0.0138020369314172,9.25580249186005,0,1.82796128699992,9.8876287328577,0.00339812598848693,15.1854746520258,0.000766043810263926,7.93373476257427,0.0260342962266648,0.394096078321546,4.24855572039465,0.284764101176169,0,0,0,1.2601928611572,0.0362542549826859,0.0188701825456146,0.0922315928778678,0.590713130222947,0,0.00124734936850172,0.00319296728971769,0.0639357519254751,0.984303414672264,0.315874017144513,0,2.85893318634018,0.698570115441401,4.44099315401174,7.13537917152959e-06,0,0.154354687517682,0,0
0,0,0,0,0,0,0,0,0,0,0,0,0,0,0,0,0,0,0,0,0,0,0,0,0,0,0,0,0,0,0,0,0,0,0,0,0,0,0,0,0,0,0.013128944482084,0.318582409516823,0.00202452388601626,0.000750988390593578,0.0152671829723974,0,0,2.87069289903007,0.000397058982412712,0.0562465507183149,0.570801870909776,0,1.82796128699992,0,3.44375691557067,0.0554110959929653,6.82981461117228,0,3.24300442383277,0,1.7918545537834,0.00975900181581964,1.53817014725487,0.00459886103367984,0,0,2.91299687380141,0.416051279806748,0.0726764855728854,0.540827784392668,5.01403894480509,0,0.00224012754381393,0.0239447110806952,6.9930741980484,0.593791776560127,15.5613891236986,0,0,0.0460416263917715,0.375299024281864,0,0,0.0045603379487734,0,0
