# command_history: connectomestats -nshuffles 10000 -threshold 2 ./output_tfnbsETamplitudeNeg/files.txt tfnbs ./output_tfnbsETamplitudeNeg/design_matrix.txt ./output_tfnbsETamplitudeNeg/contrast.txt ./output_tfnbsETamplitudeNeg/ -force  (version=3.0.3-98-gb3409159)
0,0.00186355972198392,0.00262102164692633,-0.000137822507900993,0.00115700228082493,1.85873085856734,-0.532792926840004,2.92832711921774,-0.0129704706704546,0.0550501016636787,0,0.0776229870908122,1.00269234343088e-05,-2.79157401418406,0.119625876236638,-0.0109700836484052,-0.00060641413735452,0,-8.97421059161227e-06,-0.00680927541661094,-0.00354417797145422,-0.00540162913983709,-0.0117740165918468,0.0447872921099076,0,9.56007492131299e-05,-0.00204571211599002,0.00226962151229356,-3.10437924201218,-0.850261082898605,0,0.000118613634566149,0.865104776793385,0.210312765252226,-2.95486152411744e-06,0.36323181689858,0.00926883289265302,0.0310994125668999,0.00533930472911813,2.21471751903011,0.0204371677161348,0,0.000368346241318177,0,0,0,0,0,0,0,0,0,0,0,0,0,0,0,0,0,0,0,0,0,0,0,0,0,0,0,0,0,0,0,0,0,0,0,0,0,0,0,0,0,0.373214281445994,9.69570386772189e-05,8.19196235431845e-06,0
0.00186355972198392,0,0.864193107443912,1.16026227229081e-05,0.000352329873586292,-0.000462170661381227,0.000157344490864865,0.000162183975405664,0.119551571687293,0.000188799443352355,-0.667312302889637,-6.91618638200306e-06,-0.888688624745228,0,0,-0.0263496880649525,-0.0604638509996012,-0.00790315265087037,0.090283602378956,0,-0.00190882162155249,0.13639953094788,-0.0268174683625968,-0.0118717100453152,-3.69646490172703,0.297798706526399,0.929306593813477,-0.00286947804017013,-0.000650845423195901,-0.00506334433884554,0.000297121330236902,0,-0.000350373906734878,-0.686689720049017,3.3037148824949e-08,-0.0615602584992624,-1.90778228648474,-1.10531885631095,-0.0549502676107617,-0.000373382033848723,-0.000482371653117558,-0.0725196960234732,-0.000410926961562953,0.0208786844594985,0.000691984912663291,0.000970045932740311,1.82255970188051e-05,0,0.0187079311428433,0,-0.1495244394151,-0.000852547699374996,0,0,0,0,0,0.013445188614179,0,0.000834229597011337,0,0.00211503299347129,0,1.82710525627918e-05,0,0.000102903985771354,0,-0.000982138696679958,0,0,-0.246687107103667,-0.000162070320600096,0,-0.00419125879364515,-0.00841570054005509,-0.00969039891306101,0,0,0,0,0,0,1.91130244841659e-05,0,-0.0867929522014057,0.175614801458337,-0.00174449062714538,0
0.00262102164692633,0.864193107443912,0,0.00013509109872436,0,-0.000703019617437806,0.00105150976533031,-2.82558918368235e-06,-0.151054133567256,0.000413297712272384,-0.121104808993813,8.59586561843039e-05,-0.0147874690216569,0.000114105790861521,-0.000262637013142396,-0.0662271069522374,-0.786511984954724,-0.00306586391578653,-0.107002271265138,0.000128746049241549,-0.00710130972302711,1.11045820506279,0.80479978389892,-0.05395909634603,-0.0162450957450259,0.96439306122472,1.18915006979403,-0.0573882779958021,0.00179782698362389,-0.0517785938774894,0.000399569882158026,0,-0.000427933665203193,-1.14335951983221,-2.79117605666392e-06,-1.10928986252381,1.57058103579204,-0.206065659279833,-0.0260460378179491,-0.0112403842218054,0.00178805630817727,-0.00304343383695144,0.00466726580138563,-2.0265313790216e-05,1.54639723449897e-07,0,0,0,4.88957941008748e-05,0,0.000147725916403915,0,0,0,0,0,0,-0.000408199198988075,0,0,0,-8.7657288647475e-06,0,0,0,5.61765063817755e-05,0,0,0,0,0.00458287772523376,0,0,0.00186939973363626,0,0.000135160341598567,0,0,0,0,0,0,0,0,-0.856626327870997,0.000807092554012407,-0.0330820963174671,0
-0.000137822507900993,1.16026227229081e-05,0.00013509109872436,0,0,-0.147812366405528,0.0115040932398708,-0.000717953818422352,0.00992321836735983,0.118153465039585,0,-3.33466229628984,0,-0.0002154355328512,0.000165070586108242,-0.00019837186863403,9.40160634122941e-05,0,0,-17.8776609547961,0.000801408534245678,0.000591715230820146,-9.70965599624089e-07,0.136696852759975,0,1.64147497575827e-05,-9.24017299454385e-05,5.83194366063027,-9.66890076293075e-06,0.0017910918120246,0,0,0,0.000203053743868228,0,0.000175462985297563,0.00277155107464944,0,0.000147413154895342,3.78811615486023e-05,0,0,0,0,0,0,0,0,0,0,0,0,0.076626922018499,0,-0.000126973060000907,0,0,0,0.00043216846275548,0,-0.29111077396815,0,0,0,0,0,0,0,-0.12781874436198,0,0,0,0,0,0,0,0,0,0,0,0,0,0,0,0.000524037424206622,0,0,0
0.00115700228082493,0.000352329873586292,0,0,0,-0.818265918329265,0,0.911548795560722,-8.62851145420189e-05,0,0.000806788953322075,-2.81555654152999e-05,-0.000975129296079495,0.204637471832789,0.841826360980577,0,1.52575514100555e-05,0,0.000123641472219308,0,0,9.67730297060055e-05,-4.71582583629045e-05,0,0,-1.67648247283435e-05,3.76022658262369e-05,0,0.385508246610388,-3.30922595459243e-07,0,1.18786671436041,0.0321215220471103,-0.376048181456925,-0.0802633433190139,0.135426094358787,0.00188419198330136,0.0884607108570874,0.00267278479122599,-0.96166194480452,0.914123722747078,-9.62971110215394e-05,-0.134957127560783,-0.0262939575552022,-0.00412789998369685,-0.0131326769939987,-0.0575993173374536,-0.021209886231018,-0.000958407742816328,0,0,-3.42003605824295e-07,0,-0.0243030587083971,-6.59554818180155e-05,0,4.79448879033561e-05,-6.50971240398223e-05,-7.30461466044206e-06,-6.2586981752925e-05,-0.000506371255497273,-0.00339334607913953,7.95792215003163e-06,-0.0119532710899328,3.58049811527367e-06,-4.18484458564731e-05,0,1.4552743063056e-05,0,5.21154340199483e-06,7.1034173204773e-06,2.06245272270867e-05,0,0,-1.65720975665971e-05,-1.15694714380817e-05,0,6.07070577896918e-05,-8.12627079887939e-05,0,0,0,-0.00126946845588497,-0.0183176657131134,-0.0329685141654861,-0.417249882598356,-0.00148914499441697,-0.0142651695090879
1.85873085856734,-0.000462170661381227,-0.000703019617437806,-0.147812366405528,-0.818265918329265,0,0.821772746393997,2.00563874877602,-0.0319433420191457,2.30708335746942,-0.00079432817836022,-2.70604029880604,0.000330231711650495,0.177080241880596,0.206499078424848,-0.026706439933122,0.000505401814829362,0,4.88353330976577e-05,-0.241410398505497,-0.0130398866071219,-0.002497532673577,-0.0230091503141431,-0.63469272005674,4.73421149783383e-05,6.93743793547951e-05,-0.00411872141834015,-0.0652070262846487,-4.22968204180934,-0.461347066878133,0,-0.993631818153909,-0.744366588895409,-1.48212401761518,1.40014842021879e-06,0.0746027841487154,0.00637301823320926,-0.203377556175079,-0.0232008954745222,-2.08490583378298,-0.50385967694279,2.98608177866813e-05,6.97763219233085e-05,1.64563149685664e-06,1.32206590665123e-06,0,0,0,0,0,0,0,0,2.80939084984239e-06,0,0,0,0,0,0,0,0,0,2.14444100601162e-06,0,0,0,0,0,0,-1.42493382001159e-05,0,0,0,0,0,0,0,0,0,0,0,0,2.883228509622e-07,0.0992647480990412,3.3131361898616e-05,-1.26699411096094e-05,0
-0.532792926840004,0.000157344490864865,0.00105150976533031,0.0115040932398708,0,0.821772746393997,0,-0.897696948762054,0.142536894905848,-0.302095649932607,-5.81361895573027e-05,-0.109173152740325,2.35066576109942e-05,-0.487614596740753,0.00495461312468383,0.135117395437197,0.00609664711780687,0,0.000294361228864462,0.156744142807401,0.0536202230062101,0.0984628462541525,0.0278228302547709,-0.675070628270593,-0.000217727870148803,-3.86776506318368e-05,0.00926098518451737,-1.81684837032766,0.291402354497466,2.47292687813035,0,0,0.0249655219830753,0.0757781165966361,1.43160796734196e-07,0.136835366992988,0.046076697664333,0.00529915868761307,0.00108732715164106,0.290953926929058,0.00156463126586009,8.44700507613501e-05,0.000184145354493378,1.63746077759049e-06,1.88900183478618e-06,6.8330805852893e-06,0,1.9446808190925e-05,0,0,0,0,0,0,0,0,0,3.40813089872279e-05,0,0,0,0,0,0,0,0,0,0,0,0,-0.000100291330838045,0,0,0,0,0,0,0,0,0,0,0,0,0,0.0349133558330848,7.5676258121066e-05,1.66337480974858e-05,0
2.92832711921774,0.000162183975405664,-2.82558918368235e-06,-0.000717953818422352,0.911548795560722,2.00563874877602,-0.897696948762054,0,0.00173881297790981,-0.491909157731884,0.000909560315251325,0.0202869646840366,0.000128850401738243,-5.74004913324793,0.0789863697307924,-0.00189372692179301,5.5484117784395e-05,0,0,-0.0177994105361333,-0.000452778442071377,-0.000193658579203226,-0.000389676813116725,-0.0343654068740204,-1.44421509443002e-05,0.000422251694158533,-0.000449467375798641,-0.0749295303391087,-3.46049337054055,-0.0650668936466658,0,-0.389939343109719,-0.199363947569494,-0.51561307377818,6.25019594003068e-07,0.109952646490378,0.0101441887261071,-0.205649975362158,-0.0197065591946085,-0.179964067756093,0.202501290053013,3.24473023631874e-05,5.6705576090913e-05,0,0,0,8.10815501430406e-07,0,0,0,0,0,0,0,0,0,0,0,0,0,0,0,0,5.05634298277502e-07,0,0,0,0,0,0,0,0,0,0,0,0,0,0,0,0,0,0,0,0,0.129982232457122,1.36171998686252e-05,0,0
-0.0129704706704546,0.119551571687293,-0.151054133567256,0.00992321836735983,-8.62851145420189e-05,-0.0319433420191457,0.142536894905848,0.00173881297790981,0,0.00382427392000521,-0.00996672732291086,-0.0333281907560348,0.000311569177605208,0.000807478352272934,0.0550186562888969,-0.7818353149869,-0.022858012378148,-0.000720399117285929,-0.00413346787340245,0.0108225716141072,-0.19099851483902,-1.24272677904058,-0.251817317051561,0.176934345821987,-0.0900614742455881,-0.0122552082789341,0.0188526481373139,-0.197851261444031,-0.00985146707666242,-0.207729466700709,0,0,-0.00355913918442777,-0.146763166278303,-5.72700296468545e-07,-3.65510186741286,-0.368866359525998,0.033589384919817,0.0188249622689986,0.476577640818537,-0.000216706417488488,0.00123877241638372,0.099753934695551,0.0159259803418679,0.00295290419089216,0.00490166233843086,4.07494432806867e-05,0,-0.000120320045428083,0,0.0810956147082772,0.0450422368103329,0,0,4.20474824039149e-06,2.86253841879797e-05,0,-0.523419646241044,0,0.00078312272405627,0,0.000176015115994941,1.26526410082543e-05,0,0.000694212047169618,0.00305419630444613,0.000123076885063534,0.00400901764960272,0,0.000290208447672636,0.0274104232522803,0.00256835561244732,0,-0.0232235726284813,0.0267093717256469,0.020462295186039,0,0,8.89059474752956e-05,0,0,0,0.00479655092818881,0,-0.410603528595436,0.00901907994960351,-0.0358732542300357,0
0.0550501016636787,0.000188799443352355,0.000413297712272384,0.118153465039585,0,2.30708335746942,-0.302095649932607,-0.491909157731884,0.00382427392000521,0,1.82240768894245e-05,-0.781818267884133,0,0.0191763297108383,-0.00460602325742681,-0.00153950341427322,0.00016975089215068,0,0,5.28997190922402,0.00334846273120001,0.00221804996231542,0.00109006340465928,-0.119781335045593,0,1.28137675185855e-05,-0.00128727252156607,-1.27542257921508,-0.00195277832709908,-0.0397785304699372,0,0,-0.000245331191237989,-9.9110865292182e-05,0,0.0021780841121991,0.0042738559548779,6.47016355859436e-05,0,-0.00574305083604067,0,0,0,0,0,0,0,0,0,0,0,0,0,0,0,0,0,0,0,0,-0.000571941419751449,0,0,0,0,0,0,0,0,0,0,0,0,0,0,0,0,0,0,0,0,0,0,0,-0.000543187723306006,4.10161208735317e-06,0,0
0,-0.667312302889637,-0.121104808993813,0,0.000806788953322075,-0.00079432817836022,-5.81361895573027e-05,0.000909560315251325,-0.00996672732291086,1.82240768894245e-05,0,8.00945263121558e-07,-10.9444116713022,0.000103910449494441,2.93829090273603e-06,-0.0034441987573607,-0.184773227381632,-1.00594920989686,-1.61700608923726,0,-0.000635512870135024,-0.0312579487754716,-0.0230329418319704,-0.0151739942555023,-1.12041524082546,-1.887461435318,-1.17908483029265,-0.00258410992486869,0.00132764120293142,-0.00200110387078086,0.0619895182071233,0.000753383752262794,5.24173373837018e-05,0.441972950563529,0,-0.0718466547803325,-1.19560587834108,-0.857872256497618,-0.0663551105039153,-0.00471911654833868,-0.0509935555090358,-0.459069556023741,-0.0114378589785893,-0.000490096593563628,-0.00014005192663955,-9.2571161700512e-06,-5.13234575652816e-06,-0.0001849876877471,0.000532168354348148,0,-9.95191342455764e-05,0.000209968023176435,0,0,0,0,0,-0.0078125673703459,0,0.000333008787896993,0,0.00845260298189243,0,0,0,0.000441639848162389,0.000168993376221065,2.14219895679136e-05,0,0,-0.0551308785948265,0,0,0.0360553712216783,0.00247960261309723,0.00126476850192207,0,0,0,0,0,0,-0.000584640195117025,3.79264766406659e-07,-0.0268990055776377,2.81158975327134e-05,-0.000206424074272826,0
0.0776229870908122,-6.91618638200306e-06,8.59586561843039e-05,-3.33466229628984,-2.81555654152999e-05,-2.70604029880604,-0.109173152740325,0.0202869646840366,-0.0333281907560348,-0.781818267884133,8.00945263121558e-07,0,3.79915149819255e-06,0.0530454109056174,-0.502350673129503,-0.00500491110153995,0.000156695181280615,0,5.23648394953772e-05,-13.6790721000655,0.00435698111111203,-0.000897577515019075,0.000888358602769077,-0.827317233431954,0,2.28060466019129e-05,-0.00121207482650222,-0.198970170469962,0.00327384136277151,-0.0107692799705703,0,0,0.000818861662650727,-0.00948217146486557,-0.000382444715719935,-0.28443325909278,-0.00672762882824402,0.000328851950650344,0.00300548148806402,-1.95750509520754,0.00035097572760685,1.28069521699927e-06,-0.000981444922058855,4.4927807895605e-06,0,3.08397277018711e-06,0,0,0,0,0,0,-0.00650592998964642,0,-0.000151851673051718,0,0,0,-0.00027939312978396,0,-0.130606913118889,0,0,0,0,0,0,0,-0.0107651797414399,0,0,0,0,0,0,0,-3.69030238970235e-05,0,0,0,0,0,0,-5.21582897573544e-07,0.203007851747294,-0.000119176102657412,-0.00025007439785659,-3.9281071160461e-05
1.00269234343088e-05,-0.888688624745228,-0.0147874690216569,0,-0.000975129296079495,0.000330231711650495,2.35066576109942e-05,0.000128850401738243,0.000311569177605208,0,-10.9444116713022,3.79915149819255e-06,0,0,0.000197058238202384,-0.000582379427886861,-0.0162277796070905,-0.0140452907156909,0.0347904640850389,0,-1.12509682965099e-06,-0.0268315980837325,-0.00212480481634833,-0.00102618705406871,-0.0463688144399983,-0.679322862403584,-0.249262482165983,-0.000419215705239064,0.000302786035653067,-0.000584385366245765,-0.715830561973986,0,0,0.0948448933184316,0.00015986749165378,0.109126750359704,-2.56319446095929,-0.695508285748495,-0.0468813244137404,-0.0198582546762583,-0.439320772282045,-1.66017303741321,-0.0777273124129862,-0.185364781316197,-0.00732850295149412,-0.0141379702030347,-0.00153809114548655,-0.00127735696016024,-0.0492038138694396,0,-0.00678879956622958,-0.000708311149461016,0,0,0,-0.000192690027363266,0,-0.00755781217656607,0,0.000122056495920295,0,-0.173667844048411,0,5.98125377418101e-06,-1.34393042790483e-05,-0.000516882133859758,0.000155832621689261,-9.0601577834294e-05,0,1.34776916374815e-05,-0.206322870829815,2.06931568554942e-05,0,0.120897046888895,0.00500010161910218,0.00224579541238259,0,0,1.08868998760841e-05,0,0,0,0.0207728110156231,3.79508065196529e-05,-0.262511045267185,-0.0338233480601194,-0.000884206866758422,-2.15360397061079e-05
-2.79157401418406,0,0.000114105790861521,-0.0002154355328512,0.204637471832789,0.177080241880596,-0.487614596740753,-5.74004913324793,0.000807478352272934,0.0191763297108383,0.000103910449494441,0.0530454109056174,0,0,0.0311788168225869,-0.000400569852732936,5.54290254616088e-06,0,0,-0.0030159363054109,-0.000135078080773414,0.000447627862755027,0.000157289143850069,-0.0220816347501985,0,0,-0.000289929018722493,-0.0179183650389886,0.837619996157186,-0.00374292068584308,0,-0.738799080303433,-0.00436205094530387,-0.0473646292438908,1.99839447010585e-07,0.0108237244442033,0.00116664933296311,-0.00119668763960536,-0.000720255919061712,0.215710453053676,0.0466296810296671,0,1.16391581390918e-05,0,0,0,0,0,0,0,0,0,0,0,0,0,0,0,0,0,0,0,0,0,0,0,0,0,0,0,0,0,0,0,0,0,0,0,0,0,0,0,0,0,0.0125645981770705,5.26603142820136e-06,0,0
0.119625876236638,0,-0.000262637013142396,0.000165070586108242,0.841826360980577,0.206499078424848,0.00495461312468383,0.0789863697307924,0.0550186562888969,-0.00460602325742681,2.93829090273603e-06,-0.502350673129503,0.000197058238202384,0.0311788168225869,0,-0.00354845929904423,-4.98611746890325e-06,0,0.000181665463834217,-0.00405649394186295,-8.77957949084829e-05,-0.00211511535752017,-0.000527862709776844,-0.00999485173060041,6.65561878993663e-05,0,-0.000133758882521286,-0.00202385346634086,0.139137856183134,-0.012888326345831,0,0.00137575939170549,0.125862626170806,0.121100091230628,-0.0562486479479804,1.00827084096317,0.0217409336557328,0.0327198747396522,0.00894146150824422,-11.8366329660656,0.0313008651820186,0.00014223789652108,0.834648391574231,0.0176860801305415,-0.000638902321386351,0.0260165080079341,0.0874405782899606,0.00212464771441634,0.00123411429327589,0,0,3.98344621282636e-05,0,-0.016213854917608,7.22597834286729e-05,8.44490431281861e-06,0.000118452936394116,0,0,5.55508234846588e-05,-0.00299299468582263,-0.00487272696351633,2.27654497688804e-05,0.013475660124474,-0.000101639152158461,4.65987149567103e-05,0,3.15010234559237e-05,0,2.11042941979284e-06,1.4512723578484e-05,-2.3702908659701e-05,-4.83896020390082e-06,0,5.26534699161957e-05,-1.2320711654007e-05,-5.74459012335965e-06,1.48863175826273e-05,-7.27135025543616e-07,0,0,3.87755183663225e-05,0.00101541998964116,-0.00599732519027376,0.828800489436942,0.522181210520615,0.0184407112570367,-0.0175133770142755
-0.0109700836484052,-0.0263496880649525,-0.0662271069522374,-0.00019837186863403,0,-0.026706439933122,0.135117395437197,-0.00189372692179301,-0.7818353149869,-0.00153950341427322,-0.0034441987573607,-0.00500491110153995,-0.000582379427886861,-0.000400569852732936,-0.00354845929904423,0,0.00203114862625773,-0.000289729070748131,-0.00258057921893064,0.00134950470098217,-2.08372653285321,1.11405438665104,-1.9620596103129,-0.20946413899214,-0.00380537965010566,-0.0135472503800676,-0.652647824492449,3.31137887176793,0.0390816919735021,0.205443714448355,0,0,0.000475443218120867,0.150590715717103,3.57861274742982e-08,0.115497971913593,-0.0818155781010091,-0.00357676106937478,-0.00157774783463209,-0.0104318490330723,0.000385083341893946,0.000536646666875168,0.00311306655570092,4.85036864043542e-06,0,0,0,1.95476742164614e-07,0,0,0,0,0,0,0,0,0,-0.000621153779786841,0,0,0,0,0,0,0.183249132477019,0,0,0,0,0.0459779970278802,0.000118981900967178,0.036971756220249,0,0,0,0,0.000517459960035941,0,0.000175876122960255,0,0,0,0,0,-0.0284891142187808,-6.10102200965851e-05,-0.00297808589822126,0
-0.00060641413735452,-0.0604638509996012,-0.786511984954724,9.40160634122941e-05,1.52575514100555e-05,0.000505401814829362,0.00609664711780687,5.5484117784395e-05,-0.022858012378148,0.00016975089215068,-0.184773227381632,0.000156695181280615,-0.0162277796070905,5.54290254616088e-06,-4.98611746890325e-06,0.00203114862625773,0,-0.00181006332990061,-3.12551831327817,0.000321303297688189,0.341056336667073,-0.186978934276256,-3.41212974638989,0.000581688909624043,-0.0459200032956483,0.437056247801598,-0.213158031250987,0.0140925576554943,0.000291936073375714,0.157386739233777,9.54844843119948e-05,0,0.000100365187463827,-0.0059956263572728,0,0.105879806565414,0.212370460048721,0.00348499194679859,-0.00152742162599567,0.000904679088127469,0.000393114124508946,-0.000287038464621765,-0.00188878420050693,1.73290816223982e-07,0,0,0,0,-0.000458280482087388,0,0,0,0,0,0,0,0,-0.00299931343558812,0,0,0,0,0,0,0,0,0,0,0,0,-0.00929217799863723,0,0,-0.000164606436799234,0,7.28492907958341e-06,0,0,0,0,0,0,7.50706094033651e-08,0,0.046959782814288,-0.00180455126186694,-0.00221951269604857,0
0,-0.00790315265087037,-0.00306586391578653,0,0,0,0,0,-0.000720399117285929,0,-1.00594920989686,0,-0.0140452907156909,0,0,-0.000289729070748131,-0.00181006332990061,0,-6.28925980555946,0,0,6.60257461115648e-05,-0.00157427720853703,-0.000109279507450203,-0.0159258405955204,-1.07286635189409,-0.0471774626986881,1.17848289077286e-05,0,-1.94511607176238e-05,-0.000228720393408261,0,0,0.000256471256429861,0,-0.0012407413126948,-0.0124938919189555,-0.000904833792988117,0.00123433814012879,-3.87216068774195e-05,0,0,0,0,0,0,0,0,0,0,0,0,0,0,0,0,0,-9.42308593819876e-05,0,0,0,0,0,0,0,0,0,0,0,0,-0.00390197556109323,0,0,0,0,0,0,0,0,0,0,0,0,0,-0.00123024577424078,0,0,0
-8.97421059161227e-06,0.090283602378956,-0.107002271265138,0,0.000123641472219308,4.88353330976577e-05,0.000294361228864462,0,-0.00413346787340245,0,-1.61700608923726,5.23648394953772e-05,0.0347904640850389,0,0.000181665463834217,-0.00258057921893064,-3.12551831327817,-6.28925980555946,0,0,7.67397214877161e-05,-0.0236546635197426,-0.0680298475414204,-0.0024079282374343,-0.00514336930200253,-0.151542963906091,-0.0776539316172455,0.000277801080474681,-0.000227956115480855,-8.08337074836244e-05,0.000848362605878328,0,0,0.0979100472816969,0,-0.0159526385847149,0.758702122987673,0.0408094929365216,0.00849152209307256,-5.33471155390823e-05,0.000293566904876111,-0.00104892554681841,-1.51796404963432e-05,0,0,0,-2.60140287467343e-05,0,0,0,-0.0010421527032137,1.81423257718802e-05,0,0,0,0,0,-0.00387497557770496,0,0,0,0.000287234155705069,0,0,0,0,0,0,0,0,-0.0231581556412833,0,0,4.60911812366833e-05,2.08280797297361e-05,1.49965801308627e-05,0,0,0,0,0,0,0,0,-0.00265176387084325,0.00027971143777583,-0.000437744801993849,0
-0.00680927541661094,0,0.000128746049241549,-17.8776609547961,0,-0.241410398505497,0.156744142807401,-0.0177994105361333,0.0108225716141072,5.28997190922402,0,-13.6790721000655,0,-0.0030159363054109,-0.00405649394186295,0.00134950470098217,0.000321303297688189,0,0,0,0.00181608567507681,0.0016448795276675,0.000529928063363979,-0.967131738322044,0,0.000101975959004627,5.15548948039829e-05,1.11836626915711,-0.0012051615138886,-0.000262028873082804,0,0,0,-0.00063393641838621,0,-0.00285748295908762,0.000154518125380286,-0.000437734038834293,0,-0.00356197882906279,0,0,0,0,0,0,0,0,0,0,0,0,0,0,0,0,0,0,0,0,-0.014590584716702,0,0,0,0,0,0,0,0.000769635725010652,0,0,0,0,0,0,0,0,0,0,0,0,0,0,0,-0.00707149755579949,0,0,0
-0.00354417797145422,-0.00190882162155249,-0.00710130972302711,0.000801408534245678,0,-0.0130398866071219,0.0536202230062101,-0.000452778442071377,-0.19099851483902,0.00334846273120001,-0.000635512870135024,0.00435698111111203,-1.12509682965099e-06,-0.000135078080773414,-8.77957949084829e-05,-2.08372653285321,0.341056336667073,0,7.67397214877161e-05,0.00181608567507681,0,0.132316506699695,0.571455498811988,-1.45876768867386,-0.000529865074495365,0.0294156456842716,0.0163346192495377,0.0377763963872395,0.00721204338523525,-2.38622981084526,0,0,-0.000697586466163083,0.000578415280575895,-3.7662457068817e-06,-0.117411859668065,0.661886010994455,0.0127268629724708,0.00146312498897335,-0.0161694706615639,0.000424285207297088,-0.000149546795992081,0.0022573263750746,0,0,0,0,0,-8.09555204001316e-05,0,0,0,0,0,0,0,0,-0.000134558689901096,0,0,0,0,0,0,0,0,0,0,0,0,-0.000447471408134936,0,0,0,0,0,0,0,0,0,0,0,0,0,-0.140204181214967,-7.49807925531903e-05,-0.000942728430472483,0
-0.00540162913983709,0.13639953094788,1.11045820506279,0.000591715230820146,9.67730297060055e-05,-0.002497532673577,0.0984628462541525,-0.000193658579203226,-1.24272677904058,0.00221804996231542,-0.0312579487754716,-0.000897577515019075,-0.0268315980837325,0.000447627862755027,-0.00211511535752017,1.11405438665104,-0.186978934276256,6.60257461115648e-05,-0.0236546635197426,0.0016448795276675,0.132316506699695,0,1.56257152137671,-0.660843351128205,-0.589146404821732,0.248974991538486,0.517914934552914,0.841347763056419,0.000649004561678027,0.0666441339414531,-0.000620366860690389,0.000122492958902559,-0.00172238818646214,-0.303464696352787,-1.99534300650804e-06,-0.345798883427248,-2.21448997862419,-0.157962125531267,0.0137038468767242,-0.00754655810894726,-0.00219413093767589,-0.00655621486316361,0.08145499377907,-0.00121760236641138,0.00112733974180536,0.00132362001261147,6.69587206717202e-05,0,0.00108864396210041,0,0.0536217657768782,0.0089338594084073,0,0,0,-4.6758865917692e-05,0,-0.0623006626627747,0,-0.00535915417943169,0,-0.0134328142049091,0,0,0.000692218451056604,0.00103669135026945,-0.000423316327023205,0.000559434111588044,0,7.75160556334718e-05,0.13083170139587,0.000541027131682417,8.09924237877788e-05,-0.522737135513204,-0.0296114562145875,-0.0267973246685983,2.10236213345092e-05,0,9.29579091632379e-05,0,0,0,0.00261556677300031,-4.941290605385e-06,-0.768429096723775,0.0896297074373799,-0.0125294784398255,0
-0.0117740165918468,-0.0268174683625968,0.80479978389892,-9.70965599624089e-07,-4.71582583629045e-05,-0.0230091503141431,0.0278228302547709,-0.000389676813116725,-0.251817317051561,0.00109006340465928,-0.0230329418319704,0.000888358602769077,-0.00212480481634833,0.000157289143850069,-0.000527862709776844,-1.9620596103129,-3.41212974638989,-0.00157427720853703,-0.0680298475414204,0.000529928063363979,0.571455498811988,1.56257152137671,0,-0.111186613920195,-0.00666031618720942,-0.0311174168153416,1.26090957857867,0.0144847915204762,-0.00887894108999482,-0.104715381109265,0,0,-0.00364864550888282,-0.53706919579797,-3.05881322650714e-05,-0.52332100296643,0.345166543963857,-0.00958290751431028,0.00297497973489719,-0.0430065269401,0.00105793764079255,-0.000168430750379547,0.0213771046567961,3.51976903631619e-05,-8.96093167854115e-06,2.07244079832584e-06,-7.78308429659164e-06,8.12448152039865e-07,0,0,0,0,0,0,0,0,0,-0.000604055305243454,0,0,0,0,0,0,0,0,0,0,0,0,-7.44461478828583e-05,0,0,0,0,4.61887715061724e-06,0,0,0,0,0,0,0,-4.41771251305394e-06,-0.548870757159919,0.00301017644132336,-0.00917082944390253,0
0.0447872921099076,-0.0118717100453152,-0.05395909634603,0.136696852759975,0,-0.63469272005674,-0.675070628270593,-0.0343654068740204,0.176934345821987,-0.119781335045593,-0.0151739942555023,-0.827317233431954,-0.00102618705406871,-0.0220816347501985,-0.00999485173060041,-0.20946413899214,0.000581688909624043,-0.000109279507450203,-0.0024079282374343,-0.967131738322044,-1.45876768867386,-0.660843351128205,-0.111186613920195,0,-0.0182361007413224,-0.00937375747694148,-0.0354141517425298,0.618607680711591,0.0346536932121486,0.158734532143427,0,0,-0.00313095361680743,-0.161324736439409,0,-0.0966439723915027,-0.289461548217504,-0.0024895053159447,-0.000485637564372646,-0.0309096479725479,5.7123202900247e-05,8.46120123832962e-05,0.000718372602814829,1.027424821827e-07,3.00079408941911e-07,0,0,0,0,0,0,0,0,0,0,0,0,-9.07785255347197e-05,0,0,0,0,0,0,0,0,0,0,0,0,-8.28762303596301e-05,0,0,-0.00305481502933485,0,0,0,0,0,0,0,0,0,0,-0.0291013934465778,-7.16514965642859e-05,-0.0011456852396367,0
0,-3.69646490172703,-0.0162450957450259,0,0,4.73421149783383e-05,-0.000217727870148803,-1.44421509443002e-05,-0.0900614742455881,0,-1.12041524082546,0,-0.0463688144399983,0,6.65561878993663e-05,-0.00380537965010566,-0.0459200032956483,-0.0159258405955204,-0.00514336930200253,0,-0.000529865074495365,-0.589146404821732,-0.00666031618720942,-0.0182361007413224,0,0.208092223743412,-0.147990984710894,-0.000454428402054095,-1.64479961112495e-07,-0.000115153007799726,0.00996356153101255,0,0,0.00411078409429706,0,-0.195976092118403,-1.2263367798395,0.0207449017864196,0.0782143013628244,-0.000190654803654248,-0.00540838419407138,-0.0113105495994867,-0.408820772447719,-0.0593528632458328,-0.0112160024189934,-0.00807260658400856,0,0,0.355122513154699,0,-0.0412632630845891,-0.000181219174482819,0,0,0,0,0,-0.0156362116782267,0,0.0199639056130074,0,0.182278356796535,0,0,-0.000343214105831584,-0.00138561810276804,0.00111962575286793,-0.000154311227985215,0,-0.000101379982547231,-0.73960808054659,-0.000127684780275327,0,0.527129425318057,0.0121752741550185,0.00464063679540695,0,0,0,0,0,0,-0.0468306717645114,2.03952972789067e-07,-0.00267533693240717,-0.000991941127630304,-1.87918615295167e-05,0
9.56007492131299e-05,0.297798706526399,0.96439306122472,1.64147497575827e-05,-1.67648247283435e-05,6.93743793547951e-05,-3.86776506318368e-05,0.000422251694158533,-0.0122552082789341,1.28137675185855e-05,-1.887461435318,2.28060466019129e-05,-0.679322862403584,0,0,-0.0135472503800676,0.437056247801598,-1.07286635189409,-0.151542963906091,0.000101975959004627,0.0294156456842716,0.248974991538486,-0.0311174168153416,-0.00937375747694148,0.208092223743412,0,-0.537196809363397,-0.00159364056892865,0.000556785621704863,-0.00123341920131397,0.0229695110665732,9.45248823283791e-05,-8.77206415983183e-06,0.214732399015492,0,0.00849075279064279,0.655039028143561,0.171319350100528,0.0200656839922581,-1.48899196627484e-05,0.000466830359828736,0.00227507776817076,0.00152752565107809,0.000342743588928523,0,0,-6.12408453095355e-05,0,0.000103348258336891,0,-0.000430480842713647,0,0,0,0,0,0,-0.000703927187266269,0,0.000420199300074555,0,0.00400408317278769,0,0,0,0,5.06088314950226e-05,0,0,0,-0.0508637148991811,2.51853094049807e-06,0,0.0232520663896005,0.00088400866724174,0.000766184623443103,0,0,0,0,0,0,0,0,0.00949747115972078,4.41204809245439e-05,-0.000431904192793591,0
-0.00204571211599002,0.929306593813477,1.18915006979403,-9.24017299454385e-05,3.76022658262369e-05,-0.00411872141834015,0.00926098518451737,-0.000449467375798641,0.0188526481373139,-0.00128727252156607,-1.17908483029265,-0.00121207482650222,-0.249262482165983,-0.000289929018722493,-0.000133758882521286,-0.652647824492449,-0.213158031250987,-0.0471774626986881,-0.0776539316172455,5.15548948039829e-05,0.0163346192495377,0.517914934552914,1.26090957857867,-0.0354141517425298,-0.147990984710894,-0.537196809363397,0,-0.0378125968960558,0.0027560526640669,0.086157195831895,-0.0594840196347891,0,-0.0003527716510777,-0.69416930531069,-2.71264322613786e-06,-0.0743215132511032,-0.102751448648905,-0.316134219564588,-0.000451288662894019,-0.00253479814317757,-0.000792998625001675,-0.00594562934049015,0.0050864680362077,0.00129583860743411,9.2015856084378e-05,0,0,-7.40435664923382e-06,0.000440304011721489,0,0.00139688443322325,0,0,0,0,0,0,0.00289961596763442,0,0.00176258316606852,0,0.0066033518338145,0,0,0,5.7541285922312e-05,0,6.99788397157358e-05,0,0,-0.0336816690440323,0,0,0.0509874147871006,0.00271909686853798,0.00111899429029641,0,0,0,0,0,0,0,-7.49852303757457e-07,-0.0602195317296455,0.00593530269628455,-0.00210328022564961,0
0.00226962151229356,-0.00286947804017013,-0.0573882779958021,5.83194366063027,0,-0.0652070262846487,-1.81684837032766,-0.0749295303391087,-0.197851261444031,-1.27542257921508,-0.00258410992486869,-0.198970170469962,-0.000419215705239064,-0.0179183650389886,-0.00202385346634086,3.31137887176793,0.0140925576554943,1.17848289077286e-05,0.000277801080474681,1.11836626915711,0.0377763963872395,0.841347763056419,0.0144847915204762,0.618607680711591,-0.000454428402054095,-0.00159364056892865,-0.0378125968960558,0,0.0672126356496448,-0.471526632223748,0,0,-0.00563092696062406,-0.0160086400937313,-8.56148384829697e-06,-0.0568409457346972,-0.290047404575279,-0.000845674850967962,-0.00148516808044581,-0.0207183263889692,-6.7880847641658e-05,0.000176123703612252,0.000467923390160849,5.82395815445275e-08,0,2.65028600218994e-07,-8.30198514104703e-05,0,0,0,0,0,0.00653144683555681,0,0,0,0,-0.000755704059660628,1.5459597612299e-05,0,0,0,0,0,0,0,0,0,0.000896675129043368,0,-0.000181769390250983,0,0,0,0,0,0,0,0,0,0,0,0,0,-0.0837449382053249,6.84708892932747e-06,-0.0014414714303839,0
-3.10437924201218,-0.000650845423195901,0.00179782698362389,-9.66890076293075e-06,0.385508246610388,-4.22968204180934,0.291402354497466,-3.46049337054055,-0.00985146707666242,-0.00195277832709908,0.00132764120293142,0.00327384136277151,0.000302786035653067,0.837619996157186,0.139137856183134,0.0390816919735021,0.000291936073375714,0,-0.000227956115480855,-0.0012051615138886,0.00721204338523525,0.000649004561678027,-0.00887894108999482,0.0346536932121486,-1.64479961112495e-07,0.000556785621704863,0.0027560526640669,0.0672126356496448,0,0.0942886457285406,0,-0.0378493893052196,-0.994842943916356,0.509592339167946,2.27613912479458e-06,0.743035425818886,0.0518218989844351,0.135737035263871,-0.00529039459544724,0.223112087041796,0.367248095062845,1.69836208675465e-05,0.000251502301057605,4.04736102053758e-06,0,1.64770692896518e-05,4.02737618081396e-06,1.05218340818833e-05,0,0,0,0,0,0,0,0,0,0,0,0,0,0,0,1.91414079004713e-06,0,0,0,0,0,0,0,0,0,0,0,0,0,0,0,0,0,0,0,2.66074799353219e-09,0.393499093496848,-1.68572502774089e-05,-0.00158130958790161,0
-0.850261082898605,-0.00506334433884554,-0.0517785938774894,0.0017910918120246,-3.30922595459243e-07,-0.461347066878133,2.47292687813035,-0.0650668936466658,-0.207729466700709,-0.0397785304699372,-0.00200110387078086,-0.0107692799705703,-0.000584385366245765,-0.00374292068584308,-0.012888326345831,0.205443714448355,0.157386739233777,-1.94511607176238e-05,-8.08337074836244e-05,-0.000262028873082804,-2.38622981084526,0.0666441339414531,-0.104715381109265,0.158734532143427,-0.000115153007799726,-0.00123341920131397,0.086157195831895,-0.471526632223748,0.0942886457285406,0,0,4.24224258767929e-05,-0.0235571755018669,0.0356420694134336,-1.49184070213607e-06,0.0615128182617588,0.445629091696889,0.000394160718113958,-0.000758459112391186,-0.0712629821404747,0.00090050878106842,-8.47083394423605e-06,0.000404743457610125,4.37476306877821e-07,0,2.03378390588151e-06,0,0,0,0,0,0,0,0,0,0,0,-0.000417742217092694,0,0,0,0,0,0,0,0,0,0,0,0,-0.000249472669082311,0,0,0,0,0,0,0,0,0,0,0,0,0,-0.0871096181418196,1.29005508958095e-06,-0.00249193054922733,0
0,0.000297121330236902,0.000399569882158026,0,0,0,0,0,0,0,0.0619895182071233,0,-0.715830561973986,0,0,0,9.54844843119948e-05,-0.000228720393408261,0.000848362605878328,0,0,-0.000620366860690389,0,0,0.00996356153101255,0.0229695110665732,-0.0594840196347891,0,0,0,0,0,0,0.00174520759738487,0,0,0.00670151859432965,0.000933674861162661,0,0,0,0,-0.000581519368467548,0,0,0,0,0,0,0,0,0,0,0,0,0,0,0,0,0,0,0,0,0,0,0,0,0,0,0,0.000524799141419049,0,0,0.00040617650156573,0,0,0,0,0,0,0,0,0,0,-1.03788564274657e-06,0,0,0
0.000118613634566149,0,0,0,1.18786671436041,-0.993631818153909,0,-0.389939343109719,0,0,0.000753383752262794,0,0,-0.738799080303433,0.00137575939170549,0,0,0,0,0,0,0.000122492958902559,0,0,0,9.45248823283791e-05,0,0,-0.0378493893052196,4.24224258767929e-05,0,0,0.00286834715512273,-0.0111432538585119,0,-0.000347702221871883,0.00226879495399175,0.0058562670025068,-0.00014017960871773,0.0577141919698846,0.372053587705116,0,0,0,0,0,0,0,0,0,0,0,0,0,0,0,0,0,0,0,0,0,0,0,0,0,0,0,0,0,0,0,0,0,0,0,0,0,0,0,0,0,0,0,6.54937662823804e-06,0,0,0
0.865104776793385,-0.000350373906734878,-0.000427933665203193,0,0.0321215220471103,-0.744366588895409,0.0249655219830753,-0.199363947569494,-0.00355913918442777,-0.000245331191237989,5.24173373837018e-05,0.000818861662650727,0,-0.00436205094530387,0.125862626170806,0.000475443218120867,0.000100365187463827,0,0,0,-0.000697586466163083,-0.00172238818646214,-0.00364864550888282,-0.00313095361680743,0,-8.77206415983183e-06,-0.0003527716510777,-0.00563092696062406,-0.994842943916356,-0.0235571755018669,0,0.00286834715512273,0,-0.26897306118867,5.46318061853896e-07,0.0571815122696067,0.0130775516065005,-0.00216980120480741,0.00084756192029993,-5.06041919766862,0.0747651335541652,0,-0.000469895696642863,1.55554116225113e-06,7.86283935863539e-08,-2.03846308540889e-06,0,0,0,0,0,0,0,0,0,0,0,0,0,0,0,0,0,0,0,0,0,0,0,0,0,0,0,0,0,0,0,0,0,0,0,0,5.16161875579327e-06,-1.7703396944147e-06,-0.338498407220408,-0.0014265684266004,-0.00557937632166789,0
0.210312765252226,-0.686689720049017,-1.14335951983221,0.000203053743868228,-0.376048181456925,-1.48212401761518,0.0757781165966361,-0.51561307377818,-0.146763166278303,-9.9110865292182e-05,0.441972950563529,-0.00948217146486557,0.0948448933184316,-0.0473646292438908,0.121100091230628,0.150590715717103,-0.0059956263572728,0.000256471256429861,0.0979100472816969,-0.00063393641838621,0.000578415280575895,-0.303464696352787,-0.53706919579797,-0.161324736439409,0.00411078409429706,0.214732399015492,-0.69416930531069,-0.0160086400937313,0.509592339167946,0.0356420694134336,0.00174520759738487,-0.0111432538585119,-0.26897306118867,0,-5.95922770122005e-05,3.35176052572945,-1.04055318075628,-4.73761554505368,0.0329442389868131,-3.45927044141167,0.0936939177243357,0.259869378650213,0.00766832731849112,0.00294897659907317,0.000339365057515605,0.000285469480714735,-0.000346930312688606,-5.20957612748001e-05,0.00261125272952894,0,0.000487173205733161,4.15379415245025e-06,0,9.55864136375848e-06,5.28168210913478e-07,0,0,-0.0200854606977058,0,0.00319599101508208,0,0.00376994206432143,0,1.23655249454019e-05,0,0,0,0,0,0,-0.036074747654206,1.22904791887941e-06,0,0.00159511152836106,0.000113429811478738,3.62129226656656e-05,0,0,0,0,0,0,0.00422820108626192,-5.43107518013593e-06,-0.101916365435247,-0.0167950022910931,-0.10833913862708,1.38509816117855e-05
-2.95486152411744e-06,3.3037148824949e-08,-2.79117605666392e-06,0,-0.0802633433190139,1.40014842021879e-06,1.43160796734196e-07,6.25019594003068e-07,-5.72700296468545e-07,0,0,-0.000382444715719935,0.00015986749165378,1.99839447010585e-07,-0.0562486479479804,3.57861274742982e-08,0,0,0,0,-3.7662457068817e-06,-1.99534300650804e-06,-3.05881322650714e-05,0,0,0,-2.71264322613786e-06,-8.56148384829697e-06,2.27613912479458e-06,-1.49184070213607e-06,0,0,5.46318061853896e-07,-5.95922770122005e-05,0,-0.00443777599136982,-0.00223377652134858,-0.000389166047953234,-4.65586314328922e-05,-0.0406680052127367,0.000215262445580789,-4.70892154320522e-05,-0.0141838212419826,-0.0393441166318782,0.00391002183797768,0.00584797912929608,-0.0876609459150656,-0.0118142255144186,3.33834228581473e-05,2.99457085505565e-06,-7.40512351056879e-06,-4.53177036986359e-05,0,-0.0278900928841714,-8.21792108316491e-05,1.37359136092539e-06,6.98915556546955e-05,-3.52393587391029e-06,-1.79002825231896e-06,-0.000165045451792731,-0.00806353403711847,-0.00229048914642314,2.08159619336096e-05,-0.0448052636589079,-1.64838675107922e-05,-8.06717499794726e-06,5.55010446863531e-06,1.38273892764705e-05,0,1.14786991588263e-05,-4.97706653626872e-05,-8.9450029455477e-06,3.05694113299155e-05,3.87527822216811e-06,2.24587067843448e-05,-1.52630576245795e-05,-2.5725598520173e-06,7.85295066343491e-07,-1.27577771624502e-05,0,0,-1.07011322300405e-07,0.00060152089391904,-0.691097161668856,-0.00899513470963407,-0.0944999176354117,-0.0222414843450279,-0.312932643578435
0.36323181689858,-0.0615602584992624,-1.10928986252381,0.000175462985297563,0.135426094358787,0.0746027841487154,0.136835366992988,0.109952646490378,-3.65510186741286,0.0021780841121991,-0.0718466547803325,-0.28443325909278,0.109126750359704,0.0108237244442033,1.00827084096317,0.115497971913593,0.105879806565414,-0.0012407413126948,-0.0159526385847149,-0.00285748295908762,-0.117411859668065,-0.345798883427248,-0.52332100296643,-0.0966439723915027,-0.195976092118403,0.00849075279064279,-0.0743215132511032,-0.0568409457346972,0.743035425818886,0.0615128182617588,0,-0.000347702221871883,0.0571815122696067,3.35176052572945,-0.00443777599136982,0,0.456120414321471,-0.473746698698424,1.51523194947583,1.0015554962091,1.29258861527747,0.928268532490287,0.728229203247174,-0.115023750991772,-0.214853270404571,-0.106952975491841,-0.128042611409244,-0.0548380023870306,0.0304216946260117,7.16706063446844e-05,-0.0214146054042188,-0.011712465199859,0,0.00527953364908467,-0.00108621158859809,-0.000501439341803238,0.00028967895061663,-0.283091782734708,-3.6215604951998e-05,0.0150261383207529,-0.0100150927770349,0.0587641816520506,7.24890198209539e-05,0.0246072105554761,0.00321004821950759,0.00576747334937905,-1.08912825693897e-05,0.00341367742776384,0,-0.00375069802330753,-0.0247159484241265,-0.00164817865235841,-0.000503028016035048,-0.00253108477422961,0.00166120014243457,-0.0047521201924869,-0.000960346743056798,1.44908355817445e-06,-0.00185652966306792,3.95596606579293e-06,0,-0.000245920004070983,0.0139391486243048,-0.00109766467679064,8.18680207478237,-0.332137017098028,-0.272772913509204,-0.000867458206178138
