# command_history: connectomestats -nshuffles 10000 -threshold 2 ./output_tfnbsETamplitudeNeg/files.txt tfnbs ./output_tfnbsETamplitudeNeg/design_matrix.txt ./output_tfnbsETamplitudeNeg/contrast.txt ./output_tfnbsETamplitudeNeg/ -force  (version=3.0.3-98-gb3409159)
0,1.16245855621226,0.925185751756537,-0.141056145240243,0.55180800559398,0.698425832833853,-0.610680689308479,0.878815552682917,-0.44968165260181,0.967342915443789,0,0.217756476708152,1.03036727017423,-1.3407971351415,0.523187040395279,-0.426706119626004,-1.50502877002801,0,-0.0455773228233675,-1.27304139165726,-0.367606173311771,-0.482187734459001,-0.703892184496333,0.222718399520639,0,1.24199671488291,-0.987907208192154,0.0554936381809977,-0.813635667150941,-1.12557166384732,0,0.364409195471067,1.51040106090251,1.89059010900508,-1.93522611830931,2.11228357259399,0.462233231960327,2.00513781761831,1.59417792841228,1.19494501499842,1.92896612337725,0,1.40067584782066,0,0,0,0,0,0,0,0,0,0,0,0,0,0,0,0,0,0,0,0,0,0,0,0,0,0,0,0,0,0,0,0,0,0,0,0,0,0,0,0,0,1.52448259483853,1.26821857151625,0.205692824430765,0
1.16245855621226,0,0.853096544039824,0.88957768255298,0.88957768255298,-1.17294846759903,0.268740754527953,1.33459695970451,0.711034944759374,0.88957768255298,-0.715981996603087,-0.238407619654224,-1.89710947381987,0,0,-2.12348246533693,-0.500930032775913,-1.03131037827219,0.439202664289629,0,-0.22071048248233,0.106423163326526,-0.309343349868834,-1.95818474568753,-1.40723601495562,0.789762031948837,0.614491939827361,-0.580277936076289,-1.64928830826663,-1.54453585395303,0.531533484822877,0,-1.77659262478071,-1.28618537826626,0.0202752508872407,-0.938323772970192,-2.22292128444416,-1.94704050675981,-1.3870117035339,-0.546827625820318,-0.135870822077583,-2.41707256627532,-0.0100877042144412,0.570627107724014,0.919385545341544,1.07977764228026,0.714676000673237,0,1.12989287024977,0,-0.845783040105497,-1.70278046817943,0,0,0,0,0,0.184168110442335,0,0.311635810617896,0,0.249775835194745,0,0.714676000673237,0,0.660494657282199,0,-1.70278046817943,0,0,-0.960142233363142,-1.70278046817943,0,-0.0149047270356698,-1.28395859649018,-1.47344197868819,0,0,0,0,0,0,0.205692824430765,0,-0.967740465032804,0.707406914831895,-1.15465778520229,0
0.925185751756537,0.853096544039824,0,0.562910473349019,0,-0.620129697066955,0.181933175516689,-0.0068243879042476,-0.460783676972176,0.645707310195647,-2.12429204672511,0.120654147093114,-1.56428879607386,1.07299327334819,-1.39772566055982,-0.94528484245993,-0.842248593304553,-0.613727689037584,-0.704766517060392,0.73126953972324,-0.0696740708394261,0.850522632469249,0.538344837266792,-1.53091069293064,-0.341042242794009,0.351171213370076,0.681190262502032,-1.21948542081865,0.782690211794169,-1.5641400988615,1.22680878134975,0,-0.744099643180434,-1.5132984133132,-2.01558828495058,-2.25091881656012,0.761467921625256,-0.688259373061269,-0.417848085527445,-1.69899472269655,0.510320287239005,-0.827366063366446,0.265415077664068,-0.0975446799177176,0.0202752508872407,0,0,0,0.276361927242623,0,0.563875511034067,0,0,0,0,0,0,-0.0305777036206616,0,0,0,-0.0455773228233676,0,0,0,0.205692824430765,0,0,0,0,0.331524667493171,0,0,1.53051103980325,0,1.17431788481778,0,0,0,0,0,0,0,0,-3.93842243352816,0.117085404336174,-2.29003592756155,0
-0.141056145240243,0.88957768255298,0.562910473349019,0,0,-1.26000956253743,0.0669616604045362,-0.415806326675213,1.34340189283257,0.0650351771378348,0,-3.63927337089049,0,-0.459804081167534,0.591192828192143,-0.47443380794271,0.513363616337143,0,0,-1.25767030934274,1.5564331877752,1.40590078850928,-0.00218560053454791,0.209294490063739,0,0.364409195471067,-2.01558828495058,1.34679034581842,-0.0431830049735668,1.34191393096131,0,0,0,0.219142087372933,0,0.347073042839438,1.08223225567841,0,1.07977764228026,0.205692824430765,0,0,0,0,0,0,0,0,0,0,0,0,0.666003271738191,0,-1.70278046817943,0,0,0,0.488759770455893,0,-1.70281100495256,0,0,0,0,0,0,0,-1.44077491992823,0,0,0,0,0,0,0,0,0,0,0,0,0,0,0,1.39872985386385,0,0,0
0.55180800559398,0.88957768255298,0,0,0,-0.47121660685311,0,1.6969763186824,-0.545136081285229,0,0.91268776296158,-0.135609309623885,-0.850560044134741,0.876398181438558,1.4456495872934,0,0.505944636940159,0,0.505944636940158,0,0,0.231417299719238,-1.65497181808673,0,0,-0.135609309623885,0.296170307005157,0,0.44994523718571,-0.0455773228233675,0,0.369891859386044,1.23647687393536,-0.559549741835255,-1.46220355008502,0.36295245709375,0.084554094947401,1.1738022817227,0.451945003573117,-0.235682177618891,0.230013089970788,-0.0466599557612124,-0.507680536209248,-1.47066416467031,-1.54912403185112,-1.79554687604185,-0.717554199746926,-1.7542307861824,-0.772830845988907,0,0,-0.0299677968319545,0,-1.77008718930702,-1.5229904256725,0,0.781179417249525,-0.719000025717236,-0.719000025717236,-0.224056015919999,-1.77659262478071,-2.49178282813571,1.07977764228026,-0.326662243198342,0.244737602457243,-1.70940538061374,0,1.07977764228026,0,0.786568890634092,0.296148628913481,0.741173982127194,0,0,-0.820132677154559,-1.45432129069228,0,1.08009243699614,-2.01905244723372,0,0,0,-1.96617328764229,-1.88630911604925,-0.0886329262482304,-0.858821556911348,-0.201542623396577,-0.996815447694792
0.698425832833853,-1.17294846759903,-0.620129697066955,-1.26000956253743,-0.47121660685311,0,0.558850330554948,0.793136022212963,-1.24164301714582,0.921684816011857,-0.572388032094525,-1.96428843575595,0.621287171765125,0.162128705481356,0.327226255997983,-2.23937713820635,0.683148467644056,0,0.331700077009271,-0.237069378577973,-1.51768514600135,-0.321791033608192,-1.80261926931119,-1.64645663223735,0.364409195471067,0.182178644544235,-1.60198840743909,-0.0667172001510377,-2.4550975513753,-3.11614798298423,0,-0.828878078748512,-1.23164927903615,-2.45013733665418,0.714676000673237,0.614276464395847,0.227716487560916,-0.767788589996986,-1.73419692650347,-0.763673766086951,-0.97102448474732,0.146587264575738,0.903632726722385,0.714676000673237,0.505944636940159,0,0,0,0,0,0,0,0,0.714676000673237,0,0,0,0,0,0,0,0,0,0.714676000673237,0,0,0,0,0,0,-0.135609309623885,0,0,0,0,0,0,0,0,0,0,0,0,0.714676000673237,0.644596601018276,1.19506526537362,-0.719000025717236,0
-0.610680689308479,0.268740754527953,0.181933175516689,0.0669616604045362,0,0.558850330554948,0,-2.07680064878687,1.78179518636011,-0.166131045512774,-0.123291543296086,-0.263923466305191,0.397236905654901,-0.915376702373262,0.053008611463714,1.11420282451416,0.838730900757545,0,0.43520261176449,0.177677511382344,0.589914029996526,2.45905452884343,0.373079002502172,-0.418978406234434,-1.68993536166505,-0.0407903083803309,0.600883051076923,-1.38055234757296,0.764995575763632,0.839979230917403,0,0,0.78198908140522,0.592540014476927,0.0202752508872408,0.740733681835958,0.742552815937794,0.886745305670332,0.892073226173349,0.359063393892075,1.42477360185483,0.390784621454242,0.382115968380869,0.0202752508872407,1.03036727017423,1.03036727017423,0,1.03036727017423,0,0,0,0,0,0,0,0,0,0.303692854488944,0,0,0,0,0,0,0,0,0,0,0,0,-0.539910212737858,0,0,0,0,0,0,0,0,0,0,0,0,0,0.556292025236575,0.834871031707,0.0272983931556184,0
0.878815552682917,1.33459695970451,-0.0068243879042476,-0.415806326675213,1.6969763186824,0.793136022212963,-2.07680064878687,0,0.607188690744301,-1.07218694335806,0.662469920390784,0.197874483171189,1.04296030378172,-1.14298166804444,1.17644236535211,-1.43046346320421,0.619492443569773,0,0,-0.833991577601502,-0.557631327626999,-0.278289745689744,-0.386555789119405,-0.675874068393509,-0.135609309623885,1.16876229848956,-1.36688897086773,-1.88741029296473,-1.3149621991329,-2.0987316433115,0,-0.609331243488889,-0.382837431400798,-0.876276167602327,0.714676000673237,0.691710662472873,0.568152588644614,-1.0167677198164,-1.36547877985323,-0.335417213004058,0.83954259765069,0.210474382636735,1.18708731395047,0,0,0,0.714676000673237,0,0,0,0,0,0,0,0,0,0,0,0,0,0,0,0,0.714676000673237,0,0,0,0,0,0,0,0,0,0,0,0,0,0,0,0,0,0,0,0,0.704492458287115,0.714676000673237,0,0
-0.44968165260181,0.711034944759374,-0.460783676972176,1.34340189283257,-0.545136081285229,-1.24164301714582,1.78179518636011,0.607188690744301,0,0.525284275725075,-0.0544766450840185,-0.0467888651090657,0.0170430896042499,0.698188823259082,0.140591767583434,-1.68847214659345,-0.734716720465525,-0.395572362969631,-0.172215461351644,1.45025506656989,-0.829774025167031,-0.355357922474597,-0.702162188641078,0.0875206042852712,-0.366649034148757,-0.261725623903048,0.139003200404,-0.294327064186588,-0.413952872218598,-0.8782290082774,0,0,-3.0748224589004,-0.553320842968944,-0.308515909700283,-1.12218534969418,-0.275310026208449,0.225486400254913,0.974419169342456,0.424494670636877,-0.222433927321275,0.672933920202812,1.24777583547698,0.996957733448213,1.11036406105797,1.27625897864285,1.07977764228026,0,-0.394735125756978,0,0.859887909854791,1.10532587533464,0,0,1.07977764228026,0.397884903293074,0,-0.824774181277214,0,1.1988914117104,0,0.542889365200495,1.07977764228026,0,0.924429074660969,1.27036148727103,1.07977764228026,1.37543429360389,0,1.07977764228026,0.922939846573692,1.08247038989888,0,-0.92504370598633,1.06510240229549,0.960361491942684,0,0,0.634016340715572,0,0,0,1.43218596017559,0,-0.391513883244208,1.08760452795072,-0.740057186080106,0
0.967342915443789,0.88957768255298,0.645707310195647,0.0650351771378348,0,0.921684816011857,-0.166131045512774,-1.07218694335806,0.525284275725075,0,0.364409195471067,-0.326703914143946,0,0.320523441908977,-0.228278865740532,-0.378296602169382,0.556018515711402,0,0,0.980454995214288,0.69757311645521,1.07824219498925,0.227636011429719,-0.437750534797261,0,0.43725157471284,-1.35626874125678,-1.2638384298384,-0.928853758343489,-0.946805559738421,0,0,-0.683744690589278,-0.02503693854423,0,0.453925199436535,0.584574948416961,0.307722327062557,0,-0.388429433645081,0,0,0,0,0,0,0,0,0,0,0,0,0,0,0,0,0,0,0,0,-1.70278046817943,0,0,0,0,0,0,0,0,0,0,0,0,0,0,0,0,0,0,0,0,0,0,0,-0.375312410753117,1.03036727017423,0,0
0,-0.715981996603087,-2.12429204672511,0,0.91268776296158,-0.572388032094525,-0.123291543296086,0.662469920390784,-0.0544766450840185,0.364409195471067,0,0.0793055360521904,-3.25140646646963,0.568789473586438,0.205692824430765,-1.68639834075052,-2.59411053139006,-0.549857178568116,-1.33665107849205,0,-0.337427586267877,-0.0936551146663841,-1.93456159505746,-1.68085669495654,-1.4196661867699,-1.19762363586172,-1.89341140860249,-0.828474457686087,0.655625042025777,-1.73577398836349,0.125473438220649,1.52717364204899,0.182861484229335,0.470948387283876,0,-1.82126762504304,-0.440195942305736,-0.671673320678358,-0.806106077886412,-1.76067998583309,-2.32869494332835,-0.744617465943836,-3.14077147361191,-0.158962811774403,-1.77659262478071,-1.77659262478071,-1.70278046817943,-2.11957850976452,0.335460243760849,0,-0.0387761548130316,1.17431788481778,0,0,0,0,0,-0.362627465918036,0,0.22564172313637,0,1.10180173339261,0,0,0,1.17277602434761,1.17431788481778,0.88957768255298,0,0,-0.377454458333385,0,0,1.47964710736765,1.18790550443734,1.41813134863595,0,0,0,0,0,0,-1.52336488965025,0.205692824430765,-1.68209448874315,0.0833419371051261,-2.02522247230787,0
0.217756476708152,-0.238407619654224,0.120654147093114,-3.63927337089049,-0.135609309623885,-1.96428843575595,-0.263923466305191,0.197874483171189,-0.0467888651090657,-0.326703914143946,0.0793055360521904,0,1.03036727017423,0.996976531445019,-0.786505899552016,-0.857339037121529,0.369255316975253,0,0.390999644800458,-1.77892299741174,0.859974394985735,-0.161689775955707,0.157798138117375,-2.07021627949678,0,0.41935761672611,-1.12904367036791,-0.588139254820459,0.0506027004491034,-0.164122600983796,0,0,0.224278718102019,-0.650459311670483,-1.60985466295194,-0.622853017299834,-0.562213011751662,0.0885990681037743,1.01610114082524,-1.23098606115611,0.961345745449133,0.276361927242623,-0.436616745636469,0.0202752508872407,0,0.18531394852819,0,0,0,0,0,0,-0.719000025717236,0,-1.70278046817943,0,0,0,-1.81121204069967,0,-1.50141750466038,0,0,0,0,0,0,0,-0.631736104508489,0,0,0,0,0,0,0,-0.719000025717236,0,0,0,0,0,0,-1.70278046817943,0.775967562456241,-0.120556985669048,-0.116417245974908,-1.72832482986225
1.03036727017423,-1.89710947381987,-1.56428879607386,0,-0.850560044134741,0.621287171765125,0.397236905654901,1.04296030378172,0.0170430896042499,0,-3.25140646646963,1.03036727017423,0,0,0.355424822519753,-3.08522384131357,-1.37445217564516,-1.15147920592231,0.452086837802968,0,-0.00576564200069784,-0.267714330927227,-2.11054657274685,-1.81616367219076,-0.0175601592714634,-0.758869539372077,-0.424097041434772,-2.02450745552894,1.10665217943477,-1.99162567227168,-0.3610618775338,0,0,0.879091903697036,0.447566383915848,0.0758242239091584,-1.16155683688428,-1.45057223175488,-0.175914879244682,-0.362607494814388,-1.49205051115321,-1.12334293518708,-0.995296517754929,-1.37303076165216,-1.13604112598494,-1.56887849065454,-1.69614343789779,-1.44832024254163,-1.21856984727273,0,-2.43130071009739,-0.961395652888422,0,0,0,-1.70278046817943,0,-0.853817725942293,0,0.0103419645859486,0,-1.008516692586,0,0.206449895195714,-0.0922394302593637,-0.636440403699844,1.17431788481778,-0.719000025717236,0,0.162067798579996,-2.84177060885029,0.111937126825081,0,1.65134825665141,1.02809018958385,1.1636856941743,0,0,1.10338316667227,0,0,0,0.854554738721529,0.641053614706273,-0.721407601050334,-1.00871256015164,-1.45392866407298,-0.305561270743309
-1.3407971351415,0,1.07299327334819,-0.459804081167534,0.876398181438558,0.162128705481356,-0.915376702373262,-1.14298166804444,0.698188823259082,0.320523441908977,0.568789473586438,0.996976531445019,0,0,1.12584266206154,-1.07859080170328,1.07977764228026,0,0,-2.05522961037137,-0.784612142578271,1.90825942261622,0.529893008451508,-1.7943914045712,0,0,-2.38403665088352,-1.85099696026148,0.417100823854515,-0.686609039729151,0,-2.45879967640389,-0.0395747833582187,-0.729024345570173,0.714676000673237,0.836693548471616,2.45834798715774,-0.0934151328015278,-1.22541144737054,1.02418687341714,0.683611363753575,0,1.35234639304041,0,0,0,0,0,0,0,0,0,0,0,0,0,0,0,0,0,0,0,0,0,0,0,0,0,0,0,0,0,0,0,0,0,0,0,0,0,0,0,0,0,0.755482147300196,1.17389872873381,0,0
0.523187040395279,0,-1.39772566055982,0.591192828192143,1.4456495872934,0.327226255997983,0.053008611463714,1.17644236535211,0.140591767583434,-0.228278865740532,0.205692824430765,-0.786505899552016,0.355424822519753,1.12584266206154,0,-1.29372483181972,-0.986331778931995,0,0.514516308455462,-1.53372285514641,-0.0914991418799874,-1.66676162639315,-0.802737074049556,-1.51069087479785,0.364409195471067,0,-1.98904174493913,-0.295302136475928,0.898346665836229,-1.5449994248331,0,0.645105414725342,1.21212445717652,1.15577177981178,-1.21032697738926,2.1895053536078,1.14453073027135,0.799667093621361,1.12442855283267,-1.13132349693076,0.893119630451098,0.176531037448384,1.12594140724463,0.570350105305751,-0.0934829134044697,0.744250519612242,0.681489939405882,0.050450458371679,0.863134144854677,0,0,0.799685394386118,0,-1.41038799865264,1.43680235910955,0.625601587380145,1.07977764228026,0,0,0.113154863774631,-1.77659262478071,-1.40440969754444,1.07977764228026,0.340005344368644,-1.95530292624421,0.624963246277752,0,1.17431788481778,0,0.106886954905984,0.41068309750988,-0.718937750707397,-1.77659262478071,0,1.10175071977948,-0.686118949347556,-0.419030156617246,1.07977764228026,-0.0544732313245142,0,0,0.505944636940159,0.840037998904262,-0.877539255107363,1.71438166083922,0.486811261228595,0.443199478734947,-1.7349373923713
-0.426706119626004,-2.12348246533693,-0.94528484245993,-0.47443380794271,0,-2.23937713820635,1.11420282451416,-1.43046346320421,-1.68847214659345,-0.378296602169382,-1.68639834075052,-0.857339037121529,-3.08522384131357,-1.07859080170328,-1.29372483181972,0,0.297149038862946,-1.70278046817943,-0.915895525246728,1.03694730071955,-0.565406417859819,1.24359692305959,-0.310807382870877,-0.58916057354948,-2.12423983840017,-1.87283376317768,-0.944699167995447,1.3511733033315,1.28028940135946,0.35255583599712,0,0,0.224775528183497,0.774632174631329,0.0202752508872408,0.815667799063716,-0.276776498198248,-0.515608007272054,-0.617038031052891,-1.0118308139787,0.811605822859138,1.07977764228026,1.10837290400733,0.0202752508872408,0,0,0,0.0202752508872407,0,0,0,0,0,0,0,0,0,-1.62674191226825,0,0,0,0,0,0,1.17431788481778,0,0,0,0,1.17431788481778,0.205692824430765,1.17431788481778,0,0,0,0,1.17431788481778,0,1.17431788481778,0,0,0,0,0,-0.18005919051041,-0.0386324985931307,-1.99683194622678,0
-1.50502877002801,-0.500930032775913,-0.842248593304553,0.513363616337143,0.505944636940159,0.683148467644056,0.838730900757545,0.619492443569773,-0.734716720465525,0.556018515711402,-2.59411053139006,0.369255316975253,-1.37445217564516,1.07977764228026,-0.986331778931995,0.297149038862946,0,-0.075044011989895,-0.629241078777556,0.88957768255298,1.31965134033679,-1.99518389341832,-2.19516113464096,0.0590264885215428,-1.24398022615703,0.268215314379695,-1.74937203017222,0.602741555730022,0.961215823333351,1.81822973380969,0.505944636940158,0,0.365869371765868,-0.0229991411790046,0,0.327166394233749,0.766321177854604,0.055158268235058,-0.152524526206369,0.399207510155993,0.34786111570816,-0.360818917290235,-0.582097773019839,0.0202752508872408,0,0,0,0,-1.77659262478071,0,0,0,0,0,0,0,0,-1.15987446992797,0,0,0,0,0,0,0,0,0,0,0,0,-2.21602178003195,0,0,-0.41661801334864,0,0.205692824430765,0,0,0,0,0,0,0.0202752508872408,0,0.313248510369071,-1.2144586201798,-2.22593854542093,0
0,-1.03131037827219,-0.613727689037584,0,0,0,0,0,-0.395572362969631,0,-0.549857178568116,0,-1.15147920592231,0,0,-1.70278046817943,-0.075044011989895,0,-1.35912150975103,0,0,0.0115944895884124,-3.00866187988359,-1.10085027605962,-1.75390376256799,-1.69309213241867,-2.3981080691277,0.0911124069193561,0,-2.01582852053597,-0.135609309623885,0,0,0.0248664853077157,0,-1.01223256196326,-0.405186528808604,-0.109754749790636,0.631980375005542,-0.135609309623885,0,0,0,0,0,0,0,0,0,0,0,0,0,0,0,0,0,-0.979977620311524,0,0,0,0,0,0,0,0,0,0,0,0,-2.12466573492981,0,0,0,0,0,0,0,0,0,0,0,0,0,-2.01588740153833,0,0,0
-0.0455773228233675,0.439202664289629,-0.704766517060392,0,0.505944636940158,0.331700077009271,0.43520261176449,0,-0.172215461351644,0,-1.33665107849205,0.390999644800458,0.452086837802968,0,0.514516308455462,-0.915895525246728,-0.629241078777556,-1.35912150975103,0,0,0.00756691821380712,-0.182592602307787,-1.8662607961805,-1.4146570223178,-0.0885866448535355,-0.0650400269404541,-0.471986169775658,0.0958196180436171,-0.953996388152871,-0.0198530412460546,0.218867063286537,0,0,0.776320368740456,0,-0.462552031419158,1.06677643484457,0.732433873476191,1.12355399863033,-0.284690706702919,0.43621570030531,-0.684721303900309,-0.0478911408764762,0,0,0,-1.70278046817943,0,0,0,-2.01558828495058,0.205692824430765,0,0,0,0,0,-0.915841691307505,0,0,0,1.17431788481778,0,0,0,0,0,0,0,0,-1.78191294377586,0,0,0.1352907099023,0.205692824430765,0.205692824430765,0,0,0,0,0,0,0,0,-0.0690397614691638,0.362119921959679,-1.6929639100987,0
-1.27304139165726,0,0.73126953972324,-1.25767030934274,0,-0.237069378577973,0.177677511382344,-0.833991577601502,1.45025506656989,0.980454995214288,0,-1.77892299741174,0,-2.05522961037137,-1.53372285514641,1.03694730071955,0.88957768255298,0,0,0,1.35320646826912,0.825323576047198,0.529138840541053,-1.02358956418083,0,0.88957768255298,0.74163289466034,0.341027551671004,-2.08966809172738,-0.0828039162488165,0,0,0,-0.676981708658426,0,-0.993923029501876,0.0736993227615135,-1.75247688240148,0,-0.701953668863616,0,0,0,0,0,0,0,0,0,0,0,0,0,0,0,0,0,0,0,0,-1.69864955824108,0,0,0,0,0,0,0,0.205692824430765,0,0,0,0,0,0,0,0,0,0,0,0,0,0,0,-1.32724968231975,0,0,0
-0.367606173311771,-0.22071048248233,-0.0696740708394261,1.5564331877752,0,-1.51768514600135,0.589914029996526,-0.557631327626999,-0.829774025167031,0.69757311645521,-0.337427586267877,0.859974394985735,-0.00576564200069784,-0.784612142578271,-0.0914991418799874,-0.565406417859819,1.31965134033679,0,0.00756691821380712,1.35320646826912,0,0.46397565496172,0.305158125404821,-3.5256685213059,-0.382003500712029,0.833658827549447,0.49375278744229,0.0268238996365298,0.648361820995373,-1.16400978692785,0,0,-0.752032824866263,0.00195165013224681,-1.53261856962048,-0.627275235874072,1.21262629529582,0.508847206251245,0.299315262624905,-1.80027728607357,0.817648669216858,-0.375622203094612,0.96972561671231,0,0,0,0,0,-1.77659262478071,0,0,0,0,0,0,0,0,-0.378465504183196,0,0,0,0,0,0,0,0,0,0,0,0,-1.12793153518403,0,0,0,0,0,0,0,0,0,0,0,0,0,-1.0328983920015,-0.183741524710957,-1.4553443062675,0
-0.482187734459001,0.106423163326526,0.850522632469249,1.40590078850928,0.231417299719238,-0.321791033608192,2.45905452884343,-0.278289745689744,-0.355357922474597,1.07824219498925,-0.0936551146663841,-0.161689775955707,-0.267714330927227,1.90825942261622,-1.66676162639315,1.24359692305959,-1.99518389341832,0.0115944895884124,-0.182592602307787,0.825323576047198,0.46397565496172,0,1.23756669161162,-0.496544227298737,-0.677803441845572,0.622830636383711,0.834776699649303,2.30323336240141,0.0600353628413745,0.582210620512257,-1.05412464009236,0.88957768255298,-1.45480039614464,-0.362114546402952,-1.86491563889754,-0.418158867749577,-1.50167206059216,-0.282097309471997,0.157160650747558,-1.23194429014616,-0.863542502967732,-0.518805692027708,1.19815634259723,-0.159598088579236,1.0130416119104,1.43025362770589,0.502542652217982,0,0.622944839995112,0,0.237065666596866,0.903933941894593,0,0,0,-0.664067502250778,0,-0.693788986940859,0,-1.29051944729339,0,-1.39501939846554,0,0,1.0899101938461,1.21138229110875,-1.70278046817943,1.00306666353301,0,0.318980464871789,1.15116790367541,0.922849834274546,0.843740743098488,-1.52989533302621,-0.926925794462356,-1.18190390462249,0.850729920738708,0,1.08373234302093,0,0,0,1.69012083893306,-2.01558828495058,-0.809001411815796,0.704949951242336,-1.0019491131727,0
-0.703892184496333,-0.309343349868834,0.538344837266792,-0.00218560053454791,-1.65497181808673,-1.80261926931119,0.373079002502172,-0.386555789119405,-0.702162188641078,0.227636011429719,-1.93456159505746,0.157798138117375,-2.11054657274685,0.529893008451508,-0.802737074049556,-0.310807382870877,-2.19516113464096,-3.00866187988359,-1.8662607961805,0.529138840541053,0.305158125404821,1.23756669161162,0,-0.694521999437564,-1.3783451623049,-0.215774585817424,0.624579055576687,0.0442104436717415,-0.314250150744225,-0.15282363107725,0,0,-3.24900910864153,-0.894856655156672,-2.59840131692955,-0.850706540733757,0.266641437774016,-0.140041029104645,0.178861723359012,-2.1166444870732,0.603922534136507,-0.257713351759678,1.03296175401458,0.223190989631713,-0.790749266500902,0.244066017069261,-0.328217710384946,0.316083208599971,0,0,0,0,0,0,0,0,0,-0.351415256336232,0,0,0,0,0,0,0,0,0,0,0,0,-0.0308123634717187,0,0,0,0,0.205692824430765,0,0,0,0,0,0,0,-2.01558828495058,-1.43095198049938,0.449125190067649,-1.69397127607758,0
0.222718399520639,-1.95818474568753,-1.53091069293064,0.209294490063739,0,-1.64645663223735,-0.418978406234434,-0.675874068393509,0.0875206042852712,-0.437750534797261,-1.68085669495654,-2.07021627949678,-1.81616367219076,-1.7943914045712,-1.51069087479785,-0.58916057354948,0.0590264885215428,-1.10085027605962,-1.4146570223178,-1.02358956418083,-3.5256685213059,-0.496544227298737,-0.694521999437564,0,-1.69444188946209,-1.79512994889684,-1.93027012380513,0.061294228820427,0.728601284258621,0.337562706237089,0,0,-2.04702996949109,-2.06978985822295,0,-1.09734970823485,-1.2887738168193,-0.316234127529746,-0.341455825107846,-2.50088919513917,0.642454192853594,0.323361375656262,0.809483419524383,0.0202752508872407,0.0202752508872407,0,0,0,0,0,0,0,0,0,0,0,0,-0.371290363204068,0,0,0,0,0,0,0,0,0,0,0,0,-1.03967771535291,0,0,-1.70278046817943,0,0,0,0,0,0,0,0,0,0,-0.921625839828224,-0.482349047821427,-0.837444185024134,0
0,-1.40723601495562,-0.341042242794009,0,0,0.364409195471067,-1.68993536166505,-0.135609309623885,-0.366649034148757,0,-1.4196661867699,0,-0.0175601592714634,0,0.364409195471067,-2.12423983840017,-1.24398022615703,-1.75390376256799,-0.0885866448535355,0,-0.382003500712029,-0.677803441845572,-1.3783451623049,-1.69444188946209,0,0.896422740085244,-0.192190149903327,-0.474584634564044,-0.0455773228233675,-0.161861495388156,1.27197306808226,0,0,0.047190191049808,0,-1.37161724161743,-0.520084056383633,0.224992785112283,1.27482260065714,-1.10958233984872,-1.9431600235652,-0.00616908832025919,-2.68979918304267,-0.18065143562941,-1.57213798180104,-1.01529010739485,0,0,0.86324438918914,0,-0.784559232874077,-0.308544871263477,0,0,0,0,0,-0.297588140839755,0,0.911378214337948,0,1.06297168027139,0,0,-1.70278046817943,-1.31638619785916,1.14706873635384,-0.345681690229469,0,-0.766579899506421,-1.49613325175881,-1.4513747887621,0,0.67883038202666,1.41243238311281,1.91661372714524,0,0,0,0,0,0,-1.5162652256614,1.07977764228026,-0.266186252515615,-0.179830475688901,-0.719000025717236,0
1.24199671488291,0.789762031948837,0.351171213370076,0.364409195471067,-0.135609309623885,0.182178644544235,-0.0407903083803309,1.16876229848956,-0.261725623903048,0.43725157471284,-1.19762363586172,0.41935761672611,-0.758869539372077,0,0,-1.87283376317768,0.268215314379695,-1.69309213241867,-0.0650400269404541,0.88957768255298,0.833658827549447,0.622830636383711,-0.215774585817424,-1.79512994889684,0.896422740085244,0,-0.188199245163409,-0.242597747119368,1.13328981411881,-0.102756449283603,0.0614536327671858,1.17431788481778,-0.135609309623885,0.676283443546815,0,0.188163007897746,1.05883892174149,1.28748361691958,1.25218829727138,-0.0302068379115654,0.582277220136768,1.21269261618823,0.696674762901167,0.682825692992973,0,0,-1.70278046817943,0,0.213543783459348,0,-1.66948378839279,0,0,0,0,0,0,-0.136965894646374,0,1.17431788481778,0,1.15018482533851,0,0,0,0,1.17431788481778,0,0,0,-1.61050292737059,0.205692824430765,0,1.15272945325588,1.17431788481778,1.20184498282377,0,0,0,0,0,0,0,0,0.418622978821552,0.0601455827832849,-2.49816075241383,0
-0.987907208192154,0.614491939827361,0.681190262502032,-2.01558828495058,0.296170307005157,-1.60198840743909,0.600883051076923,-1.36688897086773,0.139003200404,-1.35626874125678,-1.89341140860249,-1.12904367036791,-0.424097041434772,-2.38403665088352,-1.98904174493913,-0.944699167995447,-1.74937203017222,-2.3981080691277,-0.471986169775658,0.74163289466034,0.49375278744229,0.834776699649303,0.624579055576687,-1.93027012380513,-0.192190149903327,-0.188199245163409,0,-1.01180602087535,0.419273663037508,0.852417909329381,-0.20256202260142,0,-1.43903776065637,-1.68418625028724,-2.01558828495058,-0.871474841999012,-0.288760488967176,-1.17081546452987,-0.0236565621497888,-1.15045835119516,-0.907225350118315,-1.49514422596531,0.660490361933275,1.06272123394183,0.88957768255298,0,0,-2.01558828495058,0.485499845058731,0,1.44289664537247,0,0,0,0,0,0,0.269947278332182,0,1.33793654779211,0,1.24776326173251,0,0,0,0.478738237321152,0,1.17431788481778,0,0,-1.0185868716386,0,0,1.20355617398538,1.23624926014224,1.45309569653389,0,0,0,0,0,0,0,-2.01558828495058,-1.07549818513876,0.642188414764744,-1.68215997121596,0
0.0554936381809977,-0.580277936076289,-1.21948542081865,1.34679034581842,0,-0.0667172001510377,-1.38055234757296,-1.88741029296473,-0.294327064186588,-1.2638384298384,-0.828474457686087,-0.588139254820459,-2.02450745552894,-1.85099696026148,-0.295302136475928,1.3511733033315,0.602741555730022,0.0911124069193561,0.0958196180436171,0.341027551671004,0.0268238996365298,2.30323336240141,0.0442104436717415,0.061294228820427,-0.474584634564044,-0.242597747119368,-1.01180602087535,0,1.04843794432985,-0.331584670878952,0,0,-1.81754454732004,-0.110845748471661,-1.70278046817943,-0.283483177265935,-0.746176607554389,-0.0573067599001513,-0.601084783067683,-0.859223885979993,-0.86122477139676,0.47776483635137,0.64771945312279,0.0202752508872407,0,0.0202752508872408,-1.70278046817943,0,0,0,0,0,0.205692824430765,0,0,0,0,-1.60290812932289,0.205692824430765,0,0,0,0,0,0,0,0,0,0.205692824430765,0,-0.787018793155257,0,0,0,0,0,0,0,0,0,0,0,0,0,-1.08266707640193,0.0990931168953016,-1.17812511102106,0
-0.813635667150941,-1.64928830826663,0.782690211794169,-0.0431830049735668,0.44994523718571,-2.4550975513753,0.764995575763632,-1.3149621991329,-0.413952872218598,-0.928853758343489,0.655625042025777,0.0506027004491034,1.10665217943477,0.417100823854515,0.898346665836229,1.28028940135946,0.961215823333351,0,-0.953996388152871,-2.08966809172738,0.648361820995373,0.0600353628413745,-0.314250150744225,0.728601284258621,-0.0455773228233675,1.13328981411881,0.419273663037508,1.04843794432985,0,0.173632290124308,0,-0.0385542437970908,-0.526001603320379,1.26099697308156,0.111135635649863,1.90785319042502,1.8226687882119,0.870120600809767,-0.554236161317759,0.118182112281415,1.207885948526,0.12653629448966,0.43343445060515,0.0777681185527799,0,1.03036727017423,0.687254569849381,0.623626022934708,0,0,0,0,0,0,0,0,0,0,0,0,0,0,0,0.714676000673237,0,0,0,0,0,0,0,0,0,0,0,0,0,0,0,0,0,0,0,0.0202752508872407,1.00654524213826,-0.0584240961697065,-2.00521574574124,0
-1.12557166384732,-1.54453585395303,-1.5641400988615,1.34191393096131,-0.0455773228233675,-3.11614798298423,0.839979230917403,-2.0987316433115,-0.8782290082774,-0.946805559738421,-1.73577398836349,-0.164122600983796,-1.99162567227168,-0.686609039729151,-1.5449994248331,0.35255583599712,1.81822973380969,-2.01582852053597,-0.0198530412460546,-0.0828039162488165,-1.16400978692785,0.582210620512257,-0.15282363107725,0.337562706237089,-0.161861495388156,-0.102756449283603,0.852417909329381,-0.331584670878952,0.173632290124308,0,0,0.364409195471067,-0.711740777225036,0.122509061761284,-0.487740625087716,0.370895250855794,0.813652699741889,0.034356679768609,-0.33921258388074,-0.4909788874864,1.30843120944978,-0.0293312375982407,0.549025276136646,0.0181656645775545,0,0.505944636940159,0,0,0,0,0,0,0,0,0,0,0,-1.4277263776636,0,0,0,0,0,0,0,0,0,0,0,0,-1.27902710486995,0,0,0,0,0,0,0,0,0,0,0,0,0,-1.00654680768786,0.0305961220672722,-1.2157345307369,0
0,0.531533484822877,1.22680878134975,0,0,0,0,0,0,0,0.125473438220649,0,-0.3610618775338,0,0,0,0.505944636940158,-0.135609309623885,0.218867063286537,0,0,-1.05412464009236,0,0,1.27197306808226,0.0614536327671858,-0.20256202260142,0,0,0,0,0,0,1.42272973254092,0,0,1.2167613888061,1.17431788481778,0,0,0,0,-2.01558828495058,0,0,0,0,0,0,0,0,0,0,0,0,0,0,0,0,0,0,0,0,0,0,0,0,0,0,0,0.80730449374784,0,0,1.17431788481778,0,0,0,0,0,0,0,0,0,0,-0.0455773228233675,0,0,0
0.364409195471067,0,0,0,0.369891859386044,-0.828878078748512,0,-0.609331243488889,0,0,1.52717364204899,0,0,-2.45879967640389,0.645105414725342,0,0,0,0,0,0,0.88957768255298,0,0,0,1.17431788481778,0,0,-0.0385542437970908,0.364409195471067,0,0,0.549410737413631,-0.0700223191168265,0,-1.19137905648767,1.27101479593795,0.680990624469788,-0.135609309623885,1.10621985511903,0.489766798372902,0,0,0,0,0,0,0,0,0,0,0,0,0,0,0,0,0,0,0,0,0,0,0,0,0,0,0,0,0,0,0,0,0,0,0,0,0,0,0,0,0,0,0,0.714676000673237,0,0,0
1.51040106090251,-1.77659262478071,-0.744099643180434,0,1.23647687393536,-1.23164927903615,0.78198908140522,-0.382837431400798,-3.0748224589004,-0.683744690589278,0.182861484229335,0.224278718102019,0,-0.0395747833582187,1.21212445717652,0.224775528183497,0.365869371765868,0,0,0,-0.752032824866263,-1.45480039614464,-3.24900910864153,-2.04702996949109,0,-0.135609309623885,-1.43903776065637,-1.81754454732004,-0.526001603320379,-0.711740777225036,0,0.549410737413631,0,-1.15148241312919,0.0202752508872406,0.11815719753796,0.688634799257319,-0.0497559634297194,0.0493253111427668,-2.07414340966274,1.83227187536774,0,-0.814263898323803,0.0202752508872406,0.0202752508872407,-0.0455773228233675,0,0,0,0,0,0,0,0,0,0,0,0,0,0,0,0,0,0,0,0,0,0,0,0,0,0,0,0,0,0,0,0,0,0,0,0,1.03036727017423,-1.77659262478071,-0.713821500814188,-2.5522735541698,-2.63974836765863,0
1.89059010900508,-1.28618537826626,-1.5132984133132,0.219142087372933,-0.559549741835255,-2.45013733665418,0.592540014476927,-0.876276167602327,-0.553320842968944,-0.02503693854423,0.470948387283876,-0.650459311670483,0.879091903697036,-0.729024345570173,1.15577177981178,0.774632174631329,-0.0229991411790046,0.0248664853077157,0.776320368740456,-0.676981708658426,0.00195165013224681,-0.362114546402952,-0.894856655156672,-2.06978985822295,0.047190191049808,0.676283443546815,-1.68418625028724,-0.110845748471661,1.26099697308156,0.122509061761284,1.42272973254092,-0.0700223191168265,-1.15148241312919,0,-0.281180548805322,0.68182997680693,-0.166996234123525,-0.696606448700385,0.0342771469076495,-1.11598028347893,0.101981512734727,1.04905782928845,0.11129095034056,0.366997542786891,0.924231445432365,0.326295812291292,-1.74072205018298,-0.178388178166488,0.299830976357555,0,0.499797419862186,0.203801761727737,0,1.07977764228026,0.0202752508872408,0,0,-0.957838470706937,0,0.206117978692893,0,1.23780167609141,0,0.254461140072726,0,0,0,0,0,0,-0.966714977874078,0.0191815648610165,0,1.73783791746377,1.17187331846477,0.226453499116883,0,0,0,0,0,0,0.860507748062637,-0.18046085986701,-0.0441859227686601,-0.881818638004584,-1.67021303688214,0.361315508504768
-1.93522611830931,0.0202752508872407,-2.01558828495058,0,-1.46220355008502,0.714676000673237,0.0202752508872408,0.714676000673237,-0.308515909700283,0,0,-1.60985466295194,0.447566383915848,0.714676000673237,-1.21032697738926,0.0202752508872408,0,0,0,0,-1.53261856962048,-1.86491563889754,-2.59840131692955,0,0,0,-2.01558828495058,-1.70278046817943,0.111135635649863,-0.487740625087716,0,0,0.0202752508872406,-0.281180548805322,0,-0.0772308953670593,-1.83520959910701,-1.23812453680846,-0.101259678123789,-2.76626783566785,0.704017576936009,-0.537370429892711,-0.101618979550819,-1.7117150341516,0.85443894486532,0.45580343861421,-1.29129201529599,-0.777383963893254,0.113185384004698,0.519484340165452,-2.01558828495058,-1.14972098406897,0,-2.0139611627921,-2.71549267790116,0.478793626367519,1.06906069872811,-0.873744585224515,-0.719000025717236,-0.17763739941507,-1.77659262478071,-1.37607160968187,1.87574236179035,-1.67509968119117,-1.02099605476084,-0.329909320686997,1.02455483838583,1.64620527785903,0,0.428254687156477,-1.65987438820505,-0.449053570930531,1.04366607819788,0.512455635995782,1.19350771181875,-1.05818335457334,-0.81988320010402,0.0801022226011509,-1.10686095836634,0,0,-0.0070112664956703,0.885463312739696,-1.73960965466055,-0.373125699216759,-1.19386965816392,-0.312398285129534,-0.650262872777206
2.11228357259399,-0.938323772970192,-2.25091881656012,0.347073042839438,0.36295245709375,0.614276464395847,0.740733681835958,0.691710662472873,-1.12218534969418,0.453925199436535,-1.82126762504304,-0.622853017299834,0.0758242239091584,0.836693548471616,2.1895053536078,0.815667799063716,0.327166394233749,-1.01223256196326,-0.462552031419158,-0.993923029501876,-0.627275235874072,-0.418158867749577,-0.850706540733757,-1.09734970823485,-1.37161724161743,0.188163007897746,-0.871474841999012,-0.283483177265935,1.90785319042502,0.370895250855794,0,-1.19137905648767,0.11815719753796,0.68182997680693,-0.0772308953670593,0,0.189048243563139,-0.0617926176701156,0.179652905015034,0.26117083847717,1.38238656411017,1.03507558672068,1.00920228179961,-0.378631310454012,-0.84763344725133,-0.3192469524925,-1.59172419490751,-1.48595380048554,0.551079771140267,0.887240382088936,-2.00916045660272,-0.721004919665924,0,0.650274080248511,-1.62622120084977,-1.35637742237012,1.50077101894725,-2.78201054846555,-1.77659262478071,0.420226856808827,-1.78041916374839,1.1013269925069,1.00649515869344,0.8021911861359,0.417051368510512,0.576236377819969,-0.0964443346852467,0.656246287612561,0,-0.9601639829516,-0.760201177532559,-0.250636984070378,-0.995894318782929,-1.25122767216367,0.126480984512759,-1.23444867319091,-2.23501906482093,0.035400133433285,-1.40631020466587,0.88957768255298,0,-1.78607972405689,0.123062251132447,-0.0594247287861202,0.845160598786047,-1.55202902351395,-1.57695884080033,-0.517270982574336
0.462233231960327,-2.22292128444416,0.761467921625256,1.08223225567841,0.084554094947401,0.227716487560916,0.742552815937794,0.568152588644614,-0.275310026208449,0.584574948416961,-0.440195942305736,-0.562213011751662,-1.16155683688428,2.45834798715774,1.14453073027135,-0.276776498198248,0.766321177854604,-0.405186528808604,1.06677643484457,0.0736993227615135,1.21262629529582,-1.50167206059216,0.266641437774016,-1.2887738168193,-0.520084056383633,1.05883892174149,-0.288760488967176,-0.746176607554389,1.8226687882119,0.813652699741889,1.2167613888061,1.27101479593795,0.688634799257319,-0.166996234123525,-1.83520959910701,0.189048243563139,0,-1.1574695184194,-0.70911744428112,-1.52775447763285,-0.0794871997197092,-0.430020038512891,0.0862419696797484,1.05862367035994,-1.37908309829424,-0.896862935825857,-2.04304531632171,-1.30528731219579,0.371688796229728,0,1.55394565992953,-1.09257553621478,0,0.825972711156758,0,0,0,-0.240011869712455,0,1.77749845634673,-1.77659262478071,1.58858938653239,0,-0.148609071753463,-0.657012686009118,0.532451856936495,0,-0.662270167538311,0,0.579672255476662,-0.785673167396674,-0.256120980594314,0,2.11206271258341,1.86528288007882,2.3577119826317,-1.77659262478071,0,-1.77659262478071,0,0,0,0.845937712693475,-0.371174398420389,-1.0727954993831,-1.13183302652171,-1.7740863318411,-1.75935591520921
2.00513781761831,-1.94704050675981,-0.688259373061269,0,1.1738022817227,-0.767788589996986,0.886745305670332,-1.0167677198164,0.225486400254913,0.307722327062557,-0.671673320678358,0.0885990681037743,-1.45057223175488,-0.0934151328015278,0.799667093621361,-0.515608007272054,0.055158268235058,-0.109754749790636,0.732433873476191,-1.75247688240148,0.508847206251245,-0.282097309471997,-0.140041029104645,-0.316234127529746,0.224992785112283,1.28748361691958,-1.17081546452987,-0.0573067599001513,0.870120600809767,0.034356679768609,1.17431788481778,0.680990624469788,-0.0497559634297194,-0.696606448700385,-1.23812453680846,-0.0617926176701156,-1.1574695184194,0,-1.28064851442275,-2.02264312880075,-0.467901705761776,-0.31041416991335,-1.0914483944166,-0.273607136457321,-0.654336500018031,-0.669985866482443,-2.12754262841699,-2.05450396559036,-0.550311774291516,0,-0.71498134277939,0.549897217223584,0,0.119128991130651,0,0,0,-0.103062700140427,0,0.772125385681393,-1.77659262478071,-0.554053901757172,0,-0.210737644973475,0,1.11283930404949,0,0,0,-1.77659262478071,-0.240142900166447,-1.77659262478071,0,1.41516442281916,1.05450246366606,0.37163046630039,-1.77659262478071,0,0,0,0,0,0.975104171962867,-0.530831372104917,-1.18325156538212,-1.57614032672173,-1.32978361218525,-0.459783070569914
1.59417792841228,-1.3870117035339,-0.417848085527445,1.07977764228026,0.451945003573117,-1.73419692650347,0.892073226173349,-1.36547877985323,0.974419169342456,0,-0.806106077886412,1.01610114082524,-0.175914879244682,-1.22541144737054,1.12442855283267,-0.617038031052891,-0.152524526206369,0.631980375005542,1.12355399863033,0,0.299315262624905,0.157160650747558,0.178861723359012,-0.341455825107846,1.27482260065714,1.25218829727138,-0.0236565621497888,-0.601084783067683,-0.554236161317759,-0.33921258388074,0,-0.135609309623885,0.0493253111427668,0.0342771469076495,-0.101259678123789,0.179652905015034,-0.70911744428112,-1.28064851442275,0,-1.70017905562316,-0.754508972426798,-0.1956191728533,-0.630204245710338,-0.137451561338089,-1.16431657126951,-1.16805657312005,-1.92187902777149,-1.45244752948762,0.5825238785526,0,1.02077358173062,-1.76870476664351,0,1.04126469286774,-1.77659262478071,-1.77659262478071,1.07977764228026,0.22201731995018,0,0.604156358350307,-1.77659262478071,0.544201832931298,0,-0.297629422242404,-0.0455773228233675,-1.77659262478071,0,0.523885772665792,0,-1.72119433084143,-0.320564447442467,-1.31967394073465,0,1.57304479016608,-1.06737466603148,1.32819009520344,0,0,-1.77659262478071,0,0,0,-1.20451068933981,-1.12634298906602,-0.515652772411011,-1.6547102670539,-1.01679335368,-0.207611689695387
