# command_history: connectomestats -nshuffles 10000 -threshold 2 ./output_tfnbsETamplitudeNeg/files.txt tfnbs ./output_tfnbsETamplitudeNeg/design_matrix.txt ./output_tfnbsETamplitudeNeg/contrast.txt ./output_tfnbsETamplitudeNeg/ -force  (version=3.0.3-98-gb3409159)
0,1.11883381948765,0.897381906851198,-0.138680688718653,0.539985408748252,0.681433411958697,-0.59693184708308,0.853536697484577,-0.440783245433028,0.937090928820892,0,0.21399191559858,0.996172634920203,-1.28172473049808,0.512234634009377,-0.418400470193892,-1.42873234755237,0,-0.0448230035285212,-1.22022273815806,-0.360728940761409,-0.472411720944913,-0.686681848454108,0.218860151456584,0,1.19188374310551,-0.956406634787448,0.0545742944171293,-0.791622363379748,-1.0847451985023,0,0.357605538019729,1.43349017234114,1.76148378128158,-1.79882489202462,1.94444323137867,0.453001500305873,1.85680265238992,1.50725357429486,1.14874626010795,1.7936031626095,0,1.33566860390706,0,0,0,0,0,0,0,0,0,0,0,0,0,0,0,0,0,0,0,0,0,0,0,0,0,0,0,0,0,0,0,0,0,0,0,0,0,0,0,0,0,1.44594540625016,1.2158267524215,0.202153888367784,0
1.11883381948765,0,0.82914492001287,0.863728107767799,0.863728107767799,-1.12850390271805,0.263986611666173,1.27611699559485,0.693536938403947,0.863728107767799,-0.698282793818187,-0.234249577820363,-1.76695336723545,0,0,-1.95351795811554,-0.490626184018172,-0.997054098996538,0.430577353972195,0,-0.216890209803269,0.104645792619822,-0.303753308229042,-1.81793310707869,-1.34155481863893,0.768865455570052,0.600611761861577,-0.567547453910554,-1.55532802173284,-1.46364327905124,0.520331595488848,0,-1.66498323780328,-1.23219120339852,0.0199402395105529,-0.909772834264209,-2.03338166632681,-1.80866623868816,-1.32339307693232,-0.535159457892644,-0.13358586432629,-2.18559457543231,-0.00992107423566288,0.558209234076583,0.891907023370712,1.04224543522988,0.697030068983175,0,1.08874534543941,0,-0.822199522261162,-1.60164378116112,0,0,0,0,0,0.181024624401615,0,0.305997162458796,0,0.245397026684229,0,0.697030068983175,0,0.644962025574884,0,-1.60164378116112,0,0,-0.930318934851192,-1.60164378116112,0,-0.0146584996219772,-1.23016483514216,-1.40069185925971,0,0,0,0,0,0,0.202153888367784,0,-0.93746468266412,0.690055440913176,-1.11163576265401,0
0.897381906851198,0.82914492001287,0,0.550738955134042,0,-0.606053710141417,0.178830256810646,-0.00671166793895622,-0.45159079139611,0.630719615362964,-1.95417335167063,0.118632756651816,-1.48103057712801,1.03593250629566,-1.33301996026766,-0.916332280366795,-0.818841512886765,-0.599873913912187,-0.68752114630101,0.712938357144812,-0.0685177899156268,0.826701025299477,0.526936758195771,-1.45162353534485,-0.334765661075596,0.344668432923431,0.664872384587858,-1.17127293126203,0.762116531145169,-1.48089985766572,1.17798365300279,0,-0.725225972564214,-1.43605476329714,-1.8654156223285,-2.05563550642562,0.74184197066008,-0.671667123393813,-0.409765152085929,-1.59837727064466,0.499745740129174,-0.804691563064559,0.260727412285526,-0.0959184652700195,0.0199402395105529,0,0,0,0.271454351109482,0,0.551673357271993,0,0,0,0,0,0,-0.0300722020176267,0,0,0,-0.0448230035285212,0,0,0,0.202153888367784,0,0,0,0,0.325457554328329,0,0,1.45127064870641,0,1.1297655007052,0,0,0,0,0,0,0,0,-3.21287132128628,0.115125420478166,-2.08655639058705,0
-0.138680688718653,0.863728107767799,0.550738955134042,0,0,-1.20833874675779,0.0658507977918303,-0.407774281222068,1.28407937203808,0.0639565434188129,0,-3.03285414073856,0,-0.450637395122801,0.578102669113593,-0.464871421628533,0.50270042566482,0,0,-1.20620368223334,1.47412120000133,1.34035714899252,-0.00214950196081602,0.205688505087897,0,0.357605538019729,-1.86541562232849,1.28714136886289,-0.0424684619488695,1.28273437735938,0,0,0,0.215351417259746,0,0.340662194806363,1.04452843435297,0,1.04224543522988,0.202153888367784,0,0,0,0,0,0,0,0,0,0,0,0,0.650264224644696,0,-1.60164378116112,0,0,0,0.478800534517275,0,-1.6016701225958,0,0,0,0,0,0,0,-1.37157383523608,0,0,0,0,0,0,0,0,0,0,0,0,0,0,0,1.33392162048038,0,0,0
0.539985408748252,0.863728107767799,0,0,0,-0.461742057664516,0,1.59663499212163,-0.533520072112689,0,0.885581499076078,-0.133328906459762,-0.826736550805576,0.85124626643118,1.37592650125534,0,0.495496755535926,0,0.495496755535926,0,0,0.227393512716068,-1.5602653659794,0,0,-0.133328906459762,0.290856559120831,0,0.441039900306625,-0.0448230035285212,0,0.362961802716208,1.18683465790588,-0.547484526707411,-1.3906879325972,0.356182205888266,0.0831477104742458,1.12929051449833,0.442986994982257,-0.231576612903172,0.226016138397758,-0.0458876426199281,-0.497182514605526,-1.39822050369565,-1.46768600936624,-1.68114028524053,-0.699790718252872,-1.64586456494737,-0.752701401284278,0,0,-0.0294723960623715,0,-1.65942763724054,-1.44462664889694,0,0.760674256082665,-0.701177288327284,-0.701177288327284,-0.220172421355217,-1.66498323780328,-2.24285220459081,1.04224543522988,-0.320701021561024,0.240457012848568,-1.60735587200439,0,1.04224543522988,0,0.765818554225775,0.290835331551378,0.722424997094341,0,0,-0.797808247218126,-1.38366302998414,0,1.04253825217275,-1.86826759646427,0,0,0,-1.82456617159286,-1.75788922294562,-0.0871576789202858,-0.834578921875192,-0.198080626199615,-0.964762713322891
0.681433411958697,-1.12850390271805,-0.606053710141417,-1.20833874675779,-0.461742057664516,0,0.546807163502015,0.772084128207236,-1.19156030317148,0.894077660776699,-0.559913493993343,-1.82300186917716,0.607170756416834,0.159381523248919,0.321252789994888,-2.04647399024365,0.666754903136452,0,0.32562912979026,-0.232937125323633,-1.43993584759812,-0.315935147164392,-1.68715758057083,-1.55286666401723,0.357605538019729,0.179071274560773,-1.51408875588496,-0.065610428541693,-2.21482808519932,-2.69306912924558,0,-0.80612990959661,-1.18241624480773,-2.21102542338482,0.697030068983175,0.600403733929282,0.223763330810282,-0.747883684410727,-1.62868414769825,-0.743950779630389,-0.940551620566473,0.144114866009745,0.87702396449413,0.697030068983175,0.495496755535926,0,0,0,0,0,0,0,0,0.697030068983175,0,0,0,0,0,0,0,0,0,0.697030068983175,0,0,0,0,0,0,-0.133328906459762,0,0,0,0,0,0,0,0,0,0,0,0,0.697030068983175,0.62964930356804,1.1488567893356,-0.701177288327284,0
-0.59693184708308,0.263986611666173,0.178830256810646,0.0658507977918303,0,0.546807163502015,0,-1.91558350273537,1.66942243919859,-0.163312495564672,-0.121224675605381,-0.259265524315222,0.389660152086239,-0.888121426735476,0.052130669157359,1.0742125770093,0.815498481407515,0,0.426680327233318,0.174651595367793,0.576866350528406,2.21785932270599,0.36607497770787,-0.410867229438188,-1.59055340758529,-0.0401154905198463,0.58746803813646,-1.31758305053679,0.745214280171072,0.816684936404931,0,0,0.761447219513144,0.579405005945671,0.0199402395105529,0.722003411101021,0.723745140443404,0.861046819618747,0.866090003389082,0.35238196515479,1.35726740050836,0.383362960250417,0.374900219327346,0.0199402395105529,0.996172634920203,0.996172634920203,0,0.996172634920203,0,0,0,0,0,0,0,0,0,0.298221950306382,0,0,0,0,0,0,0,0,0,0,0,0,-0.528454414996864,0,0,0,0,0,0,0,0,0,0,0,0,0,0.544329286388253,0.811829188100997,0.0268471885797233,0
0.853536697484577,1.27611699559485,-0.00671166793895622,-0.407774281222068,1.59663499212163,0.772084128207236,-1.91558350273537,0,0.593559454202017,-1.03518192602394,0.646863487616318,0.194480206669723,1.00793599835402,-1.10085077666628,1.13172234927114,-1.36235784538958,0.605438681576717,0,0,-0.810992998905741,-0.545626526578828,-0.273343112938458,-0.379234926622607,-0.659760449293829,-0.133328906459762,1.12464618779006,-1.30527824121099,-1.75881405229737,-1.25833138787001,-1.93344008631335,0,-0.595628704002207,-0.375604651066847,-0.851130647600819,0.697030068983175,0.674983305227456,0.555814060874736,-0.983453205194674,-1.30400711514908,-0.329264785209586,0.816269958844347,0.206846375473256,1.14152067757444,0,0,0,0.697030068983175,0,0,0,0,0,0,0,0,0,0,0,0,0,0,0,0,0.697030068983175,0,0,0,0,0,0,0,0,0,0,0,0,0,0,0,0,0,0,0,0,0.687258074470841,0.697030068983175,0,0
-0.440783245433028,0.693536938403947,-0.45159079139611,1.28407937203808,-0.533520072112689,-1.19156030317148,1.66942243919859,0.593559454202017,0,0.514269507559434,-0.0535742487626071,-0.0460144090829905,0.0167615172741833,0.681205807058546,0.138224430668782,-1.58928881241172,-0.716240875469597,-0.388035770601475,-0.169287918249329,1.38003636458798,-0.806982122813995,-0.348760636590931,-0.685021027759672,0.086064150280938,-0.359793866930901,-0.257111374714564,0.136663617151297,-0.289051575247191,-0.405966877734192,-0.852980995614384,0,0,-2.66480679896079,-0.541451081775728,-0.302943373427314,-1.08160924111188,-0.270423719043745,0.22157565821394,0.943741617567468,0.416244920850277,-0.218581064717449,0.656932506705405,1.19716667055969,0.964896123963392,1.07065340739202,1.22315422037549,1.04224543522988,0,-0.387218694016165,0,0.835590792002925,1.06598006900954,0,0,1.04224543522988,0.390292486648439,0,-0.802225566495638,0,1.15237287704114,0,0.531342405926454,1.04224543522988,0,0.896667826303498,1.21778031035414,1.04224543522988,1.31297626539824,0,1.04224543522988,0.895262296362209,1.04474988980236,0,-0.897247861010348,1.02858464863341,0.930525204682068,0,0,0.619450161123185,0,0,0,1.36389817138054,0,-0.384074771670488,1.04952315969084,-0.721355643123271,0
0.937090928820892,0.863728107767799,0.630719615362964,0.0639565434188129,0,0.894077660776699,-0.163312495564672,-1.03518192602394,0.514269507559434,0,0.357605538019729,-0.320741788200238,0,0.314694844548225,-0.224314995610644,-0.371170697757792,0.544064355147407,0,0,0.9494110744278,0.680614514937949,1.04081705599499,0.223684387186484,-0.429162703023439,0,0.428676600400416,-1.29570003483505,-1.21183218569761,-0.900842760968594,-0.917764722556233,0,0,-0.667328033358814,-0.0246231609676582,0,0.44491486464842,0.571703648808299,0.302166560679631,0,-0.381063993180636,0,0,0,0,0,0,0,0,0,0,0,0,0,0,0,0,0,0,0,0,-1.60164378116112,0,0,0,0,0,0,0,0,0,0,0,0,0,0,0,0,0,0,0,0,0,0,0,-0.36825633538093,0.996172634920203,0,0
0,-0.698282793818187,-1.95417335167063,0,0.885581499076078,-0.559913493993343,-0.121224675605381,0.646863487616318,-0.0535742487626071,0.357605538019729,0,0.0779875616493705,-2.78408996872133,0.556430555334428,0.202153888367784,-1.58749606651158,-2.32009075090915,-0.538095225094266,-1.27797529347049,0,-0.331230904579743,-0.0920948792136187,-1.79827082039482,-1.58270292618626,-1.35269498471201,-1.15120799877859,-1.76385143905674,-0.805745970590045,0.640273331170507,-1.63003836691806,0.12336888440815,1.44832306689727,0.179741726173574,0.461481140103032,0,-1.702994134961,-0.431544945157917,-0.65571985048898,-0.784449462350183,-1.65138473556741,-2.11691866283304,-0.725721666086291,-2.70980778008634,-0.156271902538446,-1.66498323780328,-1.66498323780329,-1.60164378116112,-1.95035633420597,0.329306870112805,0,-0.0381347595342231,1.1297655007052,0,0,0,0,0,-0.355864657356765,0,0.221728030506717,0,1.06270971598003,0,0,0,1.12834502353219,1.1297655007052,0.863728107767799,0,0,-0.370348292487228,0,0,1.40620926565977,1.14227333301448,1.35132035583081,0,0,0,0,0,0,-1.4449576187691,0.202153888367784,-1.58377385339677,0.0819559906854831,-1.873343442084,0
0.21399191559858,-0.234249577820363,0.118632756651816,-3.03285414073856,-0.133328906459762,-1.82300186917716,-0.259265524315222,0.194480206669723,-0.0460144090829905,-0.320741788200238,0.0779875616493705,0,0.996172634920203,0.964913749298409,-0.765758440675949,-0.83317200246063,0.362339989960155,0,0.383572840417924,-1.66697209275935,0.835672854534599,-0.158950404980501,0.155127891430654,-1.91021028569808,0,0.411236953109513,-1.08795938035228,-0.575150380567146,0.0497648110026755,-0.161339896640745,0,0,0.220390899774477,-0.635297944155447,-1.52096547845362,-0.60868178613902,-0.550063604022715,0.0871243929859845,0.982829344471433,-1.18180905604281,0.931451101625687,0.271454351109482,-0.428058114895042,0.0199402395105529,0,0.18214962918142,0,0,0,0,0,0,-0.701177288327284,0,-1.60164378116112,0,0,0,-1.69446009558316,0,-1.42553227354634,0,0,0,0,0,0,0,-0.617251192490843,0,0,0,0,0,0,0,-0.701177288327284,0,0,0,0,0,0,-1.60164378116112,0.755697532192619,-0.118537269028958,-0.114468742661511,-1.62363912304894
0.996172634920203,-1.76695336723545,-1.48103057712801,0,-0.826736550805576,0.607170756416834,0.389660152086239,1.00793599835402,0.0167615172741833,0,-2.78408996872133,0.996172634920203,0,0,0.348826021668363,-2.67194035500766,-1.31209193070741,-1.10870107943095,0.443125086906393,0,-0.00567041083478415,-0.262980735989193,-1.94303424548597,-1.69866404867304,-0.0172700392095678,-0.739357457704895,-0.415857321571215,-1.87275547499085,1.06721055832633,-1.84564562197912,-0.354334871009705,0,0,0.853798507643005,0.43872347987674,0.0745647723255563,-1.11800207227038,-1.38031931084821,-0.17292076435707,-0.355845143492251,-1.41722490628272,-1.08268136662023,-0.963338417519898,-1.31081185245621,-1.09443372359608,-1.48506410163254,-1.59591590895787,-1.37831004462124,-1.17043357055415,0,-2.19655530501004,-0.931498047866603,0,0,0,-1.60164378116112,0,-0.829829581656625,0,0.0101711338265302,0,-0.975728198891586,0,0.202896887136965,-0.0907031745834645,-0.621787493476508,1.1297655007052,-0.701177288327284,0,0.15932170043797,-2.50138991692018,0.110065472934459,0,1.55711797398681,0.994044063792372,1.11996560619215,0,0,1.06417740734642,0,0,0,0.830529231317425,0.626234684387498,-0.703485884371555,-0.97591164875383,-1.38331292714236,-0.300051076684835
-1.28172473049808,0,1.03593250629566,-0.450637395122801,0.85124626643118,0.159381523248919,-0.888121426735476,-1.10085077666628,0.681205807058546,0.314694844548225,0.556430555334428,0.964913749298409,0,0,1.08499611418857,-1.04114137314223,1.04224543522988,0,0,-1.89795949052237,-0.763951061121735,1.77629548005965,0.518740429301859,-1.68015660487392,0,0,-2.16004293248612,-1.72815138533818,0.409036534177368,-0.670081127543116,0,-2.21766415508832,-0.0389201376329715,-0.710786954310993,0.697030068983175,0.813561860526901,2.21731822770124,-0.0918589635982434,-1.17670363108335,0.990394246642496,0.667199872448532,0,1.29215946015637,0,0,0,0,0,0,0,0,0,0,0,0,0,0,0,0,0,0,0,0,0,0,0,0,0,0,0,0,0,0,0,0,0,0,0,0,0,0,0,0,0,0.736117809075242,1.12937936582956,0,0
0.512234634009377,0,-1.33301996026766,0.578102669113593,1.37592650125534,0.321252789994888,0.052130669157359,1.13172234927114,0.138224430668782,-0.224314995610644,0.202153888367784,-0.765758440675949,0.348826021668363,1.08499611418857,0,-1.23904825624826,-0.954928142086145,0,0.503819425610635,-1.45410610397875,-0.0899754184817475,-1.57049500075884,-0.781238710725936,-1.43374674433481,0.357605538019729,0,-1.84350940524904,-0.290006420714118,0.872025282452715,-1.46405185090842,0,0.630139620506383,1.16452231560132,1.11266404766981,-1.16287305174223,2.00668727431468,1.10228236953853,0.778312217165841,1.08368672173282,-1.09006928640955,0.867080220617007,0.173525812012514,1.08508754004779,0.557941130100834,-0.0919255957808943,0.725370403153393,0.665160494364964,0.0496151024253021,0.838670628091543,0,0,0.778329664604497,0,-1.34438130205984,1.36802471301326,0.61133379147832,1.04224543522988,0,0,0.11126234358989,-1.66498323780328,-1.33901944034954,1.04224543522988,0.333751726488668,-1.81553827538242,0.610717916304426,0,1.1297655007052,0,0.10510166623329,0.402778012107627,-0.701117568452015,-1.66498323780329,0,1.0626623675336,-0.669610109783102,-0.410917685505962,1.04224543522988,-0.0535708918815359,0,0,0.495496755535926,0.816740788573923,-0.852327477521875,1.61164298627886,0.476906556062992,0.434470555309857,-1.62932002177849
-0.418400470193892,-1.95351795811554,-0.916332280366795,-0.464871421628533,0,-2.04647399024365,1.0742125770093,-1.36235784538958,-1.58928881241172,-0.371170697757792,-1.58749606651158,-0.83317200246063,-2.67194035500766,-1.04114137314223,-1.23904825624826,0,0.291814936564595,-1.60164378116112,-0.888611430739151,1.00232092221701,-0.553155563313513,1.19334689893896,-0.305186317882993,-0.57613788029567,-1.95413108917879,-1.74655952721743,-0.915780551937071,1.29110022921375,1.226824747326,0.346021866821808,0,0,0.220878283477897,0.754422080443898,0.0199402395105529,0.793557516310538,-0.271860531494491,-0.504879155311859,-0.603069650035097,-0.978831756844192,0.789689085440349,1.04224543522988,1.06880672807598,0.0199402395105529,0,0,0,0.0199402395105529,0,0,0,0,0,0,0,0,0,-1.53570367728854,0,0,0,0,0,0,1.1297655007052,0,0,0,0,1.1297655007052,0.202153888367784,1.1297655007052,0,0,0,0,1.1297655007052,0,1.1297655007052,0,0,0,0,0,-0.176990219100604,-0.0379934865278944,-1.84994722684591,0
-1.42873234755237,-0.490626184018172,-0.818841512886765,0.50270042566482,0.495496755535926,0.666754903136452,0.815498481407515,0.605438681576717,-0.716240875469597,0.544064355147407,-2.32009075090915,0.362339989960155,-1.31209193070741,1.04224543522988,-0.954928142086145,0.291814936564595,0,-0.0737976637419374,-0.614844738458037,0.863728107767799,1.26258263429506,-1.84858592294654,-2.01121562943909,0.0580482281485317,-1.19369733470411,0.263471693698007,-1.64170235949454,0.58926363678753,0.931328887297882,1.70041724198156,0.495496755535926,0,0.359032154542445,-0.0226190783259215,0,0.32119422826835,0.74648128331156,0.0542445137784143,-0.149947580080869,0.391583074329659,0.341432633025212,-0.354097459162706,-0.569307776238537,0.0199402395105529,0,0,0,0,-1.66498323780329,0,0,0,0,0,0,0,0,-1.11645004314029,0,0,0,0,0,0,0,0,0,0,0,0,-2.02788189697174,0,0,-0.408565757664764,0,0.202153888367784,0,0,0,0,0,0,0.0199402395105529,0,0.307575573721833,-1.16666352593296,-2.03578485129195,0
0,-0.997054098996538,-0.599873913912187,0,0,0,0,0,-0.388035770601475,0,-0.538095225094266,0,-1.10870107943095,0,0,-1.60164378116112,-0.0737976637419374,0,-1.29827409441807,0,0,0.0114029641662094,-2.61911411980016,-1.06182657773574,-1.64558451423773,-1.59328079064718,-2.17094395070249,0.0895952285712053,0,-1.86561345301056,-0.133328906459762,0,0,0.0244555282069364,0,-0.979207914151555,-0.397416506908195,-0.10792045115954,0.617486771860313,-0.133328906459762,0,0,0,0,0,0,0,0,0,0,0,0,0,0,0,0,0,-0.948962789281184,0,0,0,0,0,0,0,0,0,0,0,0,-1.95447584091274,0,0,0,0,0,0,0,0,0,0,0,0,0,-1.86566193957324,0,0,0
-0.0448230035285212,0.430577353972195,-0.68752114630101,0,0.495496755535926,0.32562912979026,0.426680327233318,0,-0.169287918249329,0,-1.27797529347049,0.383572840417924,0.443125086906393,0,0.503819425610635,-0.888611430739151,-0.614844738458037,-1.29827409441807,0,0,0.00744193238775834,-0.179477723295692,-1.74102488809184,-1.34820772413354,-0.0871121796889397,-0.0639613121170335,-0.462490652093764,0.0942226832897063,-0.924535519160097,-0.0195250115947357,0.215081578688505,0,0,0.756034482463947,0,-0.453311743970013,1.03014395834204,0.714053918519939,1.08287683436435,-0.279613671293146,0.427667385736422,-0.668266772183825,-0.0470983583801291,0,0,0,-1.60164378116112,0,0,0,-1.8654156223285,0.202153888367784,0,0,0,0,0,-0.888560588111152,0,0,0,1.1297655007052,0,0,0,0,0,0,0,0,-1.66952287969773,0,0,0.133015854351859,0.202153888367784,0.202153888367784,0,0,0,0,0,0,0,0,-0.0678941062358401,0.355368729319646,-1.59317003274544,0
-1.22022273815806,0,0.712938357144812,-1.20620368223334,0,-0.232937125323633,0.174651595367793,-0.810992998905741,1.38003636458798,0.9494110744278,0,-1.66697209275935,0,-1.89795949052237,-1.45410610397875,1.00232092221701,0.863728107767799,0,0,0,1.29293596345231,0.80274831944637,0.518008885235611,-0.989835610082554,0,0.863728107767799,0.72286439023292,0.334751295558794,-1.92606791926373,-0.0814270374961052,0,0,0,-0.660825678156385,0,-0.962050329625796,0.0724755475667657,-1.644362434341,0,-0.684820832701207,0,0,0,0,0,0,0,0,0,0,0,0,0,0,0,0,0,0,0,0,-1.59807936097891,0,0,0,0,0,0,0,0.202153888367784,0,0,0,0,0,0,0,0,0,0,0,0,0,0,0,-1.26946646025666,0,0,0
-0.360728940761409,-0.216890209803269,-0.0685177899156268,1.47412120000133,0,-1.43993584759812,0.576866350528406,-0.545626526578828,-0.806982122813995,0.680614514937949,-0.331230904579743,0.835672854534599,-0.00567041083478415,-0.763951061121735,-0.0899754184817475,-0.553155563313513,1.26258263429506,0,0.00744193238775834,1.29293596345231,0,0.454697106217374,0.29965641756697,-2.9618321172886,-0.374790404915216,0.81067660339515,0.483653010884858,0.0263805490092611,0.633277278923025,-1.12026449176241,0,0,-0.732818116833465,0.0019194156441632,-1.45313135270374,-0.612948424139465,1.16498271555402,0.498315404737955,0.293936011910509,-1.68516567299781,0.795443560655403,-0.368558893683198,0.939330810237521,0,0,0,0,0,-1.66498323780329,0,0,0,0,0,0,0,0,-0.37133563786444,0,0,0,0,0,0,0,0,0,0,0,0,-1.08692995520868,0,0,0,0,0,0,0,0,0,0,0,0,0,-0.998538136792527,-0.180605788712019,-1.38457516571349,0
-0.472411720944913,0.104645792619822,0.826701025299477,1.34035714899252,0.227393512716068,-0.315935147164392,2.21785932270599,-0.273343112938458,-0.348760636590931,1.04081705599499,-0.0920948792136187,-0.158950404980501,-0.262980735989193,1.77629548005965,-1.57049500075884,1.19334689893896,-1.84858592294654,0.0114029641662094,-0.179477723295692,0.80274831944637,0.454697106217374,0,1.18783177663391,-0.486365370023575,-0.661615897586179,0.608660189719319,0.811739499511714,2.09694345126319,0.059040264651789,0.569416927291787,-1.01835287229385,0.863728107767799,-1.38409022206957,-0.355363476742749,-1.73989155657309,-0.41006817388326,-1.42575789362896,-0.277073242384744,0.154501704914225,-1.18268631885784,-0.839057996495173,-0.507982864200257,1.15169748843618,-0.15689590000756,0.979965385921871,1.3621701795215,0.492192615728528,0,0.608770389957588,0,0.232933484816852,0.877308736495445,0,0,0,-0.64840120409049,0,-0.676979902475907,0,-1.23613371823957,0,-1.33058947046158,0,0,1.05166596983817,1.16384138600392,-1.60164378116112,0.970622346929499,0,0.313185018060645,1.10841361121833,0.895177337158188,0.820259291140116,-1.45072695448605,-0.899023817329579,-1.13675091178337,0.826897861506606,0,1.04592336899525,0,0,0,1.59071368931004,-1.86541562232849,-0.787208131594111,0.6876972239271,-0.969575050862201,0
-0.686681848454108,-0.303753308229042,0.526936758195771,-0.00214950196081602,-1.5602653659794,-1.68715758057083,0.36607497770787,-0.379234926622607,-0.685021027759672,0.223684387186484,-1.79827082039482,0.155127891430654,-1.94303424548597,0.518740429301859,-0.781238710725936,-0.305186317882993,-2.01121562943909,-2.61911411980016,-1.74102488809184,0.518008885235611,0.29965641756697,1.18783177663391,0,-0.677684024274909,-1.31559670172934,-0.212047298801482,0.610347235440269,0.0434788350781306,-0.308555878064737,-0.150241404398599,0,0,-2.78249629658897,-0.868723782805639,-2.32329962616165,-0.826875660552136,0.26192929180357,-0.137683317973047,0.175814411813473,-1.94797891308915,0.590404540572631,-0.253178550465128,0.998597345480391,0.219323790889782,-0.769807328636548,0.239798473999588,-0.322222696161462,0.310349810823872,0,0,0,0,0,0,0,0,0,-0.344906983520181,0,0,0,0,0,0,0,0,0,0,0,0,-0.030302975308424,0,0,0,0,0.202153888367784,0,0,0,0,0,0,0,-1.8654156223285,-1.36279473068723,0.440241402654898,-1.59404013771842,0
0.218860151456584,-1.81793310707869,-1.45162353534485,0.205688505087897,0,-1.55286666401723,-0.410867229438188,-0.659760449293829,0.086064150280938,-0.429162703023439,-1.58270292618626,-1.91021028569808,-1.69866404867304,-1.68015660487392,-1.43374674433481,-0.57613788029567,0.0580482281485317,-1.06182657773574,-1.34820772413354,-0.989835610082554,-2.9618321172886,-0.486365370023575,-0.677684024274909,0,-1.59444658452554,-1.6807853642849,-1.79469129455965,0.0602781121385175,0.710381528254376,0.331363045475115,0,0,-1.89124448940243,-1.90986210917283,0,-1.05857663812889,-1.23454602947599,-0.310497503949647,-0.335170074063588,-2.24978132791544,0.627584607502407,0.317471613154965,0.787667328145165,0.0199402395105529,0.0199402395105529,0,0,0,0,0,0,0,0,0,0,0,0,-0.364327894339879,0,0,0,0,0,0,0,0,0,0,0,0,-1.00487104621021,0,0,-1.60164378116112,0,0,0,0,0,0,0,0,0,0,-0.894021989418052,-0.472568560855012,-0.814275420301762,0
0,-1.34155481863893,-0.334765661075596,0,0,0.357605538019729,-1.59055340758529,-0.133328906459762,-0.359793866930901,0,-1.35269498471201,0,-0.0172700392095678,0,0.357605538019729,-1.95413108917879,-1.19369733470411,-1.64558451423773,-0.0871121796889397,0,-0.374790404915216,-0.661615897586179,-1.31559670172934,-1.59444658452554,0,0.870205396732364,-0.188900306578178,-0.465018118882813,-0.0448230035285212,-0.15911906883074,1.21924917186341,0,0,0.0464090632137396,0,-1.30953866584058,-0.509223518654752,0.221091416519246,1.22184569626578,-1.06992845212805,-1.80543576245742,-0.0060671929402145,-2.3910821394608,-0.177571742369357,-1.48792712108665,-0.98207023398321,0,0,0.838775207110329,0,-0.763900561039655,-0.302971722623635,0,0,0,0,0,-0.292244897717352,0,0.884344309040697,0,1.02659957655462,0,0,-1.60164378116112,-1.25962265256391,1.1046274127568,-0.339301925707786,0,-0.746728553710046,-1.42084702235603,-1.38103522971404,0,0.662603394655144,1.34621398079194,1.78328494480587,0,0,0,0,0,0,-1.43867983974577,1.04224543522988,-0.261483197476237,-0.176765643227554,-0.701177288327284,0
1.19188374310551,0.768865455570052,0.344668432923431,0.357605538019729,-0.133328906459762,0.179071274560773,-0.0401154905198463,1.12464618779006,-0.257111374714564,0.428676600400416,-1.15120799877859,0.411236953109513,-0.739357457704895,0,0,-1.74655952721743,0.263471693698007,-1.59328079064718,-0.0639613121170335,0.863728107767799,0.81067660339515,0.608660189719319,-0.212047298801482,-1.6807853642849,0.870205396732364,0,-0.184982360888919,-0.238358690185462,1.09188865112403,-0.101041599743111,0.0604348539459477,1.1297655007052,-0.133328906459762,0.660154158478699,0,0.184946784742378,1.02274814146274,1.23337236036962,1.20119798380067,-0.0297074784461667,0.569481345048585,1.16504355825846,0.679751740092359,0.666444620720385,0,0,-1.60164378116112,0,0.209858353344646,0,-1.57285456272314,0,0,0,0,0,0,-0.134661854880137,0,1.1297655007052,0,1.10750573819132,0,0,0,0,1.1297655007052,0,0,0,-1.52153186871071,0.202153888367784,0,1.10985551048779,1.1297655007052,1.15508610484339,0,0,0,0,0,0,0,0,0.410520688618758,0.0591486446941883,-2.24770636780507,0
-0.956406634787448,0.600611761861577,0.664872384587858,-1.86541562232849,0.290856559120831,-1.51408875588496,0.58746803813646,-1.30527824121099,0.136663617151297,-1.29570003483505,-1.76385143905674,-1.08795938035228,-0.415857321571215,-2.16004293248612,-1.84350940524904,-0.915780551937071,-1.64170235949454,-2.17094395070249,-0.462490652093764,0.72286439023292,0.483653010884858,0.811739499511714,0.610347235440269,-1.79469129455965,-0.188900306578178,-0.184982360888919,0,-0.97880854255553,0.411155100211855,0.828500614613351,-0.19908115874391,0,-1.37002205772405,-1.58558320541222,-1.8654156223285,-0.846580045422622,-0.283599956657418,-1.12653847300661,-0.0232656235328381,-1.107758348748,-0.880419993120383,-1.41996975498494,0.644957890450555,1.02636622279928,0.863728107767799,0,0,-1.8654156223285,0.475631742084333,0,1.37346868293866,0,0,0,0,0,0,0.265168947027121,0,1.27913798877398,0,1.19715518009164,0,0,0,0.469057598347806,0,1.1297655007052,0,0,-0.985155575720207,0,0,1.15665765244532,1.18662638951902,1.38257011765079,0,0,0,0,0,0,0,-1.8654156223285,-1.03826384723714,0.627328450884644,-1.58383050305509,0
0.0545742944171293,-0.567547453910554,-1.17127293126203,1.28714136886289,0,-0.065610428541693,-1.31758305053679,-1.75881405229737,-0.289051575247191,-1.21183218569761,-0.805745970590045,-0.575150380567146,-1.87275547499085,-1.72815138533818,-0.290006420714118,1.29110022921375,0.58926363678753,0.0895952285712053,0.0942226832897063,0.334751295558794,0.0263805490092611,2.09694345126319,0.0434788350781306,0.0602781121385175,-0.465018118882813,-0.238358690185462,-0.97880854255553,0,1.01304831188823,-0.325516246287064,0,0,-1.69983587359556,-0.108992781903927,-1.60164378116112,-0.278430827766811,-0.727214067036782,-0.0563571878102168,-0.58766295138986,-0.834960705170371,-0.836859225849471,0.468111012553602,0.632658386141997,0.0199402395105529,0,0.0199402395105529,-1.60164378116112,0,0,0,0,0,0.202153888367784,0,0,0,0,-1.51489315867467,0.202153888367784,0,0,0,0,0,0,0,0,0,0.202153888367784,0,-0.766247896232412,0,0,0,0,0,0,0,0,0,0,0,0,0,-1.04493279655352,0.0974405961186931,-1.13327200367176,0
-0.791622363379748,-1.55532802173284,0.762116531145169,-0.0424684619488695,0.441039900306625,-2.21482808519932,0.745214280171072,-1.25833138787001,-0.405966877734192,-0.900842760968594,0.640273331170507,0.0497648110026755,1.06721055832633,0.409036534177368,0.872025282452715,1.226824747326,0.931328887297882,0,-0.924535519160097,-1.92606791926373,0.633277278923025,0.059040264651789,-0.308555878064737,0.710381528254376,-0.0448230035285212,1.09188865112403,0.411155100211855,1.01304831188823,0,0.170679278299266,0,-0.0379165299223581,-0.514965455117272,1.20923979942868,0.109277706696431,1.77595538911296,1.70418228570962,0.845296196879884,-0.542337806124205,0.116203273305775,1.16063278667537,0.124413361758616,0.424957494511174,0.0764760003416043,0,0.996172634920203,0.670701512583707,0.609427678474634,0,0,0,0,0,0,0,0,0,0,0,0,0,0,0,0.697030068983175,0,0,0,0,0,0,0,0,0,0,0,0,0,0,0,0,0,0,0,0.0199402395105529,0.973881548259,-0.0574558867417336,-1.85686693021448,0
-1.0847451985023,-1.46364327905124,-1.48089985766572,1.28273437735938,-0.0448230035285212,-2.69306912924558,0.816684936404931,-1.93344008631335,-0.852980995614384,-0.917764722556233,-1.63003836691806,-0.161339896640745,-1.84564562197912,-0.670081127543116,-1.46405185090842,0.346021866821808,1.70041724198156,-1.86561345301056,-0.0195250115947357,-0.0814270374961052,-1.12026449176241,0.569416927291787,-0.150241404398599,0.331363045475115,-0.15911906883074,-0.101041599743111,0.828500614613351,-0.325516246287064,0.170679278299266,0,0,0.357605538019729,-0.694214162957008,0.120455695239198,-0.477809932800228,0.363941946318162,0.791638584392312,0.0337885678543462,-0.332976499210478,-0.480957332729372,1.25240642339647,-0.0288463778969369,0.537289123088821,0.0178655342573671,0,0.495496755535926,0,0,0,0,0,0,0,0,0,0,0,-1.3599095553782,0,0,0,0,0,0,0,0,0,0,0,0,-1.22567534866942,0,0,0,0,0,0,0,0,0,0,0,0,0,-0.973883014838754,0.0300903154142403,-1.1678337328648,0
0,0.520331595488848,1.17798365300279,0,0,0,0,0,0,0,0.12336888440815,0,-0.354334871009705,0,0,0,0.495496755535926,-0.133328906459762,0.215081578688505,0,0,-1.01835287229385,0,0,1.21924917186341,0.0604348539459477,-0.19908115874391,0,0,0,0,0,0,1.35543797233154,0,0,1.16877540154211,1.1297655007052,0,0,0,0,-1.8654156223285,0,0,0,0,0,0,0,0,0,0,0,0,0,0,0,0,0,0,0,0,0,0,0,0,0,0,0,0.785591385308267,0,0,1.1297655007052,0,0,0,0,0,0,0,0,0,0,-0.0448230035285212,0,0,0
0.357605538019729,0,0,0,0.362961802716208,-0.80612990959661,0,-0.595628704002207,0,0,1.44832306689727,0,0,-2.21766415508832,0.630139620506383,0,0,0,0,0,0,0.863728107767799,0,0,0,1.1297655007052,0,0,-0.0379165299223581,0.357605538019729,0,0,0.537662634219308,-0.0688602033147503,0,-1.14546792522451,1.21837579530167,0.664680449175482,-0.133328906459762,1.06680948410712,0.479779310771392,0,0,0,0,0,0,0,0,0,0,0,0,0,0,0,0,0,0,0,0,0,0,0,0,0,0,0,0,0,0,0,0,0,0,0,0,0,0,0,0,0,0,0,0.697030068983175,0,0,0
1.43349017234114,-1.66498323780328,-0.725225972564214,0,1.18683465790588,-1.18241624480773,0.761447219513144,-0.375604651066847,-2.66480679896079,-0.667328033358814,0.179741726173574,0.220390899774477,0,-0.0389201376329715,1.16452231560132,0.220878283477897,0.359032154542445,0,0,0,-0.732818116833465,-1.38409022206957,-2.78249629658897,-1.89124448940243,0,-0.133328906459762,-1.37002205772405,-1.69983587359556,-0.514965455117272,-0.694214162957008,0,0.537662634219308,0,-1.10870404103776,0.0199402395105529,0.116178787061886,0.672027889590675,-0.0489321633170341,0.0485086755510902,-1.91341571831863,1.71231888337202,0,-0.792220646103623,0.0199402395105529,0.0199402395105529,-0.0448230035285212,0,0,0,0,0,0,0,0,0,0,0,0,0,0,0,0,0,0,0,0,0,0,0,0,0,0,0,0,0,0,0,0,0,0,0,0,0.996172634920203,-1.66498323780329,-0.69621036311484,-2.28867690991772,-2.35409812516274,0
1.76148378128158,-1.23219120339852,-1.43605476329714,0.215351417259746,-0.547484526707411,-2.21102542338482,0.579405005945671,-0.851130647600819,-0.541451081775728,-0.0246231609676582,0.461481140103032,-0.635297944155447,0.853798507643005,-0.710786954310993,1.11266404766981,0.754422080443898,-0.0226190783259215,0.0244555282069364,0.756034482463947,-0.660825678156385,0.0019194156441632,-0.355363476742749,-0.868723782805639,-1.90986210917283,0.0464090632137396,0.660154158478699,-1.58558320541222,-0.108992781903927,1.20923979942868,0.120455695239198,1.35543797233154,-0.0688602033147503,-1.10870404103776,0,-0.276175161865274,0.665487399917361,-0.164162222688054,-0.679686129305946,0.0337103531740125,-1.07586010482509,0.100279859208638,1.01362668370322,0.109430362284795,0.360134344997686,0.89648131474136,0.320342540258753,-1.63428528346719,-0.1753494252317,0.294440957156122,0,0.489525936829753,0.200297925629869,0,1.04224543522988,0.0199402395105529,0,0,-0.928151400801853,0,0.202571141520153,0,1.18804675772706,0,0.249990440930552,0,0,0,0,0,0,-0.936500549804603,0.0188646381319257,0,1.63181019893116,1.12751327529745,0.222524376973619,0,0,0,0,0,0,0.836178920734565,-0.177384617412253,-0.0434547215155098,-0.85638144669953,-1.57348652196214,0.354582707713352
-1.79882489202462,0.0199402395105529,-1.8654156223285,0,-1.3906879325972,0.697030068983175,0.0199402395105529,0.697030068983175,-0.302943373427314,0,0,-1.52096547845362,0.43872347987674,0.697030068983175,-1.16287305174223,0.0199402395105529,0,0,0,0,-1.45313135270374,-1.73989155657309,-2.32329962616165,0,0,0,-1.8654156223285,-1.60164378116112,0.109277706696431,-0.477809932800228,0,0,0.0199402395105529,-0.276175161865274,0,-0.0759478078849655,-1.71480569203334,-1.18834212531598,-0.0995703109833334,-2.44695940940895,0.686802219436648,-0.52599199155749,-0.0999234973694042,-1.60934603520746,0.830419310428225,0.446743314888052,-1.23683628403679,-0.757050223667944,0.111292340636775,0.508641503208243,-1.8654156223285,-1.10707734827517,0,-1.86407551509,-2.40994142471495,0.469111460243942,1.0322712662324,-0.848731488006325,-0.701177288327284,-0.174612207689937,-1.66498323780329,-1.3135500718996,1.74900692556025,-1.57771958795618,-0.987409650375712,-0.323877469140873,0.990738372042056,1.5526481347462,0,0.419909775179158,-1.56452119110955,-0.440171664179931,1.00859485331828,0.501818939269381,1.14742503876746,-1.02213705694178,-0.797570774642137,0.0787708423928544,-1.06740423960979,0,0,-0.00689545951704089,0.859833003920926,-1.63333077623519,-0.366120587969802,-1.14775777230602,-0.306743435371365,-0.635108711573683
1.94444323137867,-0.909772834264209,-2.05563550642562,0.340662194806363,0.356182205888266,0.600403733929282,0.722003411101021,0.674983305227456,-1.08160924111188,0.44491486464842,-1.702994134961,-0.60868178613902,0.0745647723255563,0.813561860526901,2.00668727431468,0.793557516310538,0.32119422826835,-0.979207914151555,-0.453311743970013,-0.962050329625796,-0.612948424139465,-0.41006817388326,-0.826875660552136,-1.05857663812889,-1.30953866584058,0.184946784742378,-0.846580045422622,-0.278430827766811,1.77595538911296,0.363941946318162,0,-1.14546792522451,0.116178787061886,0.665487399917361,-0.0759478078849655,0,0.18581586311713,-0.0607681770942319,0.176591285335606,0.256567598921087,1.31923334396038,1.00057241280297,0.976370308081421,-0.371497553835131,-0.823957179532832,-0.313445785497591,-1.50510475716135,-1.41181251217076,0.539279835306483,0.861515532760445,-1.86011964935872,-0.703099784614824,0,0.635119507964471,-1.53524973620752,-1.29579811412155,1.42495924183739,-2.45836906046474,-1.66498323780329,0.41208442536391,-1.66824864196642,1.06226907430437,0.973834630842195,0.780718386966265,0.408988311929949,0.563637422830769,-0.0948367997057,0.64087157622036,0,-0.930339396187941,-0.740630797852659,-0.246241326468837,-0.963898997550286,-1.20032050710357,0.124359008544924,-1.18497865317448,-2.04301013256715,0.0348147252875826,-1.34072440741077,0.863728107767799,0,-1.67307580891231,0.120999340478049,-0.0584398226067899,0.821608221658331,-1.47024439023327,-1.4921593134807,-0.506493320411666
0.453001500305873,-2.03338166632681,0.74184197066008,1.04452843435297,0.0831477104742458,0.223763330810282,0.723745140443404,0.555814060874736,-0.270423719043745,0.571703648808299,-0.431544945157917,-0.550063604022715,-1.11800207227038,2.21731822770124,1.10228236953853,-0.271860531494491,0.74648128331156,-0.397416506908195,1.03014395834204,0.0724755475667657,1.16498271555402,-1.42575789362896,0.26192929180357,-1.23454602947599,-0.509223518654752,1.02274814146274,-0.283599956657418,-0.727214067036782,1.70418228570962,0.791638584392312,1.16877540154211,1.21837579530167,0.672027889590675,-0.164162222688054,-1.71480569203334,0.18581586311713,0,-1.11423093264119,-0.691696990988297,-1.44883615173933,-0.0781661689071371,-0.421630247773155,0.0848071058851177,1.02254749998928,-1.31626086367219,-0.870621814110064,-1.88797818198347,-1.24955265260771,0.364717080377727,0,1.47193180562562,-1.05414243590246,0,0.803365947046404,0,0,0,-0.235822858502428,0,1.66575639867914,-1.66498323780328,1.50235847014586,0,-0.146101129366104,-0.641609567624798,0.521222303728392,0,-0.646671208954344,0,0.56696154097662,-0.764963722386362,-0.251617598288215,0,1.94426410009412,1.7402009897475,2.13957979290422,-1.66498323780328,0,-1.66498323780329,0,0,0,0.822346452014191,-0.364214619846966,-1.03574841196498,-1.09054077182088,-1.66284349679981,-1.65025181829715
1.85680265238992,-1.80866623868816,-0.671667123393813,0,1.12929051449833,-0.747883684410727,0.861046819618747,-0.983453205194674,0.22157565821394,0.302166560679631,-0.65571985048898,0.0871243929859845,-1.38031931084821,-0.0918589635982434,0.778312217165841,-0.504879155311859,0.0542445137784143,-0.10792045115954,0.714053918519939,-1.644362434341,0.498315404737955,-0.277073242384744,-0.137683317973047,-0.310497503949647,0.221091416519246,1.23337236036962,-1.12653847300661,-0.0563571878102168,0.845296196879884,0.0337885678543462,1.1297655007052,0.664680449175482,-0.0489321633170341,-0.679686129305946,-1.18834212531598,-0.0607681770942319,-1.11423093264119,0,-1.22715171163888,-1.87122210781229,-0.458517175336825,-0.304801443550456,-1.05309524828353,-0.268755198438627,-0.639032420236203,-0.654096418951315,-1.95680399310799,-1.89736558098452,-0.538535706925319,0,-0.69732296635444,0.538134021095009,0,0.117133861812561,0,0,0,-0.101342633942546,0,0.752027463688653,-1.66498323780329,-0.542161243732996,0,-0.207104720249696,0,1.07294852683341,0,0,0,-1.66498323780328,-0.235951356822598,-1.66498323780329,0,1.34866238488658,1.01870520312291,0.364660104546493,-1.66498323780328,0,0,0,0,0,0.944385197803427,-0.519650603728049,-1.13799128207751,-1.49144093828892,-1.27176074678189,-0.450616945997636
1.50725357429486,-1.32339307693232,-0.409765152085929,1.04224543522988,0.442986994982257,-1.62868414769825,0.866090003389082,-1.30400711514908,0.943741617567468,0,-0.784449462350183,0.982829344471433,-0.17292076435707,-1.17670363108335,1.08368672173282,-0.603069650035097,-0.149947580080869,0.617486771860313,1.08287683436435,0,0.293936011910509,0.154501704914225,0.175814411813473,-0.335170074063588,1.22184569626578,1.20119798380067,-0.0232656235328381,-0.58766295138986,-0.542337806124205,-0.332976499210478,0,-0.133328906459762,0.0485086755510902,0.0337103531740125,-0.0995703109833334,0.176591285335606,-0.691696990988297,-1.22715171163888,0,-1.59939935263986,-0.735186933207773,-0.192266404634727,-0.615773757009004,-0.135139053540817,-1.12054740570196,-1.12399566611576,-1.78768552273482,-1.38199205255185,0.569719920585592,0,0.987201522149709,-1.65824638580876,0,1.0063529276126,-1.66498323780328,-1.66498323780328,1.04224543522988,0.218172341157961,0,0.590630420982121,-1.66498323780328,0.532614568155842,0,-0.292285319476165,-0.0448230035285212,-1.66498323780329,0,0.512912613551378,0,-1.61750728761904,-0.314734968082537,-1.26260311852371,0,1.48872340816965,-1.03070113010747,1.27031801441064,0,0,-1.66498323780328,0,0,0,-1.15753414674731,-1.08545934572086,-0.504922608314867,-1.56003823777801,-0.983477195508551,-0.204037064470679
