0,0,0,0,0,0,0,0,5.53387897835479e-05,0,0,3.32328628562721e-05,0,6.24305748391334e-05,0.000373208720394584,0.000560637373110216,3.8604938537926e-05,0,0,0,0,0,0.000787856375156942,0,0,0.000153317553320589,0.0001323735579653,0,0,4.53434048327513e-05,0,0,0,2.32891464695909e-05,0.0114034660682841,5.3703808347396,0.229942349571548,2.81892449730892e-05,0.000262315924115796,0.00514754498255144,0,0,0.0713944814888573,0.00079054746371704,7.58268930924847e-05,0.00111960695849275,0.000105118314450488,0,0,0,0,0,0,0,0,0,0,0,0,0,0,0,0,0.000227072425489766,0,0,0,0,0,0,0,0,0,0,0,0,0,0,0,0,0,0,0,0.00804883049704994,3.11727488993087,0.0771078211219176,0.057937035733658,0.00607371919615322
0,0,0,0,0.000366345336004881,0,0,0,0,0,0,0,0,0,9.75829628138639e-05,0,0,0,0,0,0,0,3.08690630720801e-05,0,0,2.54875660515928e-05,0,0,0,0,0,0,0,0,0.0013156049008522,0.216604012081655,0.00584989692729783,0,3.17878988934949e-05,0.00207681521842462,0,0,2.05547827554611,0.0232261177389678,0.000252450775398302,0.000631759265095894,0.00690918313194084,0,0,0,0,0,0,0.000153283153832597,0,0,0,0.00314633625463524,0,0,0,0,0,0.00028956140545373,0,0,0,0,0,0,0.000868722874372278,0.000219820715796282,0,0,0,0,0,0,0,0,0,0,0.000423915798187374,0.00267444097642435,0.157238043412272,0.752743412597831,0.00447160890602585,0.000958297830694274
0,0,0,0,0,0,0,0,0,0,0,0,0,8.25886960575581e-05,0,0.000248567158755949,0,0,0,0,0,0,0.00019989214298477,0.000402709425027488,0,4.8323900258104e-05,0.000106869918528652,0,0,0.000186495679068477,0,0,0,1.95097359827335e-05,0.011237286101759,2.5893166953204,0.217975175830792,1.96684685828142e-05,0.00049980285501408,0.00322788779594217,0,0,3.79118944812148,0.0308099507683419,0.000945133254048908,0.00261931872168385,0.0155552989371998,0.00112656680629625,0,0,0,0,0,1.32000455857663e-05,0,0,0,0.0156317793091559,0,0,0,0,0,0.00120536564384773,0,0,0,0,0,0,0.000310683369748849,0,0,0,0,0,0,0,0,0,0,0,0,0.0166592656858861,1.00140616868029,0.823594635893859,0.0310859207735539,0.00685340706158495
0,0,0,0,0,0,0,0,0,0,0,0,0,0,0,0,0,0,0,0,6.89832500528655e-05,0,0,0,0,0,5.26092037730821e-05,0,0,0,0,0,0,0,0.00397093126872009,0.768441189274119,0.013063036297643,0,4.20095524341774e-05,0.00206808004246586,0,0,0.0378702188273673,0,0,0,0,0,0,0,0,0,0,0,0,0,0,0,0,0,0,0,0,0,0,0,0,0,0,0,0,0,0,0,0,0,0,0,0,0,0,0,0,0.00210490731424055,0.695088827244755,0.0458997615031665,0.00946726412205069,0.000149758690586943
0,0.000366345336004881,0,0,0,0,0,3.70003898966798e-05,0,0,0,0,0.000188459268697031,0,0.00586485547027979,0.000747690552954142,1.78685909927236e-05,0,0,0,0.000428985867926,2.78624288060402e-05,0.000580602854603323,0,3.34420825836483e-05,0,0.000226744516413157,0,0,0.000445879879780591,0,0,0,0.000564536282453394,0.0321224708646036,0.0980586275110324,0.00678762519647817,0.00185822211828642,0.00931577523363046,0.00318439787542914,0,0.000315379417635245,0.0440364177693189,0.00238219862533041,0.00441286954175499,0.0289469486854129,0.00291897914931953,0.00684976423423585,0.00151043946120123,0,0.000197684998881343,0.000444831063390986,0,0.00156256438172779,0,0,7.84972704895549e-05,3.29949834609947e-05,0,0.000344357779699037,0,0,0,0.00770468973535831,0.00213507993921813,3.53072075290131e-05,5.05288091263338e-05,8.69332015735634e-05,0,0.00145675968554257,7.11669314065392e-05,0.0011499024137765,0.000348546249874808,0,0.000345974538012129,3.64268432055592e-05,3.4601259957542e-05,2.61689971020422e-05,0.000621013705027151,0,0,0,0.000191261112343496,0.19403674811801,0.142384767529987,0.0772180077000661,0.319041807109141,0.0376714985242332
0,0,0,0,0,0,0,0,0,0,0,0,0,0,0,0,0,0,0,0,0,0,0,0,0,0,0,0,0,0,0,0,0,0,0.000834988064995854,0.158980164684219,0.0016510523329302,0,0,0.00105663073008971,0,0,0.00240109589860657,0,0,2.08246243078305e-05,0,0,0,0,0,0,0,3.12883798138722e-05,0,0,0,0,0,0,0,0,0,0,0,0,0,0,0,0,0,0,0,0,0,0,0,0,0,0,0,0,0,0.000757573397105494,0.085755858349939,0,0.00100110547562656,3.41113676163782e-05
0,0,0,0,0,0,0,0,0,0,0,0,0,0,8.74834594987266e-05,2.79173817749822e-05,0,0,0,0,0,0,5.74968167389349e-05,0,0,0,6.03001875953111e-06,0,0,0,0,0,0,4.77088807479386e-05,0.00527162646246142,1.16418268600258,0.0640085761892047,2.9871271665432e-05,0,0.00274418955030447,0,0.000186198073711206,0.248481106565898,0.00294041139905498,0.00103409763167467,0.000772775825523708,0.00126284105786477,0,0,0,0,0.000538339446133924,0,0,0,0,0,0.000214389884917818,0,9.64168735498533e-06,0,0,0,0,0,0,0,0,0,0.000272180356441776,0,0,0,0,0,0,0,0,0,0,0,0,0,0.00335954601192536,0.364469331528147,0.178750768063729,0.00814517171030069,0.00131512219986408
0,0,0,0,3.70003898966798e-05,0,0,0,2.33048486999352e-05,0,0,0,0,0,0.000124852333974337,0,0,0,0,0,0,0,0.000184952447291155,0,0,0,3.96996400381902e-05,0,0,0,0,0,0,0,0.00362311278194554,0.893530966439592,0.0216806723678317,0,4.22118085683966e-05,0.00147695859256118,0,0,0.00421021509266394,0,0,0.000142567439882143,5.97484456629372e-05,0,0,0,0,0,0,0,0,0,0,0,0,0,0,0,0,0.000108677071490589,0,0,0,0,0,0,0,0,0,0,0,0,0,0,0,0,0,0,0,0.00346086226520611,0.409249254364566,0.00197570543682889,0.00818004487391165,0.000746867307760347
5.53387897835479e-05,0,0,0,0,0,0,2.33048486999352e-05,0,0,0,0,0,0,4.86479518682463e-05,9.60065621241895e-05,0,0,0,0,0,0,0.000288722998318905,0,0,0,0.000141675210321512,1.50890754960324e-05,0,0,0,0,0,2.81694938899218e-05,0.00217510588549729,0.526152015534492,0.0253503391339157,0,0,0.00217411257931142,0,0,0.397711565528255,0.0059169902772614,0.00214472016367559,0,0.000149731465245111,0,0,0,0,0.000193507875101236,0,0,0,0,0,0,0,0,0,0,0,0,0,0,0,0,0,0,0,0,0,0,2.27477620248316e-05,5.21387043079958e-05,0,0,0,0,0,0,0,0.0019770782080718,0.533172114897603,0.469620496811188,0.010458411042324,0.000984429012693194
0,0,0,0,0,0,0,0,0,0,0,0,0,0,0.000134250967472855,8.44009241466448e-05,0,0,0,0,1.82142455359445e-05,0,0.000107029342723589,0,0,0,0.000467607822703924,0,0,0,0,0,0,0,0.00603531139822501,1.35318419094893,0.0197652579669419,0,0,0.00400719986360532,0,0,0.0250293125369614,0,0,0,0,0,0,0,0,0,0,0,0,0,0,0,0,0,0,0,0,0,0,0,0,0,0,0,0,0,0,0,0,0,0,0,0,0,0,0,0,0.00412098850269856,0.645515368059183,0.0253201938724633,0.0103304056306491,0.00059612049679374
0,0,0,0,0,0,0,0,0,0,0,0,0,0,0,0.000268642865133327,0,0,0,0,0,0,0.000209734803923202,0,0,0,4.47539071072494e-05,0,0,0,0,0,0,1.87916901595266e-05,0.0026239737118148,0.528753227543373,0.00411961174082469,0,0,0.00385265172745329,5.94910795487413e-05,0,0.00519866957245783,0,0,6.46730075404981e-05,0,3.00012608766837e-05,0,0,0,0,0,0,0,0,0,0,0,0,0,0,0,0,0,0,0,0,0,0,0,0,0,0,0,0,0,0,0,0,0,0,0,0.000816581373262778,0.415993326403309,0.00264052787523218,0.00389194913858608,0.000803406799636841
3.32328628562721e-05,0,0,0,0,0,0,0,0,0,0,0,0,0,0,2.71553800925512e-05,0,0,0,0,0,2.02178033491007e-05,9.80156986198969e-05,0,0,0,5.59620363755995e-05,0,0,2.78551417964845e-05,0,0,0,0,0.00202931337714748,1.50576673795239,0.0307646449326801,0,2.59851453906776e-05,0.00180830820869652,0,0,0.0178683383559991,0,0,0,0,0,0,0,0,0,0,0,0,0,0,0,0,0,0,0,0,0,0,0,0,0,0,0,0,0,0,0,0,0,0,0,0,0,0,0,0,0.00189805845886153,0.727695619061226,0.0173153376551274,0.00770128255149571,0.00020892881594265
0,0,0,0,0.000188459268697031,0,0,0,0,0,0,0,0,0,1.73666536402745e-05,0.000436988660289616,0,0,0,0,2.18266809397607e-05,0,0.000485312769833547,0,0,0,6.88355479085365e-05,0,7.37989685655568e-05,0,0,0,0,0,0.0220365889320507,0.926163369270203,0.0151489179334896,0.000204375719881436,0.000700892665885417,0.011153204368297,0,0,0.0231975058186138,0.000139073604725431,9.83340985728927e-05,0.00067167591445251,0.000479167964383155,2.02481374420623e-05,2.6159770915397e-05,0,0,4.60732446207518e-05,0,0,0,0,1.97158105138852e-05,0,0,0,0,0,0,0.000156553689311652,0.000490821294095684,0,0,0,0,0,2.50320605639672e-05,0.000122343447667354,0,0,1.00954072237121e-05,0,0,0,0,0,0,0,0,0.00506964659650301,0.800260594568038,0.134463654632981,0.0216920931755249,0.00572225959657167
6.24305748391334e-05,0,8.25886960575581e-05,0,0,0,0,0,0,0,0,0,0,0,7.24955414626222e-05,0.000237879394420884,0,0,0,0,9.00821360570185e-05,0,0.000390638964807041,0,0,0,7.38029278423802e-05,0,0,0,0,0,0,0.00077356344083648,0.0155951824113594,3.12170950759709,0.0758688839681574,9.88034012510061e-05,4.07669826864169e-05,0.00634533254817704,2.15478567380362e-05,0,0.0194689412394193,0.000163678510721043,0.000126844698088151,0.00014816201121601,6.33616611229613e-05,0,0,0,0,0,0,6.16400548846055e-05,0,0,0,0,0,0,0,0,0,0.000257881174508148,0,0,0,0,0,0,0,0,0,0,0,0,0,0,0,0,0,0,0.000108060132158856,0.0126159934640795,1.28671877762953,0.00329117583661673,0.0317349551027715,0.00339082348415412
0.000373208720394584,9.75829628138639e-05,0,0,0.00586485547027979,0,8.74834594987266e-05,0.000124852333974337,4.86479518682463e-05,0.000134250967472855,0,0,1.73666536402745e-05,7.24955414626222e-05,0,0.0020208870601057,0.000891048528996786,0,0,0,0.000323515358486158,0,0.00183093384373027,0.000472320378577598,6.24754274418785e-05,0.000114323296392685,0.00103448940749509,0,0.000162177329748804,0.000611761190131173,0,0.000173505015371465,4.08674001075499e-05,0.00164522271731911,0.0941439082379285,0.99754143656889,0.0343599524924685,0.00262620824416048,0.0147282347723922,0.0136290822238859,0.000532034417821312,0.000312159756968806,0.0633861183074689,0.00401765612117792,0.00863811090841484,0.0491694735933257,0.00607582775187576,0.0115819688565579,0.000567081557823149,0,0.000549695601189055,0.0014864336428598,0.000289988481202782,0.00262409462779055,0.00019116801200766,2.88138808420789e-05,6.7885105410881e-05,0.000124510411096363,0,0.000742436859243851,0,2.09353857563779e-05,0.000376162315273925,0.0143095442672742,0.0020708823269421,7.05193927821729e-05,6.62968257104084e-05,5.8302787091534e-05,0,0.00186065873460736,0.00104073074376309,0.00197230970526228,0.000154633520151337,2.79135557655194e-05,0.000954840724976979,8.08569765189119e-05,8.71945039227374e-05,5.52622790738705e-05,0.000710250155529373,0,0,0,0.000213922126811408,0.374376629042956,1.46857099611291,0.101583423940337,0.692375802744892,0.095841999511845
0.000560637373110216,0,0.000248567158755949,0,0.000747690552954142,0,2.79173817749822e-05,0,9.60065621241895e-05,8.44009241466448e-05,0.000268642865133327,2.71553800925512e-05,0.000436988660289616,0.000237879394420884,0.0020208870601057,0,0.00075293606570656,0,0,0,0.00052671616464684,0,0.0018315472077219,0.000300748888154276,0,0.000266399154891284,0.000700672075390798,1.57993365481248e-05,2.3439156245035e-05,0.000322234842439705,0.00032000896924324,9.48984458436723e-05,0,0.000303789237781465,0.129961104577721,21.5312534840828,0.718369510180552,0.000599394968875107,0.00353706962538223,0.0488713739565735,0.000231758624186385,0.000116249530554231,0.935595752287985,0.0141815521853579,0.00395048452410059,0.00573757627440887,0.00736180497256651,0.00152224098741229,0.000142211247932688,0,0,0.000472482852269831,0,0.00017997038361748,0,0,0,0.000619819287615876,0,0.000140550993131164,0,0,0,0.00393290244952866,0.000438433039209665,0,0,0,0.000336499660613044,0,0,0.000188216549348536,0,0,0,1.17962252616595e-05,0.000370184200854558,0,0,0,0,0,0.000271953914731584,0.0944851078560126,10.0323397108807,0.598304191566355,0.303475987794606,0.0663562137394021
3.8604938537926e-05,0,0,0,1.78685909927236e-05,0,0,0,0,0,0,0,0,0,0.000891048528996786,0.00075293606570656,0,0,0,0,3.65170653813932e-05,5.60873430922033e-05,0.000603618250428714,0,0,0,0.000544240877733151,0,0,2.43031719727137e-05,0,0,0,1.69722398940471e-05,0.0443749261109139,5.89846420041212,0.0418154173293953,3.48660816786601e-05,0.000399790477341312,0.0776736717936328,0,0,0.0950047835449322,0.000766666640839561,0.000219594705945879,0.00226634794022624,0.000164147681217584,0.000868644092106832,0,0,0,0,0,4.85747837176916e-05,0,0,0,0.000469579386573018,0,5.25512718991799e-05,0,0,0,0.000778298488859936,0,0,0,0,0,0,0,0.000514775338998151,0,0,0,0,0,0,0,0,0,0,0.000453894164875027,0.0247529110677465,3.03204227994343,0.0246799759208214,0.0594844584150054,0.0194776991204812
0,0,0,0,0,0,0,0,0,0,0,0,0,0,0,0,0,0,0,0,0,0,0,0,0,0,0,0,0,0,0,0,0,0,7.30610993107898e-05,0.0283928909306395,0,0,0,0,0,0,0.000438515578840947,0,0,0,0,0,0,0,0,0,0,0,0,0,0,0,0,0,0,0,0,0,0,0,0,0,0,0,0,0,0,0,0,0,0,0,0,0,0,0,0,5.32616808149224e-06,0.0284645550392761,0.000178213465021212,0,0
0,0,0,0,0,0,0,0,0,0,0,0,0,0,0,0,0,0,0,0,0,0,0.000176607401464173,0,0,0,0,0,0,0,0,0,0,0,0.00240373305873995,0.518259415229803,0.00563834222165338,0,0.000178798918996832,0.0134864854535148,0,0,0.00311527688134568,0.00185231667374391,0,0.000363498641890401,0,0,0,0,0,0,0,0,0,0,0,0,0,0,0,0,0,0,0,0,0,0,0,0,0,0,0,0,0,0,0,0,0,0,0,0,0,0.000922966703058365,0.326038005492693,0.00193042077001631,0.00119614487054278,0.000576340746196283
0,0,0,0,0,0,0,0,0,0,0,0,0,0,0,0,0,0,0,0,1.15997425100675e-05,0,0.000342460119677459,0,0,0,0.000197897604394229,0,0,0,0,0,0,0,0.00515809137972613,1.59889155134173,0.0324975297127402,0,0,0.0143576806257249,0,0,0.00905229590735684,0,0,0.000640011303972737,0.000260387831995329,0,0,0,0,0,0,0,0,0,0,0,0,0,0,0,0,0,0,0,0,0,0,0,0,0,0,0,0,0,0,0,0,0,0,0,0,0.00465408687170644,2.13613744039822,0.0138180255397008,0.0245614646818029,0.00249794898653723
0,0,0,6.89832500528655e-05,0.000428985867926,0,0,0,0,1.82142455359445e-05,0,0,2.18266809397607e-05,9.00821360570185e-05,0.000323515358486158,0.00052671616464684,3.65170653813932e-05,0,0,1.15997425100675e-05,0,3.83543565151941e-05,0.000548917272056097,0,4.15510561415366e-05,0,0.000408349770057844,0.000318098350827186,2.43527295190686e-05,6.57256750496153e-05,0,0,0,8.37643944502853e-06,0.0581264969095631,5.63009851515791,0.209694298266938,2.48689968977537e-05,0.000834283258903908,0.014892785333333,4.93508081149224e-05,0.000358139343036918,0.741957395528799,0.0104320290627347,0.00570825245717946,0.00168662499748349,0.00418916154669057,0.00026371683650798,0,0,0,9.32053526193667e-05,0,0.00026878928772803,0,0,0,0.000240582804498981,0,0,0,0,0,0.00115644999838202,0,0,0,0,0,0,0,0,0,0,0,0,0,0,0,0,0,0,0.000969399805318197,0.0437509107116845,2.08647200984661,0.500940345659884,0.0792339971802167,0.0142987276708176
0,0,0,0,2.78624288060402e-05,0,0,0,0,0,0,2.02178033491007e-05,0,0,0,0,5.60873430922033e-05,0,0,0,3.83543565151941e-05,0,6.92438814574349e-05,1.26118838288266e-05,0,0,0,1.14743156444923e-05,0,9.51307663642675e-06,0,0,0,1.62879291345852e-05,0.00343028255502653,0.511806666651089,0.0170406780146747,4.40511030319612e-05,3.34287297798377e-05,0.00125739972996891,5.32406960725672e-05,0,0.451233140493271,0.00691343203096311,0.000129824031776929,0.00149537888699649,0.00519676700792633,4.62407606187528e-05,0,0,0,0,0,0,0,0,0,0.00159059793390654,0,0,0,0,0,0.00179472664323807,0,0,0,0,0,0,0,0,0,0,0,0,0,0,0,0,0,0,0,0.00423047858467185,0.266274342876001,0.201728433682576,0.0111427800096272,0.00306916185337643
0.000787856375156942,3.08690630720801e-05,0.00019989214298477,0,0.000580602854603323,0,5.74968167389349e-05,0.000184952447291155,0.000288722998318905,0.000107029342723589,0.000209734803923202,9.80156986198969e-05,0.000485312769833547,0.000390638964807041,0.00183093384373027,0.0018315472077219,0.000603618250428714,0,0.000176607401464173,0.000342460119677459,0.000548917272056097,6.92438814574349e-05,0,0.000317112943831793,8.95775922548324e-06,0.000301352778461574,0.00122491915357748,1.94766727246412e-05,0.000244713890535273,0.000435455122537544,0,0.00013303289026549,0,0.00110667825975187,0.13335955976621,14.4631659963109,0.753370172979191,0.00122854217375516,0.00350107548725331,0.0282877912409159,0.000627200442652936,0.000172391888235636,0.532530613568858,0.00854530065949721,0.00155678643403938,0.00438420153968034,0.00436549158644971,0.000741357262406964,0.000184636561267063,0,0,7.09913850370362e-06,0,0.000578453942272696,0,0,0,0.00104340270731039,0,0.000134501380434908,0,8.76335269219339e-06,0,0.00157462775286207,0.0001354188140479,0,0,0,0,0.000294156085975302,6.02475451748838e-05,0.000157902323854605,0.00014758820926844,0,0,0,0.000149534850824563,0.000217446956221806,0,0,0,2.76722132327102e-05,3.92724082309125e-05,0.0901625367171504,4.49167202932098,0.184674223352513,0.144125005873629,0.0246319743844829
0,0,0.000402709425027488,0,0,0,0,0,0,0,0,0,0,0,0.000472320378577598,0.000300748888154276,0,0,0,0,0,1.26118838288266e-05,0.000317112943831793,0,0,2.42764760943678e-05,0.000162301020826289,0,0,0,0,0,0,0,0.0380992057844369,3.99024069031817,0.119845286462017,9.72203475181383e-05,0.000527620575678903,0.0110247345823661,0,0.000345171133754471,0.716750789735044,0.00898860671139877,0.00430255141535097,0.00132936035619292,0.00161321652773641,0.000400413586415758,5.12117177314106e-05,0,0,0.000582220933022827,0,0,0,0,0,0.000577268583201111,0,9.90670583031752e-05,0.00011008402152711,0,0,0.000514363833660209,0,0,0,0,0,0,0,0.000152059105350613,0,0,6.45391592653498e-05,3.82882937492073e-05,0,0,0,0,0,0,0.00105329719260184,0.0266604766267578,1.73984641200228,0.513628393803661,0.0434700551350113,0.00946145846864571
0,0,0,0,3.34420825836483e-05,0,0,0,0,0,0,0,0,0,6.24754274418785e-05,0,0,0,0,0,4.15510561415366e-05,0,8.95775922548324e-06,0,0,0,2.44329682865696e-05,0,0,0,0,0,0,0,0.00451123988957065,0.681382448396077,0.00158181462609793,0.000113390360607788,7.58858359825652e-05,0.0212815196160028,0,3.41759183740877e-05,0.232603271761373,0.000138110574275561,0.000118670565252998,0.000178374836423246,0.000362308285231319,0,0,0,0,0.000135085253914211,0,0,0,0,0,0.000595857941029527,0,8.0227512689701e-06,0,0,0,6.97300241993081e-05,0,0,0,0,0,0,0,0,0,0,1.74188649355445e-05,0,0,0,0,0,0,0,0,0.00165008903187673,0.499004895936269,0.174884199773423,0.00830806120688819,0.000908154241614039
0.000153317553320589,2.54875660515928e-05,4.8323900258104e-05,0,0,0,0,0,0,0,0,0,0,0,0.000114323296392685,0.000266399154891284,0,0,0,0,0,0,0.000301352778461574,2.42764760943678e-05,0,0,0.000165982805257612,0,1.00728835471797e-05,0,0,0,0,0,0.0225569459857783,2.72195246983479,0.0207800022568824,0.00035360108123508,0.000101631071776639,0.052488214447788,0,0,0.705319810752552,0.00435671011860318,0.000164253235492445,0.000376539399883205,0.000306625732253018,6.70992575270033e-06,0,0,0,0,0,8.2860444000143e-06,0,0,0,0.000569966788979311,0,0,0,0,0,8.88484832979147e-05,0,0,0,0,0,0,0,0,0,0,0,0,0,0,0,0,0,0,3.50236677745183e-05,0.0133335819497378,0.972388285018706,0.0868608101880155,0.0173516377336463,0.00562990557846397
0.0001323735579653,0,0.000106869918528652,5.26092037730821e-05,0.000226744516413157,0,6.03001875953111e-06,3.96996400381902e-05,0.000141675210321512,0.000467607822703924,4.47539071072494e-05,5.59620363755995e-05,6.88355479085365e-05,7.38029278423802e-05,0.00103448940749509,0.000700672075390798,0.000544240877733151,0,0,0.000197897604394229,0.000408349770057844,0,0.00122491915357748,0.000162301020826289,2.44329682865696e-05,0.000165982805257612,0,1.30569099087039e-05,0.000148463865873495,0.000336198873711153,0,0,1.61536276595826e-05,0.000282485450420196,0.105412004969129,14.840181385581,0.17111836018549,0.000782403264260629,0.00086623817964453,0.0501039183818474,0.000102331798548475,6.97614577374259e-05,1.68915876378229,0.0148681542315485,0.000262366005949678,0.00187714646441289,0.00635764994994498,0.000372203919981209,0,0.000181274118603178,0,8.80682134010947e-05,0,7.3316587629555e-05,0,0,0,0.00314207224492592,0,1.56873513730608e-05,0,0,5.10462756422043e-05,0.00089105236179924,0,0,0,0,0,0,0,0,0,0,0,0,0,0,0,0,0,0,9.83493876175294e-05,0.0655685273463222,3.74940340598382,0.228487626215417,0.0755463569977609,0.0160270175896749
0,0,0,0,0,0,0,0,1.50890754960324e-05,0,0,0,0,0,0,1.57993365481248e-05,0,0,0,0,0.000318098350827186,1.14743156444923e-05,1.94766727246412e-05,0,0,0,1.30569099087039e-05,0,0,6.07926463985135e-06,0,0,0,0,0.00790366783331616,1.39168097130974,0.0511064904669964,0,0,0.00384859801748323,0,0,0.345827283854946,0.00412332180951609,0.00345972628725398,0,0.00168333366827405,0,0,0,0,0,0,0,0,0,0,0,0,0,0,0,0,0.000148679026187726,0,0,0,0,0,0,0,0.000267194856663183,0,0,0,0,0,0,0,0,0,0.00149792255343391,0.000308730819298169,0.00582629333196133,0.379773044685525,0.273503873901529,0.00686221160283857,0.00116138436921564
0,0,0,0,0,0,0,0,0,0,0,0,7.37989685655568e-05,0,0.000162177329748804,2.3439156245035e-05,0,0,0,0,2.43527295190686e-05,0,0.000244713890535273,0,0,1.00728835471797e-05,0.000148463865873495,0,0,0,0,0,0,8.00018112511778e-05,0.0254952315996512,1.27894245118884,0.0117755656398793,0.000225999276099838,0.000103482590148346,0.00301709460582115,0,0,0.0157258482782774,0.000921152374905999,0.0001407948559627,0.00110305421814846,0.00121240025176515,0.00015543781366642,0,0,0,0.000137814628163314,0,4.16646493253256e-05,0,0,0,0,0,0,0,0,0,0.000264097190658962,0,0,0,0,0,8.46374922444586e-05,0,4.80727800102713e-05,0,0,0,2.90377105965545e-05,0,0,0,0,0,0,0.000198303655333923,0.021271714683209,0.8147963427416,0.0207015929155768,0.017687520103384,0.00335426859460262
4.53434048327513e-05,0,0.000186495679068477,0,0.000445879879780591,0,0,0,0,0,0,2.78551417964845e-05,0,0,0.000611761190131173,0.000322234842439705,2.43031719727137e-05,0,0,0,6.57256750496153e-05,9.51307663642675e-06,0.000435455122537544,0,0,0,0.000336198873711153,6.07926463985135e-06,0,0,0,0,0,0.000386224036970537,0.0603340182337649,4.40925725950265,0.0945988897861607,0.000165270490021849,0.00059688714501295,0.018345140888638,0,1.98187136368913e-05,0.348167947753136,0.00804125201849418,0.000644852161723976,0.00122786050321067,0.00219462841549404,0.000564824676392559,0,0,0,0.000778981894037352,0,0,0,0,0,0.000153783122930973,0,8.31878272184437e-06,0,0.000161627383960696,0,0.000872307224931263,0,0,0,0,0,0,0,3.49929059909274e-05,0,0,0.000204926939003553,0,0,0.000621797916889912,0,0,0,0,0.000677120128750874,0.04609635709507,1.89397057590029,0.324467767139477,0.0655391514595033,0.0164406441210402
0,0,0,0,0,0,0,0,0,0,0,0,0,0,0,0.00032000896924324,0,0,0,0,0,0,0,0,0,0,0,0,0,0,0,0,0,0,7.12973439474615e-05,0.0298572049664498,0,0,0,0,0,0,0.00154229103929787,0,0,0,0,0,0,0,0,0,0,0,0,0,0,0,0,0,0,0,0,0,0,0,0,0,0,0,0,0.000129391909571357,0,0,0,0,0,0,0,0,0,0,0,5.46383709993815e-05,0.0669475179221808,0,0,0
0,0,0,0,0,0,0,0,0,0,0,0,0,0,0.000173505015371465,9.48984458436723e-05,0,0,0,0,0,0,0.00013303289026549,0,0,0,0,0,0,0,0,0,0,0,0.00209614550619265,0.22682201565155,0.00732351216640911,0,0,0.00309139480403696,0,0,0.00180976666478329,0,0,0.000520330094657585,0,0.000250799144397213,0,0,0,0,0,0,0,0,0,0,0,0,0,0,0,0.000284112501879297,0,0,0,0,0,0,0,0,0,0,0,0,0,0,0,0,0,0,0,0.00220249460096817,0.471294973894886,0.00135682901655192,0.011350440069474,0.00150194226644238
0,0,0,0,0,0,0,0,0,0,0,0,0,0,4.08674001075499e-05,0,0,0,0,0,0,0,0,0,0,0,1.61536276595826e-05,0,0,0,0,0,0,2.95807843713966e-05,0.00269703743468942,0.356662506561355,0.00924060600702669,0,0,8.47668506966659e-05,0,0,0.0497037381399369,0,0.000158593149547946,0.000730097506036666,0.000728623967274377,0.000174373757448472,0,0,0,0,0,0,0,0,0,0,0,0,0,0,0,0,0,0,0,0,0,0,0,0,0,0,0,0,0,0,0,0,0,0,0.0011968910169589,0.00250222443458356,0.35548254916911,0.126134384975589,0.0121189843022397,0.00199471726135116
2.32891464695909e-05,0,1.95097359827335e-05,0,0.000564536282453394,0,4.77088807479386e-05,0,2.81694938899218e-05,0,1.87916901595266e-05,0,0,0.00077356344083648,0.00164522271731911,0.000303789237781465,1.69722398940471e-05,0,0,0,8.37643944502853e-06,1.62879291345852e-05,0.00110667825975187,0,0,0,0.000282485450420196,0,8.00018112511778e-05,0.000386224036970537,0,0,2.95807843713966e-05,0,0.0710523632241724,3.9329105632707,0.0814171043042444,0.000680906821467344,0.0018723712909706,0.0214208721615389,3.56710368080212e-05,2.8473567587969e-05,0.0875690721543843,0.000104226281238811,0.000399895681500168,0.00307917563962276,0.000544413039035862,0.00103470664572988,0,0,0,0,0,0.000118014264687788,0,0,0,0.00066848703867595,0,8.50831433500984e-05,0,0,0.000136394107443965,0.00126881992528037,0,3.90553307337473e-05,0,0,0,0,0,0.000168302893468488,0,0,0,0,0,0,6.02777925070679e-05,0,0,0,0,0.0467499172927548,2.02044357336679,0.0824800755840923,0.0884989511026466,0.0268504140774823
0.0114034660682841,0.0013156049008522,0.011237286101759,0.00397093126872009,0.0321224708646036,0.000834988064995854,0.00527162646246142,0.00362311278194554,0.00217510588549729,0.00603531139822501,0.0026239737118148,0.00202931337714748,0.0220365889320507,0.0155951824113594,0.0941439082379285,0.129961104577721,0.0443749261109139,7.30610993107898e-05,0.00240373305873995,0.00515809137972613,0.0581264969095631,0.00343028255502653,0.13335955976621,0.0380992057844369,0.00451123988957065,0.0225569459857783,0.105412004969129,0.00790366783331616,0.0254952315996512,0.0603340182337649,7.12973439474615e-05,0.00209614550619265,0.00269703743468942,0.0710523632241724,0,2.03994828812709,0.283083007111571,0.15331101620856,0.449986654473768,0.172460208475468,0.0064338113156453,0.0200993422782042,0.242763209622403,0.0212492051708549,0.0527729487206411,0.351893718453395,0.122830557782856,0.0591697121686625,0.0062798615285011,0.00207137091959223,0.000742839183219987,0.0145195188919746,0.00087768341325152,0.00746052048154661,0.00176990643820925,0.00243205016115908,0.00186414195012724,0.00148295619536533,0.000820541584366523,0.0138478098952904,0.000799483822761976,0.000424368705533057,0.00386766975598829,0.057365390598742,0.0237370030458466,0.000863520172807289,0.000432199260272588,0.000281593229007231,0.000696797314917247,0.0386735039213926,0.00363035983487068,0.0409089917936323,0.00758602941953367,0.000233133264318044,0.00537235555926726,0.00396005471762512,0.00170271430445635,0.00460203082313663,0.0172401755964621,0,0.000606377540982982,0.000514192867732334,0.00485785151307364,3.93873753065477,0.701051934930028,0.195690454901272,0.661463125965064,2.36329418671681
5.3703808347396,0.216604012081655,2.5893166953204,0.768441189274119,0.0980586275110324,0.158980164684219,1.16418268600258,0.893530966439592,0.526152015534492,1.35318419094893,0.528753227543373,1.50576673795239,0.926163369270203,3.12170950759709,0.99754143656889,21.5312534840828,5.89846420041212,0.0283928909306395,0.518259415229803,1.59889155134173,5.63009851515791,0.511806666651089,14.4631659963109,3.99024069031817,0.681382448396077,2.72195246983479,14.840181385581,1.39168097130974,1.27894245118884,4.40925725950265,0.0298572049664498,0.22682201565155,0.356662506561355,3.9329105632707,2.03994828812709,0,62.5482448757873,5.5317087886941,4.85180189191467,5.06962017512313,0.894770016617389,1.87078504964085,0.800797861307212,1.90221798344565,0.602798601126328,1.94413419591494,0.660188049967751,0.506800800563906,0.0863435000426736,0.431049445029152,0.0190063950478995,0.201646476729574,0.160746673472905,0.0552314385233314,0.0487879800160657,0.0485472721707107,0.105896773422927,0.0602518370220476,0.0583441244928686,0.0847716410860722,0.0739423475897689,0.0491839609690514,0.129398703086979,0.673024733382441,1.36105165614839,0.305793418614935,0.0113723654852686,0.0772563388603959,0.0375803247511649,0.694802645173442,0.086865190649557,0.627787654695403,0.486422968974456,0.00658036624113581,0.0652402488158083,0.461929877296602,0.0886004611914269,0.324386554593364,1.03676304130533,0,0.0243236354055203,0.11039148308767,0.835838660484411,0.66339075150632,27.8446256937427,1.15151649940621,0.977522352647952,0.116069342135116
0.229942349571548,0.00584989692729783,0.217975175830792,0.013063036297643,0.00678762519647817,0.0016510523329302,0.0640085761892047,0.0216806723678317,0.0253503391339157,0.0197652579669419,0.00411961174082469,0.0307646449326801,0.0151489179334896,0.0758688839681574,0.0343599524924685,0.718369510180552,0.0418154173293953,0,0.00563834222165338,0.0324975297127402,0.209694298266938,0.0170406780146747,0.753370172979191,0.119845286462017,0.00158181462609793,0.0207800022568824,0.17111836018549,0.0511064904669964,0.0117755656398793,0.0945988897861607,0,0.00732351216640911,0.00924060600702669,0.0814171043042444,0.283083007111571,62.5482448757873,0,0.0790414792964283,0.0600901399991803,0.445275202932626,0.0166388258861015,0.00864577589998088,0.307000102365818,0.0680527380137166,0.0101224818550615,0.0464579176178161,0.0132054619432124,0.00770541168025434,0.0011623911457804,0.0103957453430248,0.00356284724357139,0.00227640616605209,0.00563843767400782,0.00267794390538273,0,0,0.000303238307724593,0.000674906609398983,1.25794811135254e-05,0.00161724040247006,0,6.68859227781499e-05,0.00277167433053618,0.0180361639208016,0.0394823508140938,0.00345894539458769,0,0.00140754409427336,0,0.00975881465836947,0.000909976513629304,0.0125261143055527,0.0181864652404633,0,0.0013960525797148,0.0144007229438263,0.00563902797968103,0.008161044167974,0.0264075114611244,0,0,0.00515037186367223,0.0209045351824892,0.161666135670796,27.2398587695865,0.400565012909184,0.500018083480818,0.148375669514152
2.81892449730892e-05,0,1.96684685828142e-05,0,0.00185822211828642,0,2.9871271665432e-05,0,0,0,0,0,0.000204375719881436,9.88034012510061e-05,0.00262620824416048,0.000599394968875107,3.48660816786601e-05,0,0,0,2.48689968977537e-05,4.40511030319612e-05,0.00122854217375516,9.72203475181383e-05,0.000113390360607788,0.00035360108123508,0.000782403264260629,0,0.000225999276099838,0.000165270490021849,0,0,0,0.000680906821467344,0.15331101620856,5.5317087886941,0.0790414792964283,0,0.00443157926145616,0.0791781694210198,3.64659527372034e-05,2.1877312521016e-05,0.140764106279704,0.0033469987411581,0.0018775905962389,0.00694292720422788,0.00195189213179899,0.00214503699733879,1.5478387866089e-05,0,0,0.0001705957748749,0,0.000444910342949778,0,0,0,0,0,0.000278586243878583,0,0,0,0.00289793106487323,0.000619490704735135,0.000265469168336328,0,0,0,0.000496485196808915,2.18131707299359e-05,0.000254466813988239,0,0,0.000113773603927869,2.25340297284951e-05,0,0,0.000275715631589469,0,0,0,7.85872429612324e-05,0.0925623819642246,3.08925284348329,0.256759030564302,0.159725042842628,0.088942009976088
0.000262315924115796,3.17878988934949e-05,0.00049980285501408,4.20095524341774e-05,0.00931577523363046,0,0,4.22118085683966e-05,0,0,0,2.59851453906776e-05,0.000700892665885417,4.07669826864169e-05,0.0147282347723922,0.00353706962538223,0.000399790477341312,0,0.000178798918996832,0,0.000834283258903908,3.34287297798377e-05,0.00350107548725331,0.000527620575678903,7.58858359825652e-05,0.000101631071776639,0.00086623817964453,0,0.000103482590148346,0.00059688714501295,0,0,0,0.0018723712909706,0.449986654473768,4.85180189191467,0.0600901399991803,0.00443157926145616,0,0.0973329321967387,3.57992909085498e-05,0.000979449002629473,0.25028049084154,0.00735053386141444,0.0111015683482017,0.0586516365536446,0.00985892200974087,0.0143313957660888,0.00161463542080482,4.27850045708151e-05,0.00126908626237887,0.00272676807504754,0,0.00278661028447885,1.67065476797835e-05,0.000104093853740062,0.000145920208272595,0,0,0.001043589504127,0,8.13566739076461e-05,1.25834540097553e-05,0.0223769641328949,0.000936555871167131,0,0.000165824784233656,0.00016574157285851,0,0.00230789471320556,0.000639011554431422,0.00371413556106586,0,0.000148460021256484,0.000728206930994249,0.000343716229996468,0,7.77555551950563e-05,0.000420270016888893,0,0,0,0.000503382241491067,0.375144994728484,4.48115728167527,0.522269604222765,0.812376326271227,0.480958136259427
0.00514754498255144,0.00207681521842462,0.00322788779594217,0.00206808004246586,0.00318439787542914,0.00105663073008971,0.00274418955030447,0.00147695859256118,0.00217411257931142,0.00400719986360532,0.00385265172745329,0.00180830820869652,0.011153204368297,0.00634533254817704,0.0136290822238859,0.0488713739565735,0.0776736717936328,0,0.0134864854535148,0.0143576806257249,0.014892785333333,0.00125739972996891,0.0282877912409159,0.0110247345823661,0.0212815196160028,0.052488214447788,0.0501039183818474,0.00384859801748323,0.00301709460582115,0.018345140888638,0,0.00309139480403696,8.47668506966659e-05,0.0214208721615389,0.172460208475468,5.06962017512313,0.445275202932626,0.0791781694210198,0.0973329321967387,0,0.00610991974024071,0.0506633895732075,0.150505405064362,0.00733434161304972,0.0139278923538104,0.0531030982274357,0.0115870638670307,0.0115711399696758,0.00108048881240746,8.1088376046588e-05,0.000276440818236868,0.00210432044637803,0.00202371645678825,0.00268868595595521,0.000990518368532978,4.414645753671e-05,5.07957342674972e-05,0,3.68885239697835e-05,0.00137016927532867,0,0.000396191578668704,0.00160765301808097,0.0180339350266815,0.00695085574553795,0,0.00110300848989526,0.000141108369645995,8.85296361207233e-05,0.00500255694789385,0.00027186529714246,0.00437784671423615,0.00152092727614458,0.000344170516971977,0.00110435199738469,0.000736257954619861,0,0.000127622690995861,0.00471077778647692,0,0,0,0.00297836144874791,0.259640171612456,4.2990124849426,0.194989419408904,0.357475030553642,0.169800605188554
0,0,0,0,0,0,0,0,0,0,5.94910795487413e-05,0,0,2.15478567380362e-05,0.000532034417821312,0.000231758624186385,0,0,0,0,4.93508081149224e-05,5.32406960725672e-05,0.000627200442652936,0,0,0,0.000102331798548475,0,0,0,0,0,0,3.56710368080212e-05,0.0064338113156453,0.894770016617389,0.0166388258861015,3.64659527372034e-05,3.57992909085498e-05,0.00610991974024071,0,0,0.00149875565921629,0.000191811089370709,0.000285965396900727,0.000716178472856079,1.35259241348528e-05,0.000906620555044549,0,0,0,0,0,0,0,0,0,0,0,0,0,0,1.3451284732789e-05,0.0002372751040796,0,0,0,0,0,0,0,0,0,0,0,0,0,0,0,0,0,0,0,0.00422591913188928,2.13031971490545,0.0122487199300682,0.0415801507124421,0.00324756106899182
0,0,0,0,0.000315379417635245,0,0.000186198073711206,0,0,0,0,0,0,0,0.000312159756968806,0.000116249530554231,0,0,0,0,0.000358139343036918,0,0.000172391888235636,0.000345171133754471,3.41759183740877e-05,0,6.97614577374259e-05,0,0,1.98187136368913e-05,0,0,0,2.8473567587969e-05,0.0200993422782042,1.87078504964085,0.00864577589998088,2.1877312521016e-05,0.000979449002629473,0.0506633895732075,0,0,0.0583524491300438,0.000144786150114557,5.12780976526695e-05,0.000494069341377833,0.00026134160412832,0.000478276667474332,0.000414020154637725,0,0,8.89380066257522e-05,0,0.000468242274399011,0,0,0,0,0,0,0,0,0,0.000967601671560195,0,0,0,0,0,0.000152208926863173,0,6.49448403254099e-05,0,0,0,5.10176502108704e-05,0,0,0,0,0,0,0,0.00558989528550624,2.81022837431765,0.492109333069975,0.0598756703672605,0.0373210956093287
0.0713944814888573,2.05547827554611,3.79118944812148,0.0378702188273673,0.0440364177693189,0.00240109589860657,0.248481106565898,0.00421021509266394,0.397711565528255,0.0250293125369614,0.00519866957245783,0.0178683383559991,0.0231975058186138,0.0194689412394193,0.0633861183074689,0.935595752287985,0.0950047835449322,0.000438515578840947,0.00311527688134568,0.00905229590735684,0.741957395528799,0.451233140493271,0.532530613568858,0.716750789735044,0.232603271761373,0.705319810752552,1.68915876378229,0.345827283854946,0.0157258482782774,0.348167947753136,0.00154229103929787,0.00180976666478329,0.0497037381399369,0.0875690721543843,0.242763209622403,0.800797861307212,0.307000102365818,0.140764106279704,0.25028049084154,0.150505405064362,0.00149875565921629,0.0583524491300438,0,18.8393769360416,43.1339323520812,30.299563775605,7.19328191496245,2.24578147756249,0.680268231912229,0.620052916902014,1.90992443968979,8.06464131561797,0.604747296386931,0.00731998715652519,0.1535758559913,0.365958508459397,0.23670508289663,2.18758225601579,0.328289338290875,0.51144150659238,0.193300768134079,0.0762760918286694,0.487593116547995,1.34784871521123,7.9314316225205,0.764433479824382,0.919279692882635,1.07021646073142,0.414857756501677,4.01202112370447,3.81790248742787,10.5152963001561,5.38483774077429,0.627356484493076,5.91795037308726,2.81989656093288,1.5228220160601,1.23461855949581,0.91393972661912,0.000133090609632062,0.0664295095595249,0.27917936492599,7.4399611875939,0.921141018539427,0.4240214203396,21.046509155921,0.164647599813196,0.0106734938796717
0.00079054746371704,0.0232261177389678,0.0308099507683419,0,0.00238219862533041,0,0.00294041139905498,0,0.0059169902772614,0,0,0,0.000139073604725431,0.000163678510721043,0.00401765612117792,0.0141815521853579,0.000766666640839561,0,0.00185231667374391,0,0.0104320290627347,0.00691343203096311,0.00854530065949721,0.00898860671139877,0.000138110574275561,0.00435671011860318,0.0148681542315485,0.00412332180951609,0.000921152374905999,0.00804125201849418,0,0,0,0.000104226281238811,0.0212492051708549,1.90221798344565,0.0680527380137166,0.0033469987411581,0.00735053386141444,0.00733434161304972,0.000191811089370709,0.000144786150114557,18.8393769360416,0,0.490621102988429,0.0516510615888791,0.291967455737477,0.00110885977705046,0.00444174886750739,0.0155045745762054,0.0198742212867663,0.0900309065081592,0.00561217647611775,0.00107387782863474,3.6827360342142e-05,0.0054547436858885,0.00334433828269609,0.0697316574953566,0.00411691179138342,0.00214605159709722,0.0014089649700376,3.09448670853505e-05,0.00402051874364866,0.0131148040480969,0.152162687363545,0.100745165896499,0.000862395782866572,0.0173913133402883,0.00670430887406374,0.0419107551211486,0.0613827672423805,0.233063986218482,0.0541302177811878,4.01696566749593e-05,0.074371777055928,0.0564906123903932,0.0118105333234865,0.0233181610330221,0.0277806839990131,0,1.65820682153923e-05,0.00502309646674761,0.873306096116068,0.0574872851543692,0.975894922992882,7.03907423565347,0.0820061705232572,0.00506995787259578
7.58268930924847e-05,0.000252450775398302,0.000945133254048908,0,0.00441286954175499,0,0.00103409763167467,0,0.00214472016367559,0,0,0,9.83340985728927e-05,0.000126844698088151,0.00863811090841484,0.00395048452410059,0.000219594705945879,0,0,0,0.00570825245717946,0.000129824031776929,0.00155678643403938,0.00430255141535097,0.000118670565252998,0.000164253235492445,0.000262366005949678,0.00345972628725398,0.0001407948559627,0.000644852161723976,0,0,0.000158593149547946,0.000399895681500168,0.0527729487206411,0.602798601126328,0.0101224818550615,0.0018775905962389,0.0111015683482017,0.0139278923538104,0.000285965396900727,5.12780976526695e-05,43.1339323520812,0.490621102988429,0,0.0230500694505372,0.747729751926147,0.00409748971464641,0.00162877473049978,0.004538756070297,0.000655338847354503,0.00967446889015822,6.24045432505351e-05,0.00126205588030529,0.000336024843331591,0.000414937037221536,0.000182967626433352,0.154291617550552,0.000627962984266934,0.00120126439791257,0.00129456999884611,0.000205018611895445,0.000416424932243995,0.014895046645426,0.0186021624888288,0.000918227535648892,0.000235799861963436,7.43781412805659e-05,0.00127253946639306,0.00805662146445149,0.00576449911166429,0.0142552183794765,0.00547022673955272,6.01206540612482e-05,0.0018190899765526,0.00318815084811047,0.00186609980648922,0.00619008634220944,0.0018405476771884,0,0,0.000874438850261318,0.0202150435328504,0.136732788831939,0.506317066143916,15.0587860983925,0.12147748502897,0.018009405642854
