0,0,0.0021887611147967,0.001389153449603,0,8.40289144609792,5.72533796453593,5.29314095517497,0.182300064124112,0.0360476322872641,0,0.379792788750787,0,12.9052015352175,0.0833107854161191,0.173079716592949,0.00346873031486047,0,0,0,0.065323254036984,0.0760743532032096,0.121092761818143,0.0587910411176393,0,0,0.0160346844019407,0.190851881876776,24.4315529605141,5.31504904182548,0,0,0.211373177270948,0.148505533095496,1.36363087002754e-05,0.0838999262558032,0.0787649957517594,0.00754530509606374,0,4.02867206666484,0,0,0,0,0,0,0,0,0,0,0,0,0,0,0,0,0,0,0,0,0,0,0,0,0,0,0,0,0,0,0,0,0,0,0,0,0,0,0,0,0,0,0,0,0.0562246212426024,0,0,0
0,0,2.3816790248759,0,0,0.00290283931545365,0.00104030689895822,0,0.0634148712364142,0,5.04391796938412,0,4.26628216369083,0,0,0.0174901658185052,0.182459330662509,0.032241123060059,0.252436961466699,0,0.010170279761573,4.79005139265226,0.655455554873301,0.00263485519277276,11.854919492145,0.488581565006016,5.50770595313125,0.00364590878439556,0.00326270898637829,0.00602464374761048,0,0,0,4.15073639859455,0,0.400716856866029,8.7751233663816,5.38788624251626,0.340026396111903,0.00360605416247492,0.0128533563316479,0.298394214963255,0.0243330878999557,0,0,0,0,0,0,0,0.0890908447189114,0,0,0,0,0,0,0.00406522237125685,0,0.00149001713738037,0,0,0,0,0,0,0,0,0,0,0.345649223833772,0,0,0.00332207100684778,0,0,0,0,0,0,0,0,0,0,0.6646855162087,0,0,0
0.0021887611147967,2.3816790248759,0,0,0,0.00188399542333644,0.0047523509258137,0,0.31384281395106,6.44205257774744e-05,0.298762332926487,0.000326251618953831,0.0822331360884173,0,0.00136292052310315,0.0811304006155841,3.75508885432453,0.0249806370733415,0.534083244071707,0,0.0832734563416378,3.22232227450979,5.41525822889866,0.0111321079095049,0.207289320871738,10.6142207313027,8.46949002596713,0.0232000199120441,0.00499234310276158,0.0351676307792004,0,0,0,4.45856437973495,1.2379333431342e-05,1.55347773109061,1.98095455809483,1.86543839639348,0.316184582980828,0.00831165042796496,0.00831899073951253,0.0215977240975112,0.00188362969605801,0,0,0,0,0,0,0,0,0,0,0,0,0,0,0,0,0,0,0,0,0,0,0,0,0,0,0,0.00299739633283119,0,0,0,0,0,0,0,0,0,0,0,0,0,1.49438661359776,0,0,0
0.001389153449603,0,0,0,0,0.287298417004298,0.214705307339978,0,0.0171092755708442,4.92125293978344,0,0.948176348434159,0,0,0,0.00229366211439447,0,0,0,93.0815641275556,0.00015890676421235,0.00084873255845111,0.000700572410809477,2.09712693188437,0,0,0.00040981715284366,15.7397552915427,0,0.00119795661920811,0,0,0,0.00291102212203698,0,0,0.000235758673029097,0,0,0,0,0,0,0,0,0,0,0,0,0,0,0,0,0,0,0,0,0,0,0,0,0,0,0,0,0,0,0,0,0,0,0,0,0,0,0,0,0,0,0,0,0,0,0,0,0,0,0
0,0,0,0,0,8.72318842116059,0,1.71829890595229,0,0,0,0,0,0.306921047995216,1.02597574818892,0,0,0,0,0,0,0,0,0,0,0,0.0005257786668873,0,2.63852048903809,0,0,11.8267833054056,0.00404549117870692,2.91635690870435,0.351363796108351,0.539000847919313,0.0240374241457202,0.0949636268237375,0.00198381813386723,28.4074729858046,11.4547456013089,0,0.490539714640561,0.134033784806882,0.00391860926371235,0.00541636890997416,0.0281922047138848,0.00620464963135321,0.000606556403268278,0,0,0,0,0.00702759688329123,0,0,9.00220157753632e-05,0,0,0,0,0.00302991413727335,0,0.00408357047443579,0,0,0,0,0,0,0,8.58981365592175e-06,0,0,3.46307725278893e-05,0,0,0,0.000359806435717136,0,0,0,0.000166976750700489,0.0330465725386534,0.866656927722347,1.01424294197795,0.00619933098378293,0.0492845543880602
8.40289144609792,0.00290283931545365,0.00188399542333644,0.287298417004298,8.72318842116059,0,3.81609738961776,11.2702458108927,0.144299076131987,11.9293685353986,0.00386352635603153,5.63259495400539,0.000830445305750292,3.10252795104605,1.20911394843285,0.106608353180927,0.00109034326945218,0,0,1.80346326716116,0.0666744345186132,0.0438232071757198,0.113864223717028,2.6147391582347,0,0,0.021908856683388,3.21053572041146,14.555073265755,1.06521380218933,0,1.43811332686795,4.5825905188754,4.35722504136933,0,0.0662298964131632,0.0502437366760424,0.453924382486716,0.00331392817208419,15.6882691345306,2.49656848534159,0,0,0,0,0,0,0,0,0,0,0,0,0,0,0,0,0,0,0,0,0,0,0,0,0,0,0,0,0,0,0,0,0,0,0,0,0,0,0,0,0,0,0,0.0462265920838883,0,0,0
5.72533796453593,0.00104030689895822,0.0047523509258137,0.214705307339978,0,3.81609738961776,0,1.0466826279681,0.308466494297528,12.556115589094,9.38216284306244e-05,2.09163961509094,0,0.753435976361217,0.0426964385443145,0.18452131100895,0.00322442876533868,0,0,1.58800516576942,0.117510019607842,0.0681525631320845,0.221941818626893,1.71188225199233,0,0.000933429910379063,0.0491333624837321,8.56368425952675,0.743398886948752,14.3801260370488,0,0,0.047131446886113,0.269394690684444,0,0.148141727863928,0.0738219029446485,0.00396700399467165,0.0005600582178466,0.796022686503945,0,0,5.94563306397047e-05,0,0,0,0,0,0,0,0,0,0,0,0,0,0,0,0,0,0,0,0,0,0,0,0,0,0,0,0,0,0,0,0,0,0,0,0,0,0,0,0,0,0.125936997290787,0,0,0
5.29314095517497,0,0,0,1.71829890595229,11.2702458108927,1.0466826279681,0,0.00866583476231923,1.48094692730983,0,0.50417008916788,0,38.9552852718498,0.0236332936469123,0.0101746551472988,0,0,0,0.000989645325002009,0.00346075384471937,0.00127309362859898,0.00453310540052244,0.0768224976716227,0,0,0.00266622974486614,0.132669695999083,8.35773841560228,0.0883532823645076,0,1.25845561090767,2.37269253848996,0.226748188460204,0,0.00377297168191595,0.00279954484082885,0.00163790609057259,0,0.304260928398172,0.159717057249384,0,0,0,0,0,0,0,0,0,0,0,0,0,0,0,0,0,0,0,0,0,0,0,0,0,0,0,0,0,0,0,0,0,0,0,0,0,0,0,0,0,0,0,0.000759243718965123,0,0,0
0.182300064124112,0.0634148712364142,0.31384281395106,0.0171092755708442,0,0.144299076131987,0.308466494297528,0.00866583476231923,0,0.0328934678082135,0.00325261406790302,0.233371998876996,0.00172941756040624,0.00353004341890828,0.996144230415288,4.00117249484914,0.0652121645126121,0.00202156431649009,0.00490184862865103,0.00989102677839128,1.48632043614948,12.8185506041482,2.0122623825569,10.2169082901924,0.00546007872303066,0.0108791844104105,0.355195119777765,5.09440780728945,0.142176328708374,1.6108080145728,0,0,0.00813046737197134,0.633857952016497,5.33157444516756e-06,17.4692662080654,1.18612210049684,0.0546058389286504,0.0101263621167442,5.92972275251695,0.00285861246392471,0.00325795198065071,0.00510016525837935,0,0,0,0,0,0,0,0.00010869805724791,0,0,0,0,0,0,0.17910527841139,0,0,0,0,0,0,0,0,0,0,0,0,0.000388953718356788,0,0,0,0,0,0,0,0,0,0,0,0,0,2.41998943257704,0,0,0
0.0360476322872641,0,6.44205257774744e-05,4.92125293978344,0,11.9293685353986,12.556115589094,1.48094692730983,0.0328934678082135,0,0,13.0644429059634,0,0.147237253313222,0.0497401123117879,0.0171641058566675,0,0,0,20.6741774811935,0.00486101829893161,0.00460542135165832,0.017559870076647,0.875928078146837,0,0,0.00750219560305102,8.11223606147502,0.0144257563435757,0.263877618784252,0,0,0,0.0112954185665375,0,0.00196418392574107,0.00332303995940516,7.88216184848742e-05,0,0.0701823988729313,0,0,0,0,0,0,0,0,0,0,0,0,0,0,0,0,0,0,0,0,0,0,0,0,0,0,0,0,0,0,0,0,0,0,0,0,0,0,0,0,0,0,0,0,0.00547261853033194,0,0,0
0,5.04391796938412,0.298762332926487,0,0,0.00386352635603153,9.38216284306244e-05,0,0.00325261406790302,0,0,0,29.1046527849458,0,0,0,0.186919014620056,11.7168923809339,6.41133592105975,0,0.000538840652687222,0.122979592057825,0.0312010085085626,0,1.70376692215099,14.403287368292,5.92299220028307,0,0,0.00125585839975365,1.19989616919076,0,0,5.60292875708744,0,0.0406534086794023,4.21618406820506,6.54852107257332,0.167517899406891,0.00393614759252136,0.00052711875944831,1.53300622997129,0.0234834650888037,0,0,0,0,0,0,0,0.00184303179030085,0,0,0,0,0,0,0.000214967186335071,0,0,0,0,0,0,0,0,0,0,0,0,0.0975074718336556,0,0,0,0,0,0,0,0,0,0,0,0,0,0.0210342681787642,0,0,0
0.379792788750787,0,0.000326251618953831,0.948176348434159,0,5.63259495400539,2.09163961509094,0.50417008916788,0.233371998876996,13.0644429059634,0,0,0,0.0652093160467985,3.02960180263913,0.0334408752073005,0.00140852332297048,0,0,62.6870561174061,0.0111204648989556,0.0216176085174809,0.0221608047302443,0.89518947000732,0,0,0.00618534233176963,1.83430572935811,0.131776101340023,0.156661579186281,0,0,0.00415620369572944,0.0236453912675394,1.60020856870813e-05,0.455389433783051,0.0575546524048359,0.00143481582148644,0.000208945876214648,10.8499758772907,0,0,0,0,0,0,0,0,0,0,0,0,0,0,0,0,0,0,0,0,0.050622447124209,0,0,0,0,0,0,0,0.0370761911461789,0,0,0,0,0,0,0,0,0,0,0,0,0,0,0,0.411405987200864,0,0,0
0,4.26628216369083,0.0822331360884173,0,0,0.000830445305750292,0,0,0.00172941756040624,0,29.1046527849458,0,0,0,0.0002310342094931,0.00113166844912246,0.0144173779014586,0.00990325155387425,0.107179015086096,0,0,0.386161832547738,0.00922587123998987,0,6.16867771646874,4.75779735822644,4.30176513307924,0,0,0.000613548233788078,11.6639157063258,0,0,0.53246615411879,0.000194113672732281,2.84589856352038,19.3257787032169,2.56241192924398,0.607826164281867,0.0426718774573682,0.982146190261666,9.59477938107751,0.273082285401163,0.101344428619718,0,0.000442352860298905,0,0,0.178637199951729,0,0.0233835176396751,0,0,0,0,0,0,0.00266702916896023,0,0,0,0.00911744683283548,0,0,0,0,0,0,0,0,0.637617734572183,2.84128064831314e-05,0,0,0.000513682394034324,0,0,0,0,0,0,0,0,6.30570647224846e-05,0.876735722829483,0.0013451686900021,0,0.000164769587455689
12.9052015352175,0,0,0,0.306921047995216,3.10252795104605,0.753435976361217,38.9552852718498,0.00353004341890828,0.147237253313222,0,0.0652093160467985,0,0,0.000884696660449283,0.00266222971039029,0,0,0,0,4.70110965313901e-05,0,0.00147975286142091,0.00441593378189722,0,0,0.00109871423147189,0.00791385435031422,4.30837854559377,0.00838311778746052,0,0.907786353103358,0.300595164379951,0.0612866276368634,0,0.00167871422596259,5.45313282476279e-05,0.000702415294003611,0,0.137935017546824,0.0776637776997905,0,0,0,0,0,0,0,0,0,0,0,0,0,0,0,0,0,0,0,0,0,0,0,0,0,0,0,0,0,0,0,0,0,0,0,0,0,0,0,0,0,0,0,0.000230419064389619,0,0,0
0.0833107854161191,0,0.00136292052310315,0,1.02597574818892,1.20911394843285,0.0426964385443145,0.0236332936469123,0.996144230415288,0.0497401123117879,0,3.02960180263913,0.0002310342094931,0.000884696660449283,0,0.0195509421888405,0,0,0,0,0.00151522231042969,0.0107664179678325,0.00329081636365623,3.78803947502443e-05,0,0,0.000599371251554064,0.013708726162454,0.0306916957505428,0.0202127211687929,0,0,0.0624294457657854,0.22445172750291,0.221950122608277,0.588036513556008,0.0204943826215803,0.0293416285633748,0.00274303733485771,90.366528813339,0.0473927016421325,0.00138472483459668,0.321062594253644,0.0779360084659231,0.00136466745275945,0.00497634440809359,0.0178158964192524,0.00505048675382152,0.000128426111234,0,0,0,0,0.000923509192225247,3.13951056899889e-05,0,0,0,0,0,0,0.000792347716698954,0,0.00614774769729085,0,0,0,0,0,0,0,0,0,0,9.50513092785529e-05,9.53657523656372e-06,2.66977466021965e-05,0,1.98984820922381e-05,0,0,0,0.000151834882596788,0.0189229934793112,0.687327706939729,0.713655780345575,0.00507114397888071,0.0381887263938447
0.173079716592949,0.0174901658185052,0.0811304006155841,0.00229366211439447,0,0.106608353180927,0.18452131100895,0.0101746551472988,4.00117249484914,0.0171641058566675,0,0.0334408752073005,0.00113166844912246,0.00266222971039029,0.0195509421888405,0,0.0107502642545705,0,0.00200545369892499,0.000894924046230846,15.9887392650625,1.47646305238085,47.6713582974636,1.12634406533184,0,0.00376202935900064,2.27363890137765,12.4987798040369,0.147157792312083,1.294887582735,0,0,0.00593251817641414,0.342840841100455,0,0.314251583743666,0.211904509524122,0.00797021210607775,0.00405735788861076,0.0679869271494944,0,0,0,0,0,0,0,0,0,0,0,0,0,0,0,0,0,0,0,0,0,0,0,0,0,0,0,0,0,0,0,0,0,0,0,0,0,0,0,0,0,0,0,0,0.583014222981629,0,0,0
0.00346873031486047,0.182459330662509,3.75508885432453,0,0,0.00109034326945218,0.00322442876533868,0,0.0652121645126121,0,0.186919014620056,0.00140852332297048,0.0144173779014586,0,0,0.0107502642545705,0,0.0311158345240353,11.8135413672382,0,0.514401705220995,0.362172702345721,17.1195419541238,0.00361931441407501,0.0588617495388861,5.72960092171235,0.621331145200203,0.00494341743753176,0.00122339368719206,0.0248595844522333,0,0,0,0.870088381285468,0,0.180609511513837,0.300431589261753,0.132563584712729,0.0405815127985249,0,0,0.00134699103619947,0.00155376973788268,0,0,0,0,0,0,0,0,0,0,0,0,0,0,0,0,0,0,0,0,0,0,0,0,0,0,0,0,0,0,0,0,0,0,0,0,0,0,0,0,0,0.193847132122497,0,0,0
0,0.032241123060059,0.0249806370733415,0,0,0,0,0,0.00202156431649009,0,11.7168923809339,0,0.00990325155387425,0,0,0,0.0311158345240353,0,27.3262187385841,0,0,0.00613012729935025,0.00409448932812369,0,0.0368542763607085,3.34533021064782,0.11755504691876,0,0,0,0,0,0,0.0279962860991135,0,0.00216960498592476,0.00452116072234833,0.0229298081555403,0,0,0,0,0,0,0,0,0,0,0,0,0,0,0,0,0,0,0,0,0,0,0,0,0,0,0,0,0,0,0,0,0,0,0,0,0,0,0,0,0,0,0,0,0,0,0.00220600494538524,0,0,0
0,0.252436961466699,0.534083244071707,0,0,0,0,0,0.00490184862865103,0,6.41133592105975,0,0.107179015086096,0,0,0.00200545369892499,11.8135413672382,27.3262187385841,0,0,0.00824759899136655,0.0756592608112547,0.164625842030706,0,0.18104482023517,15.4879984040024,0.734105195822371,0,0.00054004856310079,0.00036815217806439,0,0,0,0.570611980151815,0,0.0286866803854431,0.128369722700078,0.220735806367416,0.00892044233908358,0,0,0.00654767210660434,0,0,0,0,0,0,0,0,0.00462212183593913,0,0,0,0,0,0,0,0,0,0,0,0,0,0,0,0,0,0,0,0,0,0,0,0,0,0,0,0,0,0,0,0,0,0.0279193192919425,0,0,0
0,0,0,93.0815641275556,0,1.80346326716116,1.58800516576942,0.000989645325002009,0.00989102677839128,20.6741774811935,0,62.6870561174061,0,0,0,0.000894924046230846,0,0,0,0,0.000600661242077957,0.000921567991423811,0.00140882101038259,5.62191405388155,0,0,0.000244862447662869,18.2195447399554,0,0.0131629035702612,0,0,0,0.00012683420522822,0,0,0.000729771815950325,0,0,0,0,0,0,0,0,0,0,0,0,0,0,0,0,0,0,0,0,0,0,0,0,0,0,0,0,0,0,0,0,0,0,0,0,0,0,0,0,0,0,0,0,0,0,0,0,0,0,0
0.065323254036984,0.010170279761573,0.0832734563416378,0.00015890676421235,0,0.0666744345186132,0.117510019607842,0.00346075384471937,1.48632043614948,0.00486101829893161,0.000538840652687222,0.0111204648989556,0,4.70110965313901e-05,0.00151522231042969,15.9887392650625,0.514401705220995,0,0.00824759899136655,0.000600661242077957,0,1.37782247902412,11.0767232792271,1.10968020834204,0,0.00460116289469098,0.130344862742658,6.55249621904118,0.0755714254026679,12.461589759714,0,0,0.00219056642372128,0.900255469411256,0,0.135487668631823,0.326667647573496,0.00687429437629563,0.000798976481367722,0.0223628171679076,0,0,0.000216458599125238,0,0,0,0,0,0,0,0,0,0,0,0,0,0,0,0,0,0,0,0,0,0,0,0,0,0,0,0,0,0,0,0,0,0,0,0,0,0,0,0,0,0.121693653526712,0,0,0
0.0760743532032096,4.79005139265226,3.22232227450979,0.00084873255845111,0,0.0438232071757198,0.0681525631320845,0.00127309362859898,12.8185506041482,0.00460542135165832,0.122979592057825,0.0216176085174809,0.386161832547738,0,0.0107664179678325,1.47646305238085,0.362172702345721,0.00613012729935025,0.0756592608112547,0.000921567991423811,1.37782247902412,0,5.94921226359129,7.12584930276514,0.722466242184546,0.131421488805456,2.749676188316,0.950405272953965,0.0631921596860799,0.503876685224949,0,0,0.00187540135276619,4.00120886056713,9.48022166179745e-06,4.43882688415182,13.4610733424492,2.79315096839322,0.442782976191903,0.0450816386040155,0.0176600788864246,0.0731914702568005,0.0324439450710034,0.000814386080842926,0.000420022945933319,0,0,0,0,0,0.128624015736651,0.000585799315199084,0,0,0,0,0,0.02956418353222,0,0.00224236036013669,0,0.00072852219905112,0,0,0,0,0,0.000838345791400315,0,0.000173146718858878,0.00881453386089491,0.000195264237177216,0,0.0801523034652716,0.00584772880770976,0.0117596097616723,0,0,0,0,0,0,0,2.19154516746358e-05,6.31826206591352,0.00926754856054893,0,0
0.121092761818143,0.655455554873301,5.41525822889866,0.000700572410809477,0,0.113864223717028,0.221941818626893,0.00453310540052244,2.0122623825569,0.017559870076647,0.0312010085085626,0.0221608047302443,0.00922587123998987,0.00147975286142091,0.00329081636365623,47.6713582974636,17.1195419541238,0.00409448932812369,0.164625842030706,0.00140882101038259,11.0767232792271,5.94921226359129,0,0.328307509150085,0.021309604580457,0.266725078955767,10.1025903606463,0.968904063693392,0.216825619742459,2.02003603149937,0,0,0.00799851609161476,3.0452889682008,7.68525885734763e-05,2.11175324373891,1.94384165751815,0.271592968037689,0.0564677328404949,0.0659255396590862,0.00201850565216821,0.00377982537057469,0.00203163264893847,0,0,0,0,0,0,0,0,0,0,0,0,0,0,0,0,0,0,0,0,0,0,0,0,0,0,0,0,0,0,0,0,0,0,0,0,0,0,0,0,1.95932951174249e-05,1.89111242373696,1.63800100672958e-05,0,0
0.0587910411176393,0.00263485519277276,0.0111321079095049,2.09712693188437,0,2.6147391582347,1.71188225199233,0.0768224976716227,10.2169082901924,0.875928078146837,0,0.89518947000732,0,0.00441593378189722,3.78803947502443e-05,1.12634406533184,0.00361931441407501,0,0,5.62191405388155,1.10968020834204,7.12584930276514,0.328307509150085,0,0,2.70463054506415e-05,0.13029303114239,67.7052776871039,0.0470325554666713,0.555702566440613,0,0,0.000702530408362097,0.127822773394851,0,0.169931034912375,0.0993109174972148,0.000216112960225046,0,0.045280403964967,0,0,0.000662951310827609,0,0,0,0,0,0,0,0,0,0,0,0,0,0,0,0,0,0,0,0,0,0,0,0,0,0,0,0,0,0,0,0,0,0,0,0,0,0,0,0,0,0.0417499461107986,0,0,0
0,11.854919492145,0.207289320871738,0,0,0,0,0,0.00546007872303066,0,1.70376692215099,0,6.16867771646874,0,0,0,0.0588617495388861,0.0368542763607085,0.18104482023517,0,0,0.722466242184546,0.021309604580457,0,0,0.43145487654865,3.32383436975191,0,0,0.00108405219287017,0,0,0,0.398580136609262,0,0.096378882310009,14.1688223171479,0.424338727669222,0.0659572335054772,0,0.000885242884203608,6.04968518963868,0.59531347493201,0.0968034234806216,0,0,0,0,0.327398771616189,0,0.130696739512503,0,0,0,0,0,0,0.00309335864672876,0,0.00226613129191805,0,0.516795185950427,0,0,0,0,0,0,0,0,1.78224493410209,0,0,0.196964023857739,0,0,0,0,0,0,0,0,0,0,0.0206074018161792,0,0,0
0,0.488581565006016,10.6142207313027,0,0,0,0.000933429910379063,0,0.0108791844104105,0,14.403287368292,0,4.75779735822644,0,0,0.00376202935900064,5.72960092171235,3.34533021064782,15.4879984040024,0,0.00460116289469098,0.131421488805456,0.266725078955767,2.70463054506415e-05,0.43145487654865,0,15.3650370825143,0.000371698907477031,0.00039800373566156,0.00143643447708735,1.19219905471859,0,0,0.707614890132611,0,0.0341025777019483,0.161033296156186,0.278366592049881,0.016629514636251,0.00035687568508691,0,0.00263583551323756,0.00117818440842257,0,0,0,0,0,0,0,0,0,0,0,0,0,0,0,0,0,0,0,0,0,0,0,0,0,0,0,0.00624237227090046,0,0,0,0,0,0,0,0,0,0,0,0,0,0.0187684812868706,0,0,0
0.0160346844019407,5.50770595313125,8.46949002596713,0.00040981715284366,0.0005257786668873,0.021908856683388,0.0491333624837321,0.00266622974486614,0.355195119777765,0.00750219560305102,5.92299220028307,0.00618534233176963,4.30176513307924,0.00109871423147189,0.000599371251554064,2.27363890137765,0.621331145200203,0.11755504691876,0.734105195822371,0.000244862447662869,0.130344862742658,2.749676188316,10.1025903606463,0.13029303114239,3.32383436975191,15.3650370825143,0,0.236211130710601,0.0281628099738998,0.164478448716951,0.355202375247171,0,0.000108872406190883,3.75681354033609,1.20310271709511e-05,0.616732298874338,1.82086828566004,2.25635958892889,0.0948774317173996,0.0149731871452943,0.00526263432835958,0.034594043221154,0.0146573436435978,0.000205093636911347,0,0,0,3.28395622291899e-05,0,0,0,0,0,0,0,0,0,0.000263042768552195,0,0,0,0.000630860367925919,0,0,0,0,0,0,0,0,0.0286081308146237,0,0,0,0,0,0,0,0,0,0,0,0,3.3257205937659e-06,0.465116506015966,0,0,0
0.190851881876776,0.00364590878439556,0.0232000199120441,15.7397552915427,0,3.21053572041146,8.56368425952675,0.132669695999083,5.09440780728945,8.11223606147502,0,1.83430572935811,0,0.00791385435031422,0.013708726162454,12.4987798040369,0.00494341743753176,0,0,18.2195447399554,6.55249621904118,0.950405272953965,0.968904063693392,67.7052776871039,0,0.000371698907477031,0.236211130710601,0,0.189078098377024,6.40759545366504,0,0,0.00476250389620803,0.322142289059878,0,0.138010492970091,0.182539828193852,0.00296397086826564,0.00128707968322122,0.0714968483440664,0,0,0,0,0,0,0,0,0,0,0,0,0,0,0,0,0,0,0,0,0,0,0,0,0,0,0,0,0,0,0,0,0,0,0,0,0,0,0,0,0,0,0,0,0.100938203549292,0,0,0
24.4315529605141,0.00326270898637829,0.00499234310276158,0,2.63852048903809,14.555073265755,0.743398886948752,8.35773841560228,0.142176328708374,0.0144257563435757,0,0.131776101340023,0,4.30837854559377,0.0306916957505428,0.147157792312083,0.00122339368719206,0,0.00054004856310079,0,0.0755714254026679,0.0631921596860799,0.216825619742459,0.0470325554666713,0,0.00039800373566156,0.0281628099738998,0.189078098377024,0,2.05037400127478,0,3.47049532350422,13.8901764115285,1.09062570511442,3.76493330990695e-05,0.326531437857793,0.0417852644993884,0.0510782394167769,0.00128692073957312,9.49919225699342,0.73567645376618,0,9.9021361967416e-06,0,0,0,0,0,0,0,0,0,0,0,0,0,0,0,0,0,0,0,0,0,0,0,0,0,0,0,0,0,0,0,0,0,0,0,0,0,0,0,0,0,0.183974659974421,0,0,0
5.31504904182548,0.00602464374761048,0.0351676307792004,0.00119795661920811,0,1.06521380218933,14.3801260370488,0.0883532823645076,1.6108080145728,0.263877618784252,0.00125585839975365,0.156661579186281,0.000613548233788078,0.00838311778746052,0.0202127211687929,1.294887582735,0.0248595844522333,0,0.00036815217806439,0.0131629035702612,12.461589759714,0.503876685224949,2.02003603149937,0.555702566440613,0.00108405219287017,0.00143643447708735,0.164478448716951,6.40759545366504,2.05037400127478,0,0,0,0.035862957981529,0.911810205908908,6.88696503328159e-06,0.360469386127863,0.42487318624371,0.0125170825730165,0.00085085230966544,0.312618062309855,8.36476989557449e-05,0,0.00136222973529381,0,0,0,0,0,0,0,0,0,0,0,0,0,0,9.98682164234446e-05,0,0,0,0,0,0,0,0,0,0,0,0,0,0,0,0,0,0,0,0,0,0,0,0,0,0,0.292562680037652,0,0,0
0,0,0,0,0,0,0,0,0,0,1.19989616919076,0,11.6639157063258,0,0,0,0,0,0,0,0,0,0,0,0,1.19219905471859,0.355202375247171,0,0,0,0,0,0,0,0,0,0,0,0,0,0,0,0.00257913582407532,0,0,0,0,0,0,0,0,0,0,0,0,0,0,0,0,0,0,0,0,0,0,0,0,0,0,0,0,0,0,0,0,0,0,0,0,0,0,0,0,0,0,0,0,0
0,0,0,0,11.8267833054056,1.43811332686795,0,1.25845561090767,0,0,0,0,0,0.907786353103358,0,0,0,0,0,0,0,0,0,0,0,0,0,0,3.47049532350422,0,0,0,0.00292209104403282,0.254311957652453,0,0,0,0,0,0.0645486845581024,0.889579589099465,0,0,0,0,0,0,0,0,0,0,0,0,0,0,0,0,0,0,0,0,0,0,0,0,0,0,0,0,0,0,0,0,0,0,0,0,0,0,0,0,0,0,0,0,0,0,0
0.211373177270948,0,0,0,0.00404549117870692,4.5825905188754,0.047131446886113,2.37269253848996,0.00813046737197134,0,0,0.00415620369572944,0,0.300595164379951,0.0624294457657854,0.00593251817641414,0,0,0,0,0.00219056642372128,0.00187540135276619,0.00799851609161476,0.000702530408362097,0,0,0.000108872406190883,0.00476250389620803,13.8901764115285,0.035862957981529,0,0.00292209104403282,0,0.782509937440423,0,0.36036523544737,0.00577657021814884,0.113001942535423,0.000661120848078397,23.653881202883,0.0132230027704239,0,8.83232514621189e-05,0,0,0,0,0,0,0,0,0,0,0,0,0,0,0,0,0,0,0,0,0,0,0,0,0,0,0,0,0,0,0,0,0,0,0,0,0,0,0,0,0,0.0693066058586873,0,0,0
0.148505533095496,4.15073639859455,4.45856437973495,0.00291102212203698,2.91635690870435,4.35722504136933,0.269394690684444,0.226748188460204,0.633857952016497,0.0112954185665375,5.60292875708744,0.0236453912675394,0.53246615411879,0.0612866276368634,0.22445172750291,0.342840841100455,0.870088381285468,0.0279962860991135,0.570611980151815,0.00012683420522822,0.900255469411256,4.00120886056713,3.0452889682008,0.127822773394851,0.398580136609262,0.707614890132611,3.75681354033609,0.322142289059878,1.09062570511442,0.911810205908908,0,0.254311957652453,0.782509937440423,0,0.000553708029897958,18.4205160069839,9.70391721559425,54.3131048698598,5.41205402077268,23.4781172075838,5.33072022898819,0.294617251972491,0.0140711378340889,3.62797673473234e-05,0,0,0.000181098529787123,0,0.000175620839737656,0,0.00281238487538493,0,0,0,0,0,0,0.00066138856613265,0,0,0,0,0,0,0,0,0,0,0,0,0.0165733894290127,0,0,0,0,0,0,0,0,0,0,0,0,3.6583519837728e-05,15.9773909401819,0.000154542747944891,0,0
1.36363087002754e-05,0,1.2379333431342e-05,0,0.351363796108351,0,0,0,5.33157444516756e-06,0,0,1.60020856870813e-05,0.000194113672732281,0,0.221950122608277,0,0,0,0,0,0,9.48022166179745e-06,7.68525885734763e-05,0,0,0,1.20310271709511e-05,0,3.76493330990695e-05,6.88696503328159e-06,0,0,0,0.000553708029897958,0,0.434967532746949,0.00881635564064641,0.00129339787240626,0.00160370103678476,0.0463842657987159,0.000390726972681678,0.000549879176356102,1.0854629957337,0.206866180959708,0.00781810339885172,0.019746321267299,0.189997236253509,0.0200405160630092,0.000520660694355236,0,3.28429633876867e-05,0.000149221149237821,0,0.00869652554688567,0.000248954643112832,0,2.656181698657e-05,1.39563745110483e-05,0,1.83281697199991e-05,0,0.000719096079225672,1.43369372217161e-05,0.0860940663913295,7.0099887757209e-05,0.000140215286883403,0,0,0,2.81740429714519e-05,0.000172652319553134,5.17206618346062e-05,0,0,3.46098471895352e-05,1.64595562793955e-05,1.64806818996094e-05,0,5.80499998889625e-05,0,0,0,0.000990561763825236,1.58414555363604,0.170405928731122,0.764535484083846,0.012999034724166,0.856895757358512
0.0838999262558032,0.400716856866029,1.55347773109061,0,0.539000847919313,0.0662298964131632,0.148141727863928,0.00377297168191595,17.4692662080654,0.00196418392574107,0.0406534086794023,0.455389433783051,2.84589856352038,0.00167871422596259,0.588036513556008,0.314251583743666,0.180609511513837,0.00216960498592476,0.0286866803854431,0,0.135487668631823,4.43882688415182,2.11175324373891,0.169931034912375,0.096378882310009,0.0341025777019483,0.616732298874338,0.138010492970091,0.326531437857793,0.360469386127863,0,0,0.36036523544737,18.4205160069839,0.434967532746949,0,16.1357812860563,31.9850054952294,29.2711958009959,26.6662146043768,4.05107377122103,2.02742447496591,1.75458529499137,0.488590890273834,0.575921936946658,0.718422397464562,0.283081802485548,0.185336775462182,0.0379755079466537,4.24924645591358e-05,0.0224139226185521,0.0307466839496445,0,0.0235885979347654,0.000839068629782341,0,0,0.642926167211068,0,0.00275099152539786,0,0.0153971147803918,0.000126907659026666,0.0425274027049736,0.00624368907050306,0.0109909198735789,0,0.00162170494616072,0,0.0119504788018806,0.119557926504453,0.0112832130646175,0.000124357915958218,0.0163797558259485,0.0135837919347714,0.00715910444427695,0.0012587468542723,0,0.00519407386862947,0,0,0,0.0537243592475204,0.108092715858296,38.3060622274294,0.801657850806477,0.00087443806853937,0.00865466828715149
0.0787649957517594,8.7751233663816,1.98095455809483,0.000235758673029097,0.0240374241457202,0.0502437366760424,0.0738219029446485,0.00279954484082885,1.18612210049684,0.00332303995940516,4.21618406820506,0.0575546524048359,19.3257787032169,5.45313282476279e-05,0.0204943826215803,0.211904509524122,0.300431589261753,0.00452116072234833,0.128369722700078,0.000729771815950325,0.326667647573496,13.4610733424492,1.94384165751815,0.0993109174972148,14.1688223171479,0.161033296156186,1.82086828566004,0.182539828193852,0.0417852644993884,0.42487318624371,0,0,0.00577657021814884,9.70391721559425,0.00881635564064641,16.1357812860563,0,39.4412138017593,18.8894664908307,2.30254532734045,1.54072821365223,12.8563334400797,0.175870141577224,0.0469665897964363,0.000425065371981041,0.00161418893919902,0.00858911316580135,0.00647999344956999,0.0903944114726781,0,0,0,0,0,0,0,0,0.0122612596180034,0,0,0,0.00421488326966492,0,0.000245295999098713,0,0,0,0,0,0,0.0618237026172925,0,0,0.00910287961210754,0,0,0,0,0,0,0,0,0,0.00234991152969186,12.1008572320466,0.00602784326736012,0,0.000161736700784336
0.00754530509606374,5.38788624251626,1.86543839639348,0,0.0949636268237375,0.453924382486716,0.00396700399467165,0.00163790609057259,0.0546058389286504,7.88216184848742e-05,6.54852107257332,0.00143481582148644,2.56241192924398,0.000702415294003611,0.0293416285633748,0.00797021210607775,0.132563584712729,0.0229298081555403,0.220735806367416,0,0.00687429437629563,2.79315096839322,0.271592968037689,0.000216112960225046,0.424338727669222,0.278366592049881,2.25635958892889,0.00296397086826564,0.0510782394167769,0.0125170825730165,0,0,0.113001942535423,54.3131048698598,0.00129339787240626,31.9850054952294,39.4412138017593,0,5.02985530117575,12.7367487351042,17.0462268624611,1.85417837136052,0.0650939015669383,0.000387570693131337,0.000148711112192538,0.000193416299605399,0.000957342715615457,0.00091906674129599,0,0,0.00807903580520118,0,0,8.55188483897366e-05,0,0,0,0.000758803624825548,0,0,0,0.00083443409994278,0,0,0,0,0,0,0,0,0.0273342454568572,0,0,0,0,0,0,0,0,0,0,0,0,0.000309729038929087,30.1582610745011,0.002843348400016,0,8.12756040545915e-05
0,0.340026396111903,0.316184582980828,0,0.00198381813386723,0.00331392817208419,0.0005600582178466,0,0.0101263621167442,0,0.167517899406891,0.000208945876214648,0.607826164281867,0,0.00274303733485771,0.00405735788861076,0.0405815127985249,0,0.00892044233908358,0,0.000798976481367722,0.442782976191903,0.0564677328404949,0,0.0659572335054772,0.016629514636251,0.0948774317173996,0.00128707968322122,0.00128692073957312,0.00085085230966544,0,0,0.000661120848078397,5.41205402077268,0.00160370103678476,29.2711958009959,18.8894664908307,5.02985530117575,0,0.607233734660792,3.1148880794192,4.24551537473432,0.0964166448585072,0.00108940870732789,0.000198194394598287,0.000661759939732518,0.00189972172779265,0.000641799223739453,0.00206573093752993,0,0,0,0,0,0,0,0,0,0,0,0,6.27166331202082e-05,0,0,0,0,0,0,0,0,6.67142916519915e-05,0,0,0,0,0,0,0,0,0,0,0,0,0.00033163406792,47.1763937220603,0.0127257717528686,0,0.00014740911152963
4.02867206666484,0.00360605416247492,0.00831165042796496,0,28.4074729858046,15.6882691345306,0.796022686503945,0.304260928398172,5.92972275251695,0.0701823988729313,0.00393614759252136,10.8499758772907,0.0426718774573682,0.137935017546824,90.366528813339,0.0679869271494944,0,0,0,0,0.0223628171679076,0.0450816386040155,0.0659255396590862,0.045280403964967,0,0.00035687568508691,0.0149731871452943,0.0714968483440664,9.49919225699342,0.312618062309855,0,0.0645486845581024,23.653881202883,23.4781172075838,0.0463842657987159,26.6662146043768,2.30254532734045,12.7367487351042,0.607233734660792,0,1.6080638346905,0.105912500063729,1.8996073114656,0.246261234659888,0.00624911214012898,0.0145956603377744,0.0304987850549196,0.0147375112804245,0.00213863118642293,0,0,0.000256833816184098,0,0.000460802377745803,0,1.78194701896516e-05,0.000145825485714158,0,0,0,0,0.000705494067522567,0,0.00527378685445926,0,0.000327406145985342,0,0,0,0.000142403411605385,0.000447422261714749,0.000144327577381191,0,5.97623242614698e-05,1.98311379745442e-05,0,2.94484472798673e-05,0,0.000117896983811529,0,0,0,0.00205864053270439,0.0217362909242388,21.1245324836761,2.05473893414629,0.00225501418746285,0.0108707519296308
0,0.0128533563316479,0.00831899073951253,0,11.4547456013089,2.49656848534159,0,0.159717057249384,0.00285861246392471,0,0.00052711875944831,0,0.982146190261666,0.0776637776997905,0.0473927016421325,0,0,0,0,0,0,0.0176600788864246,0.00201850565216821,0,0.000885242884203608,0,0.00526263432835958,0,0.73567645376618,8.36476989557449e-05,0,0.889579589099465,0.0132230027704239,5.33072022898819,0.000390726972681678,4.05107377122103,1.54072821365223,17.0462268624611,3.1148880794192,1.6080638346905,0,0.279850641619089,0.0507057795177789,0.00145200725701627,8.16937266743039e-05,0,2.76277969003631e-05,0,0,0,0,0,0,0.000473694434022107,0,0,0,0,0,0,0,0,0,0,0,0,0,0,0,0,0,0,0,0,0,0,0,0,0,0,0,0,0,0.000123936166674598,5.97819617028598,0.0119865674000793,0,8.1113743787076e-05
0,0.298394214963255,0.0215977240975112,0,0,0,0,0,0.00325795198065071,0,1.53300622997129,0,9.59477938107751,0,0.00138472483459668,0,0.00134699103619947,0,0.00654767210660434,0,0,0.0731914702568005,0.00377982537057469,0,6.04968518963868,0.00263583551323756,0.034594043221154,0,0,0,0,0,0,0.294617251972491,0.000549879176356102,2.02742447496591,12.8563334400797,1.85417837136052,4.24551537473432,0.105912500063729,0.279850641619089,0,0.0150428371623952,0.0232252744847793,0,0,0.000546297050919901,0.00119451116968925,0.139440357768001,0,0,0,0,0,0,0,0,0.00302778691514127,0,0,0,0.00963536066024667,0,0,0,0,0,0,0,0,0.00226592884325497,0,0,0,0,0,0,0,0,0,0,0,0,0.000381616389298391,0.824206982140526,0.0152506108896141,0,0.000755197691427179
0,0.0243330878999557,0.00188362969605801,0,0.490539714640561,0,5.94563306397047e-05,0,0.00510016525837935,0,0.0234834650888037,0,0.273082285401163,0,0.321062594253644,0,0.00155376973788268,0,0,0,0.000216458599125238,0.0324439450710034,0.00203163264893847,0.000662951310827609,0.59531347493201,0.00117818440842257,0.0146573436435978,0,9.9021361967416e-06,0.00136222973529381,0.00257913582407532,0,8.83232514621189e-05,0.0140711378340889,1.0854629957337,1.75458529499137,0.175870141577224,0.0650939015669383,0.0964166448585072,1.8996073114656,0.0507057795177789,0.0150428371623952,0,34.1090883695331,35.5043576172709,26.8914876945707,21.9171566656229,5.79441445227714,1.26125233225494,0.301486995714718,0.822159674507481,3.72893822151176,0,0.390707376428175,0.402263099568121,0.100080468952733,0.148092421445309,8.63644809912821,0.00177935762313005,0.185605355788986,0.0184048946492408,0.627419690656143,0.113071457811744,0.533640269431419,2.00856975567898,0.644849766695527,0.00440296337474624,0.171266230463836,0.000429128566061669,1.55361987536432,11.6083386422611,1.56220072616766,0.593943697783208,0.115652679415565,1.20708861760976,0.837318518894922,0.281792386206266,0.0425944740196066,0.921706517463341,0,0,0.110833154649536,23.330602118559,0.531553083140349,0.411489798126147,29.7104390656609,0.00203173269312719,0.0251470568109969
0,0,0,0,0.134033784806882,0,0,0,0,0,0,0,0.101344428619718,0,0.0779360084659231,0,0,0,0,0,0,0.000814386080842926,0,0,0.0968034234806216,0,0.000205093636911347,0,0,0,0,0,0,3.62797673473234e-05,0.206866180959708,0.488590890273834,0.0469665897964363,0.000387570693131337,0.00108940870732789,0.246261234659888,0.00145200725701627,0.0232252744847793,34.1090883695331,0,12.3989521180198,10.0552761789335,5.86417313654982,1.21128962035565,10.8215078437732,0.78924021031912,0.820095530690271,3.90589156642249,0,0.126156516839639,0.225886764017045,0.164312370098402,0.142226403988698,0.00734223240533416,0.00182531212470656,6.8433291280677,0.0156213337613975,2.83868384037095,0.127642927611202,0.235002346050826,1.66739814735333,0.959878029695342,0.0955078720440639,0.653360380838933,0,0.696232223584449,10.713794498063,1.5838490108256,0.00946681507410483,20.5663163860305,4.65801670597634,2.27578056386549,0.16780686891579,0.0623942647030242,0.881184521370837,0.0033663304066619,0,0.258518126806007,13.4930279362167,0.108223024084409,0.00802484581570035,15.9952053654291,1.7317531257696e-05,0.00488478326364484
0,0,0,0,0.00391860926371235,0,0,0,0,0,0,0,0,0,0.00136466745275945,0,0,0,0,0,0,0.000420022945933319,0,0,0,0,0,0,0,0,0,0,0,0,0.00781810339885172,0.575921936946658,0.000425065371981041,0.000148711112192538,0.000198194394598287,0.00624911214012898,8.16937266743039e-05,0,35.5043576172709,12.3989521180198,0,4.73763968993357,12.8627946784447,8.29816852106112,3.33330522031707,0.0175684618583558,0.232222184194198,0.80243185666023,0,0.00623910339733211,1.43703735830024,0.00478558865487588,0.241470353943617,0,0,16.6174859872624,0.00138368821973268,0.713500968094202,0.0599953796460961,0.0110458453964238,0.0953199162841577,1.18294008859649,0.0153227560128255,0.465344811085542,0,0.254810663978354,0.477920025716387,0.305173423929573,0.000930958619575125,0.737152517039817,1.34256660202903,0.348908475343229,0.0216368730377473,0.137110495288472,0.0951148037994427,0,0.00329919381613983,0.00850439171121706,41.7730428046249,0.00468630256946048,0.00959718690314839,23.1357079780359,1.77340568733242e-05,0.00144024642365983
0,0,0,0,0.00541636890997416,0,0,0,0,0,0,0,0.000442352860298905,0,0.00497634440809359,0,0,0,0,0,0,0,0,0,0,0,0,0,0,0,0,0,0,0,0.019746321267299,0.718422397464562,0.00161418893919902,0.000193416299605399,0.000661759939732518,0.0145956603377744,0,0,26.8914876945707,10.0552761789335,4.73763968993357,0,3.83428981277694,3.62530052928178,3.92845886268912,0.00990364217003719,0.0876503247734207,0.44107600846992,0,0.0122590971190623,0.0934987519329568,0.00399982871620493,0.00708921213536721,0,0,0.782577365361141,0.000759442771805396,0.804446994830274,0.00793921096373076,0.018264322394176,0.0548768450218744,0.230810789928589,0.00356191537224365,0.0723262409555008,0,0.0914349019469301,0.390771138066418,0.078624768943128,0.000872768502999648,0.113240453585469,0.272208385684739,0.086976197648178,0.0127304304570333,0.00598616469458549,0.0375637495732246,0,0,0.000996496820820075,2.21623543780766,0.0106585737291941,0.0868884525258465,38.2865040983885,0.00144653628860825,0.012189386543634
0,0,0,0,0.0281922047138848,0,0,0,0,0,0,0,0,0,0.0178158964192524,0,0,0,0,0,0,0,0,0,0,0,0,0,0,0,0,0,0,0.000181098529787123,0.189997236253509,0.283081802485548,0.00858911316580135,0.000957342715615457,0.00189972172779265,0.0304987850549196,2.76277969003631e-05,0.000546297050919901,21.9171566656229,5.86417313654982,12.8627946784447,3.83428981277694,0,4.8190232415749,0.0462135562491707,0.676550023005388,0.0023425358142672,0.027494326025931,0,27.83532820391,23.077575642781,0.321749956049892,1.31647966509173,5.98379111758466,0.0147336214521655,0.000489409376300367,2.38896009071272,0.0301088640599939,0.929068657305569,72.4221189584258,1.1538576370683,0.00193307520076649,0,0.000849560858488742,0.0113100848369068,0.0267607570168468,0.788651521485698,0.103489907955588,2.26034204505641,0,0.00324543532806132,0.00341090758682608,0.639012011671218,0.418044625453593,0.269479543677961,0,0.0491115196529508,1.0527223122257,11.8691626626427,0.0943161875974061,0.222166930025461,19.2922340421501,0.0020035948122187,0.0511633680309776
0,0,0,0,0.00620464963135321,0,0,0,0,0,0,0,0,0,0.00505048675382152,0,0,0,0,0,0,0,0,0,0,0,3.28395622291899e-05,0,0,0,0,0,0,0,0.0200405160630092,0.185336775462182,0.00647999344956999,0.00091906674129599,0.000641799223739453,0.0147375112804245,0,0.00119451116968925,5.79441445227714,1.21128962035565,8.29816852106112,3.62530052928178,4.8190232415749,0,0.109753218180252,0,0.000348439810275068,0.000392872132640653,0,13.5004897323569,10.2720975543184,0,4.87350419522172,0,0,4.35784515037283e-05,0,0.115938686440754,0.426102537682126,0.064113272054593,0,0,0,0,0,0.00033909222254731,0.000643077101962318,0.000549166017080811,0,0,0.000586518852670596,0.000194760938575361,0.000123187228718073,0.508833557410734,0.000211690300275891,0,4.53864327965362,0,5.91735861598413,0.0122357463477324,0.201643449128905,10.8831037525382,0.00119127447493729,0.00877342258956946
0,0,0,0,0.000606556403268278,0,0,0,0,0,0,0,0.178637199951729,0,0.000128426111234,0,0,0,0,0,0,0,0,0,0.327398771616189,0,0,0,0,0,0,0,0,0.000175620839737656,0.000520660694355236,0.0379755079466537,0.0903944114726781,0,0.00206573093752993,0.00213863118642293,0,0.139440357768001,1.26125233225494,10.8215078437732,3.33330522031707,3.92845886268912,0.0462135562491707,0.109753218180252,0,0,0.0525310919072502,0.115714560148805,0,0.000343305923481146,0.000851933301032559,0,0.000568747599791603,0,0,6.06222561581213,0,9.92253339323024,0,0.00181676785940656,0.0159451753305876,0.0998701910108073,0.00611971424252433,0.0373391650232182,0,0.0302120358166345,0.146867938654708,0.0207388591600265,0,21.6565984932194,0.188559356314106,0.0478303554378463,0,0,0.0149075305183605,0,0,0,0.412310903429398,0.00059730095764964,0.00727073261515006,0.358620692752812,0,0
