0,0,0,0,0,8.04977775642564,5.49099691639654,11.5970658927999,0.00107635732936841,0.00400378866465134,0,0.673340907235246,0,10.4453576034687,0.760499357699811,0.0138630473102575,0,0,0,0,0.00717714541754111,0.00288077704839884,0.00388642260306503,0,0,0,0,0.0212482257464442,15.6244588516949,1.06478237452554,0,0,0.199721541829166,0.0512881016382097,0,0.00729307763674785,0.00311768315616853,0.00527098987297331,0,0.491665083868003,0,0,0,0,0,0,0,0,0,0,0,0,0,0,0,0,0,0,0,0,0,0,0,0,0,0,0,0,0,0,0,0,0,0,0,0,0,0,0,0,0,0,0,0,0.00286152047601651,0,0,0
0,0,2.28232134656849,0,0,0,0,0,0.0167170998978322,0,3.26956710917131,0,1.23278533053086,0,0,0.0218604335785629,0.356704698974142,0.0281884944536198,0.34240706518343,0,0.00699173330893131,10.7618639408272,0.288544954802452,0.00504956189646753,22.2545037040397,0.616769062723052,1.45203569553164,0.00160776215156961,0,0.0129376884656474,0.0121997434333475,0,0,2.2240874282303,0,0.283947337629757,6.49020987133925,1.78925831063286,0.169817850428151,0.00114650463164968,0,0.118050348809073,0,0,0,0,0,0,0,0,1.07470415628267,0,0,0,0,0,0,0,0,0,0,0.0100116684292588,0,0,0,0,0,0,0,0,0.00400232686022972,0,0,0.541650797294772,0,0,0,0,0,0,0,0,0,0,0.336790863880355,0,0.0167992652920143,0
0,2.28232134656849,0,0,0,0,0.00434054846038297,0,0.0749779437324119,0,0.277098456509799,0,0.015459694060818,0.00146650717212495,0,0.0761501690957711,1.48459019368679,0.0239599255788855,0.34690817847647,0.00132545722235566,0.610952035781494,3.45936752352038,6.58119290901847,0.0311857830849813,0.0803063117895962,14.7455404881909,5.43018774162742,0.0159607097747213,0,0.148939680849412,0,0,0,3.8109684089995,0,2.36480318341387,4.57132665417289,1.11780249899895,0.184674152231584,0.0113148656851465,0.00525350070541251,0.0155420390924079,0,0,0,0,0,0,0,0,0,0,0,0,0,0,0,0,0,0,0,0,0,0,0,0,0,0,0,0,0,0,0,0,0,0,0,0,0,0,0,0,0,0,1.5846673978476,0,0.0367823785894531,0
0,0,0,0,0,0.244147837690984,0.213125946016052,0,0.00216679938834115,12.8210756233209,0,0.625111556910751,0,0,0,0,0,0,0,95.2470494882289,0.00160216789200265,0,0,1.55705601514185,0,0,0,15.9157781364631,0,0.000890201303398279,0,0,0,0,0,0,0,0,0,0,0,0,0,0,0,0,0,0,0,0,0,0,0.0698208909340633,0,0,0,0,0,0,0,0,0,0,0,0,0,0,0,0.172012501931606,0,0,0,0,0,0,0,0.00108982695570523,0,0,0,0,0,0,0,0.00118191562971393,0,0,0
0,0,0,0,0,1.09564215502658,0,0.348802519850449,0,0,0,0,0,0.172843178620691,2.91217277637102,0,0,0,0,0,0,0,0,0,0,0,0,0,1.08806207914543,0,0,15.2808604789272,0,1.31942632509894,0.0018879572261014,0.0317533461030141,0.00339271746704011,0.00423033883375614,0,16.7467298524008,11.8175946612726,0,0.128788162136355,0.000749500701031923,0.000543469187929993,0.00124919889397028,0.00682909624375067,0.000286253614922672,0,0,0,0,0,0,0,0,0,0,0,0,0,0,0,0,0,0,0,0,0,0,0,0,0,0,0,0,0,0,0,0,0,0,9.03634055790595e-05,0.000165544122644637,0.00835321627953148,0.18689607347968,0.000577713302495245,0.000446562160357704
8.04977775642564,0,0,0.244147837690984,1.09564215502658,0,5.72616359491065,12.4682465374998,0.0176616639066052,10.7914875878452,0.00275868071192065,3.25811152829749,0,4.84747042765738,1.01227816714745,0.141330361934133,0,0,0,2.32021451740047,0.125376658299068,0.0104494191689217,0.0739292865918891,2.33921700754853,0,0,0.00234558985115124,1.5366850861548,11.4867255683745,1.01737579850569,0,3.00581840753147,0.96764052056859,2.57029986359144,0,0.0469029954464362,0.0352097280473413,0.454109810052596,0.00177913718638978,5.3256868259778,1.41149045305857,0,0,0,0,0,0,0,0,0,0,0,0,0,0,0,0,0,0,0,0,0,0,0,0,0,0,0,0,0,0,0,0,0,0,0,0,0,0,0,0,0,0,0,0.00613467332921803,0,0.000119827985987427,0
5.49099691639654,0,0.00434054846038297,0.213125946016052,0,5.72616359491065,0,0.776284155465837,0.0883431780152771,9.93405822201918,0,1.24895987861198,0,1.54311756194111,0.0321679510682067,0.483067594132911,0.000791351323685838,0,0,1.31956029594643,0.395919488397801,0.0556446979160168,0.427380335864025,2.81881589278665,0,0,0.0154100219769007,11.3967677572822,1.35961157390942,17.0548990280922,0,0,0.0687301433299068,0.271101775227629,0,0.157654384382074,0.0591318875262478,0.00305477820316809,0,0.407364412398773,0,0,0,0,0,0,0,0,0,0,0,0,0,0,0,0,0,0,0,0,0,0,0,0,0,0,0,0,0,0,0,0,0,0,0,0,0,0,0,0,0,0,0,0,0.0300424707163268,0,0.0004195652488958,0
11.5970658927999,0,0,0,0.348802519850449,12.4682465374998,0.776284155465837,0,0.00381786961068812,0.764689950543,0.00109874581149298,0.487311607833429,0,22.1707079032689,0.0856809673582069,0,0,0,0,0,0.00252278793509943,0.00136591358048929,0.000841102064988157,0.030010151794131,0,0,0,0.0286018111415165,6.85058148098907,0.0454653619689772,0,1.42250681423097,0.5104561474154,0.758277124824983,0,0.000915287025052475,0.00330052957239436,0.0786218935339208,0,0.386251419082983,0.543903897205653,0,0,0,0,0,0,0,0,0,0,0,0,0,0,0,0,0,0,0,0,0,0,0,0,0,0,0,0,0,0,0,0,0,0,0,0,0,0,0,0,0,0,0,0.00141980173932621,0,0,0
0.00107635732936841,0.0167170998978322,0.0749779437324119,0.00216679938834115,0,0.0176616639066052,0.0883431780152771,0.00381786961068812,0,0.00633811835208041,0.0136948573342503,1.04493294276873,0,0.00204542097399186,0.269777302226789,0.401746126676295,0.0260042385060063,0,0,0.0140308878520417,0.404017689079851,12.4713161486168,0.522123258765741,7.68956299304554,0.00173789367619137,0.00319488079610629,0.0243584511352496,1.21284040847687,0.000401807760473605,0.117261061313102,0,0,0,0.109087166065171,0,13.3173970407272,0.905837179889619,0.0246597602147219,0.00726851217750378,7.74587729035662,0,0,0,0,0,0,0,0,0,0,0,0,0,0,0,0,0,0.0513022545682658,0,0,0,0,0,0,0,0,0,0,0,0,0.00302820438427251,0,0,0,0,0,0,0,0,0,0,0,0,0,0.235164902254079,0,0.00990704482865302,0
0.00400378866465134,0,0,12.8210756233209,0,10.7914875878452,9.93405822201918,0.764689950543,0.00633811835208041,0,0,5.70071388027266,0,0.0932354543985917,0.00492384719695882,0.00844448925170824,0,0,0,27.8285059073245,0.0110341923620792,0.00104065378940987,0.00670449243988067,1.95235946311373,0,0,0,6.16844209808658,0.000315937054318201,0.0628852574412951,0,0,0,0.00198763205510626,0,0.00338785422818975,0,0,0,0.0342423506232005,0,0,0,0,0,0,0,0,0,0,0,0,0,0,0,0,0,0,0,0,0,0,0,0,0,0,0,0,0,0,0,0,0,0,0,0,0,0,0,0,0,0,0,0,0.000706472075238253,0,0,0
0,3.26956710917131,0.277098456509799,0,0,0.00275868071192065,0,0.00109874581149298,0.0136948573342503,0,0,0,19.8557034293883,0.000870904544521267,0,0,0.937409912931887,4.07865099871843,4.45495747973,0,0,0.949785658689819,0.0408113338897394,0.000607098811070288,3.26229305079047,8.88039199471849,4.11049903081588,0,0.0011758528037028,0.00172301898722733,1.39877420462992,0,0,5.96600643565785,0,0.0276162050197516,13.1947805330597,9.61282268226596,0.215390543466776,0.00198995466604054,0.00958786422926149,1.66285784260811,0,0,0,0,0,0,0,0,0,0,0,0,0,0,0,0,0,0,0,0,0,0,0,0,0,0,0,0,0,0,0,0.00123081208851565,0,0,0,0,0,0,0,0,0,0,0.0105146871542214,0,0.000262054068212499,0
0.673340907235246,0,0,0.625111556910751,0,3.25811152829749,1.24895987861198,0.487311607833429,1.04493294276873,5.70071388027266,0,0,0,0.769879033211615,2.93053132520851,0.0235205684768154,0,0,0,73.8916809145309,0.0147529397243914,0.0021419883333843,0.00970253194164505,0.854469232518857,0,0,0.000324577373372437,1.99467495420838,0.189489475029474,0.153594139430728,0,0,0.00740466840562243,0.0118042575630649,0,0.286934690865979,0.00387590333910239,0.00166224933727764,0,10.9035625596406,0,0,0,0,0,0,0,0,0,0,0,0,0,0,0,0,0,0,0,0,0,0,0,0,0,0,0,0,0,0,0,0,0,0,0,0,0,0,0,0,0,0,0,0,0.0139882590650094,0,0,0
0,1.23278533053086,0.015459694060818,0,0,0,0,0,0,0,19.8557034293883,0,0,0,0,0.00108706249161011,0.0162710171872919,0.00307355421058863,0.0093218150446407,0,0,0.40783102952259,0.00393109813208919,0.000789467568274679,10.7747197477803,4.51090389965193,1.55338810504896,0,0,0,7.93867892698833,0,0,0.341391726802943,3.04877536549193e-05,4.87954745058111,13.6365024288344,2.07226758124352,1.01503491977041,0.05771425283138,0.812898600473718,5.03287487430849,0.0013621534370608,0,0,0,0,0,0,0,0,0,0,0,0,0,0,0,0,0,0,0.0202426941431623,0,0,0,0,0,0,0,0,0,0,0,0.00531846473086128,0,0,0,0,0,0,0,0,0.000806930665447105,0,1.14464878912386,0.00092919980064031,0.0182305171262632,0
10.4453576034687,0,0.00146650717212495,0,0.172843178620691,4.84747042765738,1.54311756194111,22.1707079032689,0.00204542097399186,0.0932354543985917,0.000870904544521267,0.769879033211615,0,0,0.0498849301573368,0.00573691207254758,0,0,0,0.00651349866285926,0.00237584766722865,0,0.0013215379533808,0.0301219935681203,0,0,0,0.0204351523260209,8.40165923754907,0.0205483756889164,0,0.901263554022988,0.425547220418331,0.261959869736659,0,0,0.00121020012453706,0.0144752585627156,0,0.209620107692598,0.231444853418193,0,0,0,0,0,0,0,0,0,0,0,0,0,0,0,0,0,0,0,0,0,0,0,0,0,0,0,0,0,0,0,0,0,0,0,0,0,0,0,0,0,0,0,0,0,0,0
0.760499357699811,0,0,0,2.91217277637102,1.01227816714745,0.0321679510682067,0.0856809673582069,0.269777302226789,0.00492384719695882,0,2.93053132520851,0,0.0498849301573368,0,0,0,0,0,0,0,0,0,0,0,0,0,0.00123182095290114,0.392075974969491,0.0101618008403375,0,0,0.149491941322322,0.0512080479678469,0.00402380614348823,0.0959225726361434,0.00162306690282981,0.00278208815118047,0.000823092337756518,82.7600640476369,0.0375474392390736,0,0.278915896713351,0.00203708528048989,0.000904430069946776,0.00270932239931464,0.00661365220344631,0.000327582729855239,0,0,0,0,0,0,0,0,0,0,0,0,0,0,0,0,0,0,0,0,0,0,0,0,0,0,0,0,0,0,0,0,0,0,0.00147720734898884,0.000104840544277563,0.0411386312095574,0.488304812567236,0.000436358600813175,0.00171605837782134
0.0138630473102575,0.0218604335785629,0.0761501690957711,0,0,0.141330361934133,0.483067594132911,0,0.401746126676295,0.00844448925170824,0,0.0235205684768154,0.00108706249161011,0.00573691207254758,0,0,0.0155502532112836,0,0.002224910780006,0.00215093208814734,25.0281262589568,1.68593605244383,54.9769165880746,1.04213962187151,0.00158092525279552,0.00188178145885351,2.58752140905608,5.35155850231618,0.0171319256620284,1.59185842494678,0,0,0.00580356481037786,0.380314162846288,0,0.17893733593081,0.745917844094218,0.00979480201077024,0.00540229162397855,0.0378288537059473,0.000109659707120225,0,0,0,0,0,0,0,0,0,0,0,0,0,0,0,0,0,0,0,0,0,0,0,0,0,0,0,0,0,0,0,0,0,0,0,0,0,0,0,0,0,0,0,0.152849381327362,0,0.000710620878543483,0
0,0.356704698974142,1.48459019368679,0,0,0,0.000791351323685838,0,0.0260042385060063,0,0.937409912931887,0,0.0162710171872919,0,0,0.0155502532112836,0,1.12126945305325,20.9757231121473,0,0.886079221686582,0.284812016090107,12.4734921313611,0.00479920783243344,0.0476922504005686,5.90633915191191,0.580884391942576,0.00460093649381771,0,0.0489127131656789,0,0,0,1.84428076898364,0,0.121125213339945,0.80565936928135,0.272597624305994,0.0458965385684735,0.000259758633750067,0,0.00285233257676393,0,0,0,0,0,0,0,0,0,0,0,0,0,0,0,0,0,0,0,0,0,0,0,0,0,0,0,0,0,0,0,0,0,0,0,0,0,0,0,0,0,0,0.102726533013025,0,0.00161571735796422,0
0,0.0281884944536198,0.0239599255788855,0,0,0,0,0,0,0,4.07865099871843,0,0.00307355421058863,0,0,0,1.12126945305325,0,37.1613171554526,0,0.00167767182592723,0.00227032560113911,0.000443931913210936,0,0.00726669078052732,7.8169307855271,0.0703892169062132,0,0,0,0,0,0,0.032490031820983,0,0.0028804129845305,0.0132307129889538,0.00633070341757654,0,0,0,0,0,0,0,0,0,0,0,0,0,0,0,0,0,0,0,0,0,0,0,0,0,0,0,0,0,0,0,0,0,0,0,0,0,0,0,0,0,0,0,0,0,0,0.00206793788277031,0,0,0
0,0.34240706518343,0.34690817847647,0,0,0,0,0,0,0,4.45495747973,0,0.0093218150446407,0,0,0.002224910780006,20.9757231121473,37.1613171554526,0,0,0.00570634238490648,0.0422994821774109,0.0703525422299183,0.000730746784026015,0.0572678102624574,8.51418818470757,0.407127762870843,0,0.000283179809888665,0.0017843180420031,0,0,0,0.514680124856948,0,0.00935042937980311,0.152242971145933,0.0796615960533677,0.0075492176694384,0,0,0,0,0,0,0,0,0,0,0,0,0,0,0,0,0,0,0,0,0,0,0,0,0,0,0,0,0,0,0,0,0,0,0,0,0,0,0,0,0,0,0,0,0,0.00414181609257302,0,0,0
0,0,0.00132545722235566,95.2470494882289,0,2.32021451740047,1.31956029594643,0,0.0140308878520417,27.8285059073245,0,73.8916809145309,0,0.00651349866285926,0,0.00215093208814734,0,0,0,0,0.00204284236996063,0,0.00238206399088072,4.14217424493092,0,0,0,9.11013477384639,0.000720632611835026,0.0291766105380337,0,0,0,0,0,0,0,0.0013736424354109,0,0.00801101111348013,0,0,0,0,0,0,0,0,0,0,0,0,0,0,0,0,0,0,0,0,0,0,0,0,0,0,0,0,0,0,0,0,0,0,0,0,0,0,0,0,0,0,0,0,0,0,0,0
0.00717714541754111,0.00699173330893131,0.610952035781494,0.00160216789200265,0,0.125376658299068,0.395919488397801,0.00252278793509943,0.404017689079851,0.0110341923620792,0,0.0147529397243914,0,0.00237584766722865,0,25.0281262589568,0.886079221686582,0.00167767182592723,0.00570634238490648,0.00204284236996063,0,0.956692665772991,12.6517268983982,2.87591857632863,0.00121280415045066,0.00550871433072719,0.0565573228231506,5.15264129955627,0.00608417639714479,14.2300001008561,0,0,0.00379657204134528,1.27559278742953,0,0.231070716594422,1.05187642660395,0.014461728060156,0.00149363909339458,0.0169630312316539,0,0,0,0,0,0,0,0,0,0,0,0,0,0,0,0,0,0,0,0,0,0,0,0,0,0,0,0,0,0,0,0,0,0,0,0,0,0,0,0,0,0,0,0,0.106200602238405,0,0.0031227514676007,0
0.00288077704839884,10.7618639408272,3.45936752352038,0,0,0.0104494191689217,0.0556446979160168,0.00136591358048929,12.4713161486168,0.00104065378940987,0.949785658689819,0.0021419883333843,0.40783102952259,0,0,1.68593605244383,0.284812016090107,0.00227032560113911,0.0422994821774109,0,0.956692665772991,0,6.05449834932876,4.42248188775014,3.98115208020799,0.234247337615811,2.1837239293886,0.418548133755324,0.00485988208114075,0.881691972745207,0,0,0.00453163504284315,1.48334499838309,0,1.35676692078959,13.5416203253517,0.732113206990317,0.124605550146832,0.00899441300715995,0.0029531004992583,0.0866566952747972,0,0.00228339606946892,0,0,0,0,0,0,0.782328994309881,0,0,0,0,0,0,0,0,0,0,0.00132234627198927,0,0,0,0,0,0,0,0,0.0132623030571318,0,0,0.506672790207578,0,0,0,0,0,0,0,0,0,0,1.24828026686904,0,0.0262177090511109,0
0.00388642260306503,0.288544954802452,6.58119290901847,0,0,0.0739292865918891,0.427380335864025,0.000841102064988157,0.522123258765741,0.00670449243988067,0.0408113338897394,0.00970253194164505,0.00393109813208919,0.0013215379533808,0,54.9769165880746,12.4734921313611,0.000443931913210936,0.0703525422299183,0.00238206399088072,12.6517268983982,6.05449834932876,0,0.489438064120444,0.0071314195824413,0.139672437210909,9.91094529271714,0.761156155273912,0.0174898318622049,5.1619753890793,0,0,0.00432503455696002,4.90609104923489,0,1.71324008815532,4.76815375676991,0.292896522452858,0.0510111025398182,0.0290698750107763,0.00128232062172506,0.00909988065444792,0,0,0,0,0,0,0,0,0,0,0,0,0,0,0,0,0,0,0,0,0,0,0,0,0,0,0,0,0,0,0,0,0,0,0,0,0,0,0,0,0,0,0.805765326472061,0,0.0145432866932179,0
0,0.00504956189646753,0.0311857830849813,1.55705601514185,0,2.33921700754853,2.81881589278665,0.030010151794131,7.68956299304554,1.95235946311373,0.000607098811070288,0.854469232518857,0.000789467568274679,0.0301219935681203,0,1.04213962187151,0.00479920783243344,0,0.000730746784026015,4.14217424493092,2.87591857632863,4.42248188775014,0.489438064120444,0,0,0.00103020921755778,0.0110396126349149,61.1347154284381,0.00244332837428584,0.242931952899782,0,0,0,0.0777826940456905,0,0.918623868055029,0.346376077348562,0.0107267538122355,0.00166465120874058,0.00538015891363667,0.00250362737756267,0.00237073171047167,0,0,0,0,0,0,0,0,0,0,0,0,0,0,0,0,0,0,0,0,0,0,0,0,0,0,0,0,0,0,0,0,0,0,0,0,0,0,0,0,0,0,0.0841561266648843,0,0.000992298648958176,0
0,22.2545037040397,0.0803063117895962,0,0,0,0,0,0.00173789367619137,0,3.26229305079047,0,10.7747197477803,0,0,0.00158092525279552,0.0476922504005686,0.00726669078052732,0.0572678102624574,0,0.00121280415045066,3.98115208020799,0.0071314195824413,0,0,0.490285053140314,1.52871032433203,0,0,0.000509368396664218,0.00351252697112897,0,0,0.144524698102973,0,0.0728532554043872,12.8616173136235,0.173589314784497,0.0523440240237883,4.56385393137297e-05,0.00296384735134175,6.51582067361672,0.0435039580104446,0.00457295266817226,0,0,0,0,0.000722804456017911,0,0.00951459876616267,0,0,0,0,0,0,0,0,0.0014421529545953,0,0.0752934005792306,0,0,0,0,0,0,0,0,0.0273476674395312,0,0,1.39836118347226,0.000456724980360385,0,0,0,0,0,0,0,0,0,0.00481262648812314,0,0,0
0,0.616769062723052,14.7455404881909,0,0,0,0,0,0.00319488079610629,0,8.88039199471849,0,4.51090389965193,0,0,0.00188178145885351,5.90633915191191,7.8169307855271,8.51418818470757,0,0.00550871433072719,0.234247337615811,0.139672437210909,0.00103020921755778,0.490285053140314,0,20.7051123032822,0,0,0.0032920128933999,0.632330775220676,0,0,0.969342970210245,0,0.0351470575078943,0.505406015680962,0.176507742367045,0.0164873876394444,0,0,0.00937869194201884,0,0,0,0,0,0,0,0,0,0,0,0,0,0,0,0,0,0,0,0,0,0,0,0,0,0,0,0,0,0,0,0.000726205675551622,0,0,0,0,0,0,0,0,0,0,0.0119435023451042,0,0.00025290158987352,0
0,1.45203569553164,5.43018774162742,0,0,0.00234558985115124,0.0154100219769007,0,0.0243584511352496,0,4.11049903081588,0.000324577373372437,1.55338810504896,0,0,2.58752140905608,0.580884391942576,0.0703892169062132,0.407127762870843,0,0.0565573228231506,2.1837239293886,9.91094529271714,0.0110396126349149,1.52871032433203,20.7051123032822,0,0.0159195442538061,0.00113118839909123,0.131377717849299,0.425311387792038,0,0.000978880864405104,1.82787464843182,0,0.388667883436211,1.60384845762667,0.458665951804413,0.0345289565410674,0.00319848592988759,0.000746045234637074,0.0128171782392232,0,0,0,0,0,0,0,0,0,0,0,0,0,0,0,0,0,0,0,0,0,0,0,0,0,0,0,0,0,0,0,0.00143869305707073,0,0,0,0,0,0,0,0,0,0,0.157062565233333,0,0.0016951976039814,0
0.0212482257464442,0.00160776215156961,0.0159607097747213,15.9157781364631,0,1.5366850861548,11.3967677572822,0.0286018111415165,1.21284040847687,6.16844209808658,0,1.99467495420838,0,0.0204351523260209,0.00123182095290114,5.35155850231618,0.00460093649381771,0,0,9.11013477384639,5.15264129955627,0.418548133755324,0.761156155273912,61.1347154284381,0,0,0.0159195442538061,0,0.0263720953378521,4.13706266691883,0,0,0.00183259229708643,0.218138128299896,0,0.196458721025918,0.404588192419887,0.00229297427535968,0.00156153068481893,0.0150948903050153,0,7.45729677242152e-05,0,0,0,0,0,0,0,0,0,0,0,0,0,0,0,0,0,0,0,0,0,0,0,0,0,0,0,0,0,0,0,0,0,0,0,0,0,0,0,0,0,0,0.0295054875942836,0,4.31519731463118e-05,0
15.6244588516949,0,0,0,1.08806207914543,11.4867255683745,1.35961157390942,6.85058148098907,0.000401807760473605,0.000315937054318201,0.0011758528037028,0.189489475029474,0,8.40165923754907,0.392075974969491,0.0171319256620284,0,0,0.000283179809888665,0.000720632611835026,0.00608417639714479,0.00485988208114075,0.0174898318622049,0.00244332837428584,0,0,0.00113118839909123,0.0263720953378521,0,1.36676375996831,0,1.3443064114359,11.4756936311589,1.49983390025673,0,0.26960362237606,0.00691090744184001,0.168910955673041,0.0140085116316356,7.23505606734056,0.482222917747529,0,0,0,0,0,0,0,0,0,0,0,0,0,0,0,0,0,0,0,0,0,0,0,0,0,0,0,0,0,0,0,0,0,0,0,0,0,0,0,0,0,0,0,0.0937599696794995,0,0.00296466310680941,0
1.06478237452554,0.0129376884656474,0.148939680849412,0.000890201303398279,0,1.01737579850569,17.0548990280922,0.0454653619689772,0.117261061313102,0.0628852574412951,0.00172301898722733,0.153594139430728,0,0.0205483756889164,0.0101618008403375,1.59185842494678,0.0489127131656789,0,0.0017843180420031,0.0291766105380337,14.2300001008561,0.881691972745207,5.1619753890793,0.242931952899782,0.000509368396664218,0.0032920128933999,0.131377717849299,4.13706266691883,1.36676375996831,0,0,0,0.105266220760437,1.91722495897363,0,0.616923962867535,1.00291965327362,0.0166326484726207,0.00705882179567837,0.725044461620762,9.57885858276679e-05,0,0,0,0,0,0,0,0,0,0,0,0,0,0,0,0,0,0,0,0,0,0,0,0,0,0,0,0,0,0,0,0,0,0,0,0,0,0,0,0,0,0,0,0.192025282123782,0,0.00492602618884478,0
0,0.0121997434333475,0,0,0,0,0,0,0,0,1.39877420462992,0,7.93867892698833,0,0,0,0,0,0,0,0,0,0,0,0.00351252697112897,0.632330775220676,0.425311387792038,0,0,0,0,0,0,0.00137840292813011,0,0,0.00973984460890753,0,0,0,0,0.0140464432180963,0,0,0,0,0,0,0,0,0,0,0,0,0,0,0,0,0,0,0,0,0,0,0,0,0,0,0,0,0,0,0,0,0,0,0,0,0,0,0,0,0,0,0,0,0,0
0,0,0,0,15.2808604789272,3.00581840753147,0,1.42250681423097,0,0,0,0,0,0.901263554022988,0,0,0,0,0,0,0,0,0,0,0,0,0,0,1.3443064114359,0,0,0,0,0.541701777442744,0,0,0,0.00651488744147471,0,0.0207475055220618,3.4092138787188,0,0,0,0,0,0,0,0,0,0,0,0,0,0,0,0,0,0,0,0,0,0,0,0,0,0,0,0,0,0,0,0,0,0,0,0,0,0,0,0,0,0,0,0,0,0,0
0.199721541829166,0,0,0,0,0.96764052056859,0.0687301433299068,0.5104561474154,0,0,0,0.00740466840562243,0,0.425547220418331,0.149491941322322,0.00580356481037786,0,0,0,0,0.00379657204134528,0.00453163504284315,0.00432503455696002,0,0,0,0.000978880864405104,0.00183259229708643,11.4756936311589,0.105266220760437,0,0,0,2.03593668656626,0,1.43246504214903,0.00798149163120611,0.341739651193247,0.0750038833754254,7.03147911988497,0.0322336530688536,0,0,0,0,0,0,0,0,0,0,0,0,0,0,0,0,0,0,0,0,0,0,0,0,0,0,0,0,0,0,0,0,0,0,0,0,0,0,0,0,0,0,0,1.32187395475936,0.000267026304748622,0.0419686685411296,0
0.0512881016382097,2.2240874282303,3.8109684089995,0,1.31942632509894,2.57029986359144,0.271101775227629,0.758277124824983,0.109087166065171,0.00198763205510626,5.96600643565785,0.0118042575630649,0.341391726802943,0.261959869736659,0.0512080479678469,0.380314162846288,1.84428076898364,0.032490031820983,0.514680124856948,0,1.27559278742953,1.48334499838309,4.90609104923489,0.0777826940456905,0.144524698102973,0.969342970210245,1.82787464843182,0.218138128299896,1.49983390025673,1.91722495897363,0.00137840292813011,0.541701777442744,2.03593668656626,0,8.07852455509704e-05,21.648048132251,19.1586954647052,50.4629328834072,2.95693494505138,17.0691032135432,4.99439117559337,0.218419358303746,0.00199226233153368,1.33448057144434e-05,0,9.32912896196859e-05,0,0,0,0,0,0,0,0,0,0,0,0,0,0,0,0,0,0,0,0,0,0,0,0,0,0,0,0,0,0,0,0,0,0,0,0,0,0,13.5990470879856,0.0012042465293803,0.24916458523066,0
0,0,0,0,0.0018879572261014,0,0,0,0,0,0,0,3.04877536549193e-05,0,0.00402380614348823,0,0,0,0,0,0,0,0,0,0,0,0,0,0,0,0,0,0,8.07852455509704e-05,0,0.111790917485043,0.000738397006972897,0.000114458040627458,0.000181907851801901,0.00903080946152611,0.000211946898533825,0,1.03724235454874,0.00529795547890074,0.00583339737986074,0.0252823794407649,0.253495236155735,0.041469793239852,0.0004082600780401,0,9.26711011537819e-05,0.000243538840466281,0,0,0.000104189932987199,0,0,0,0,3.0661710167394e-05,0,0.000116497372151308,0,0.0222858633412085,0,7.50426528517943e-05,0,3.66761570042549e-05,0,5.57179858990862e-06,3.07873604101302e-06,7.92530310545433e-05,0,0,8.98276896874898e-05,4.52001621739813e-06,0,0,4.05674990721638e-05,0,0,0,0.00321208611760074,2.68004426325507,0.0177953217752275,0.704599326881934,0.0618192418319943,1.12125058779463
0.00729307763674785,0.283947337629757,2.36480318341387,0,0.0317533461030141,0.0469029954464362,0.157654384382074,0.000915287025052475,13.3173970407272,0.00338785422818975,0.0276162050197516,0.286934690865979,4.87954745058111,0,0.0959225726361434,0.17893733593081,0.121125213339945,0.0028804129845305,0.00935042937980311,0,0.231070716594422,1.35676692078959,1.71324008815532,0.918623868055029,0.0728532554043872,0.0351470575078943,0.388667883436211,0.196458721025918,0.26960362237606,0.616923962867535,0,0,1.43246504214903,21.648048132251,0.111790917485043,0,22.388298049102,45.1262212619792,32.3010856205551,27.5509527590643,10.8471469149805,1.72344962365697,0.396204544841673,0.00202210940002147,0.00125904655333451,0.0219049515295399,0.0462463039235989,0.031492043533237,0.000577875890242897,0,0,0,0,0,0,0,0,0,0,0,0,0.00338053586056975,0,0,2.88261030973683e-05,0,0,0,0,0,0,0,0,0,5.19778440052888e-06,0,0,0,0,0,0,0,0.00079856341475105,0.00152081652777834,23.9571566178056,0.0973466117847577,0.761789823903493,0.00169321754866221
0.00311768315616853,6.49020987133925,4.57132665417289,0,0.00339271746704011,0.0352097280473413,0.0591318875262478,0.00330052957239436,0.905837179889619,0,13.1947805330597,0.00387590333910239,13.6365024288344,0.00121020012453706,0.00162306690282981,0.745917844094218,0.80565936928135,0.0132307129889538,0.152242971145933,0,1.05187642660395,13.5416203253517,4.76815375676991,0.346376077348562,12.8616173136235,0.505406015680962,1.60384845762667,0.404588192419887,0.00691090744184001,1.00291965327362,0.00973984460890753,0,0.00798149163120611,19.1586954647052,0.000738397006972897,22.388298049102,0,61.872576677573,11.6262544586757,0.476136494621746,1.11211576773701,11.8058570702035,0.00134720267713803,0,0,0.000299735937738861,0.000233443859893402,7.39824797995634e-05,0,0,0,0,0,0,0,0,0,0,0,0,0,0,0,0,0,0,0,0,0,0,0,0,0,0.0112657589088727,0,0,0,0,0,0,0,0,1.29036808041512e-05,0,20.1101275700236,0.000493627528635284,0.831669470003618,0
0.00527098987297331,1.78925831063286,1.11780249899895,0,0.00423033883375614,0.454109810052596,0.00305477820316809,0.0786218935339208,0.0246597602147219,0,9.61282268226596,0.00166224933727764,2.07226758124352,0.0144752585627156,0.00278208815118047,0.00979480201077024,0.272597624305994,0.00633070341757654,0.0796615960533677,0.0013736424354109,0.014461728060156,0.732113206990317,0.292896522452858,0.0107267538122355,0.173589314784497,0.176507742367045,0.458665951804413,0.00229297427535968,0.168910955673041,0.0166326484726207,0,0.00651488744147471,0.341739651193247,50.4629328834072,0.000114458040627458,45.1262212619792,61.872576677573,0,9.884617129913,13.2047219766069,17.6712217536288,2.57242551323354,0.000591578769834029,0,0,0,0,1.95839520749838e-05,0,0,0,0,0,0,0,0,0,0,0,0,0,0,0,0,0,0,0,0,0,0,0,0,0,0,0,0,0,0,0,0,0,0,0,0,27.1571526390503,0.000375036601721662,0.51628940663506,0
0,0.169817850428151,0.184674152231584,0,0,0.00177913718638978,0,0,0.00726851217750378,0,0.215390543466776,0,1.01503491977041,0,0.000823092337756518,0.00540229162397855,0.0458965385684735,0,0.0075492176694384,0,0.00149363909339458,0.124605550146832,0.0510111025398182,0.00166465120874058,0.0523440240237883,0.0164873876394444,0.0345289565410674,0.00156153068481893,0.0140085116316356,0.00705882179567837,0,0,0.0750038833754254,2.95693494505138,0.000181907851801901,32.3010856205551,11.6262544586757,9.884617129913,0,1.10377775991981,2.62406671853598,2.2895613484962,0.000378859771285465,0,0,3.78517571669734e-05,0,0,0,0,0,0,0,0,0,0,0,0,0,0,0,0,0,0,0,0,0,0,0,0,0,0,0,0,0,0,0,0,0,0,0,0,0,0,21.6577785716801,0.000610811759257243,0.372687582192919,0
0.491665083868003,0.00114650463164968,0.0113148656851465,0,16.7467298524008,5.3256868259778,0.407364412398773,0.386251419082983,7.74587729035662,0.0342423506232005,0.00198995466604054,10.9035625596406,0.05771425283138,0.209620107692598,82.7600640476369,0.0378288537059473,0.000259758633750067,0,0,0.00801101111348013,0.0169630312316539,0.00899441300715995,0.0290698750107763,0.00538015891363667,4.56385393137297e-05,0,0.00319848592988759,0.0150948903050153,7.23505606734056,0.725044461620762,0,0.0207475055220618,7.03147911988497,17.0691032135432,0.00903080946152611,27.5509527590643,0.476136494621746,13.2047219766069,1.10377775991981,0,2.26575533963887,0.0197123926406025,0.448603131038317,0.00447781637092097,0.0015670405745882,0.0021832455303668,0.00563049715651811,0.00175042005751733,0,0,0,5.48979396716841e-05,0,0,0,0,0,0,0,0,0,0,0,0,0,1.57201248974669e-05,0,0,0,0,0,0,0,0,0,0,0,0,0,0,0,0,0.00147466524911195,0.000722277714056001,12.3254800684855,0.439544651727623,0.334959631323468,0.000130222474573966
0,0,0.00525350070541251,0,11.8175946612726,1.41149045305857,0,0.543903897205653,0,0,0.00958786422926149,0,0.812898600473718,0.231444853418193,0.0375474392390736,0.000109659707120225,0,0,0,0,0,0.0029531004992583,0.00128232062172506,0.00250362737756267,0.00296384735134175,0,0.000746045234637074,0,0.482222917747529,9.57885858276679e-05,0,3.4092138787188,0.0322336530688536,4.99439117559337,0.000211946898533825,10.8471469149805,1.11211576773701,17.6712217536288,2.62406671853598,2.26575533963887,0,0.183675879576186,0.00333073802985954,3.10441285495189e-05,0,8.0220150526192e-05,0,0.000174743070694374,0,0,0,0,0,0,0,0,0,0,0,0,0,0,0,0,0,0,0,0,0,0,0,0,0,0,0,0,0,0,0,0,0,0,0,0,5.0387661173719,0.0048355747707871,0.074660390800253,0
0,0.118050348809073,0.0155420390924079,0,0,0,0,0,0,0,1.66285784260811,0,5.03287487430849,0,0,0,0.00285233257676393,0,0,0,0,0.0866566952747972,0.00909988065444792,0.00237073171047167,6.51582067361672,0.00937869194201884,0.0128171782392232,7.45729677242152e-05,0,0,0.0140464432180963,0,0,0.218419358303746,0,1.72344962365697,11.8058570702035,2.57242551323354,2.2895613484962,0.0197123926406025,0.183675879576186,0,0.00052525885005359,0,0,0,0,0,0,0,0,0,0,0,0,0,0,0,0,0,0,0,0,0,0,0,0,0,0,0,0,0,0,0.00106234095641732,0,0,0,0,0,0,0,0,0,0,0.857375374580018,0.000818427308396652,0.0117968112718365,0
0,0,0,0,0.128788162136355,0,0,0,0,0,0,0,0.0013621534370608,0,0.278915896713351,0,0,0,0,0,0,0,0,0,0.0435039580104446,0,0,0,0,0,0,0,0,0.00199226233153368,1.03724235454874,0.396204544841673,0.00134720267713803,0.000591578769834029,0.000378859771285465,0.448603131038317,0.00333073802985954,0.00052525885005359,0,27.410119050496,33.5500925785366,42.0902092427786,19.0964880839242,6.29692164730917,0.903348918753884,0.209181829612074,0.149621456420279,1.32270810676023,0,0,0.193368319036379,0.0228443847625894,0.0172518245996762,1.637578136288,0.00217167231458045,0.0965618120178278,0.0199552009439344,0.620623998366227,0.0272529895104784,0.0571439220857477,0.818882018456744,0.899484769831697,0.0189615528038981,0.134300784160516,0.0130381294976494,0.094498049198905,0.817612909141166,0.758587181034085,0.389928721618502,0.00283551733234082,0.847291117750169,0.246902906327281,0.0382515581931903,0.00258566481030487,0.045723863786216,7.01181318266859e-05,0,0.0226597932633089,11.1453308070461,0.127762783523423,0.027055154789587,21.8611607906832,0.00119771616562157,0.0149702455437241
0,0,0,0,0.000749500701031923,0,0,0,0,0,0,0,0,0,0.00203708528048989,0,0,0,0,0,0,0.00228339606946892,0,0,0.00457295266817226,0,0,0,0,0,0,0,0,1.33448057144434e-05,0.00529795547890074,0.00202210940002147,0,0,0,0.00447781637092097,3.10441285495189e-05,0,27.410119050496,0,9.26602651253017,5.05656055186062,4.29358131222604,0.0345044458097678,9.52697512751958,2.34732022917567,0.677332628098099,7.74787358541914,0,0,1.72291895275595,1.03828437522304,0.222219172169712,0.00824394771552795,0.192251305986769,15.7430187602175,0.0960049641148987,9.5482117910808,0.42728308219298,0.036547062395573,1.54699256875169,1.66485257178706,0.420527662938196,0.987168878776411,0.0184507913233731,0.76223588061866,8.07540821393731,3.8290571782679,0.0385914237581733,7.50873254833968,5.65954371577897,2.03533888759327,0.0715233995404329,0.10111318366108,2.17954161432405,0.0203203318392331,0,0.198171361860167,16.6343020670582,0.000607750539097938,0.000186329217991966,20.9768380845099,0,0.000195672020536809
0,0,0,0,0.000543469187929993,0,0,0,0,0,0,0,0,0,0.000904430069946776,0,0,0,0,0,0,0,0,0,0,0,0,0,0,0,0,0,0,0,0.00583339737986074,0.00125904655333451,0,0,0,0.0015670405745882,0,0,33.5500925785366,9.26602651253017,0,6.58821734936495,12.5193741393847,6.01213227250034,1.19209554077904,0.094096947044352,0.101308891090854,0.590108121811464,0,0.00967942240358273,0.122402835993858,0.00273340747534734,0.152750575458203,0,0.00045059248283451,16.1623074619912,0.00125256529806023,0.359513582968013,0.0466021946568303,0.00385933719332509,0.0444708261241165,0.221166952047564,0.0970355109755135,0.332573408562193,0,0.0327791393787883,0.141321773698224,0.213976206440448,0,0.0577386232563135,0.891444862526241,0.160092206661195,0.000610414470212806,0.0659868451801399,0.0208138809356479,0.00217343405711315,0,0.0731924492778275,43.0811846161767,0.000939942281892163,0.000198785448443008,27.7053463961517,0.000198551650853585,0.000609619820162144
0,0,0,0,0.00124919889397028,0,0,0,0,0,0,0,0,0,0.00270932239931464,0,0,0,0,0,0,0,0,0,0,0,0,0,0,0,0,0,0,9.32912896196859e-05,0.0252823794407649,0.0219049515295399,0.000299735937738861,0,3.78517571669734e-05,0.0021832455303668,8.0220150526192e-05,0,42.0902092427786,5.05656055186062,6.58821734936495,0,2.65516205756321,1.72569807573775,2.45782988614612,0.0137677915709941,0.0740094560990435,0.225358695189688,0,0,0.0134346661316179,0.00189206690543749,0.00279777576012453,0,0,0.740042372082509,0.00147738954763482,0.238881424472796,0.00139151288391675,0.000583965448530755,0.0109939907499231,0.115524744429721,0.0328165731577886,0.0881648313839166,0,0.0154449421201787,0.0707626348592525,0.0880578420365177,0,0.0275865012085353,0.328748144214521,0.0536366730724168,0,0.00183032816118901,0.00676898782751996,0,0,0.028288050603389,5.18743911853686,0.00435622841132845,0.00830596581406475,47.4619670569473,0.00285068662472423,0.0111182502059801
0,0,0,0,0.00682909624375067,0,0,0,0,0,0,0,0,0,0.00661365220344631,0,0,0,0,0,0,0,0,0,0,0,0,0,0,0,0,0,0,0,0.253495236155735,0.0462463039235989,0.000233443859893402,0,0,0.00563049715651811,0,0,19.0964880839242,4.29358131222604,12.5193741393847,2.65516205756321,0,4.91930221391957,0.00529808230131483,3.41366543026208,0.000103250826053169,0.0104987689536632,0,15.8694617425456,7.75090833209735,0.142900399623658,3.28879956812807,1.25272789550619,0.0161539603761707,0.000103508013146747,5.02573944344106,0,1.10446442419191,74.139216895068,0.176159331113342,0.00371580458014356,0,7.3185899480948e-05,0.00421476793626736,0.00634663609281206,0.0397387697711666,0.112635786199053,0.232306783476523,0,0.000744334333847139,0.0102610041519423,0.0373007156291956,1.2611016236166,0.143348926854373,0,0.00192677647594131,1.99901750281754,12.6818877226946,0.0998480629763161,0.0139608950688243,19.2241646507518,0.0137052353804847,0.0526554635653433
0,0,0,0,0.000286253614922672,0,0,0,0,0,0,0,0,0,0.000327582729855239,0,0,0,0,0,0,0,0,0,0,0,0,0,0,0,0,0,0,0,0.041469793239852,0.031492043533237,7.39824797995634e-05,1.95839520749838e-05,0,0.00175042005751733,0.000174743070694374,0,6.29692164730917,0.0345044458097678,6.01213227250034,1.72569807573775,4.91930221391957,0,0.00183247672826155,0,0,0.00296995516844862,0,15.9605808777594,2.28021664111088,0,1.90088343180442,0,0,0,0,9.83543930866432e-05,0.0800409096912248,0.0399024336905414,0,0.000636126984622215,0,5.38937392159013e-05,0,0,0.000186711862469466,0.000639268473871303,0,0,0.000105758635436451,1.73943380222337e-05,0,0.291410503571684,0,0,2.32065829741963,0.00498290954251115,4.5272080194996,0.00859578086285783,0.0152285461891778,9.0922552204451,0.0069621698351733,0.026273952131947
0,0,0,0,0,0,0,0,0,0,0,0,0,0,0,0,0,0,0,0,0,0,0,0,0.000722804456017911,0,0,0,0,0,0,0,0,0,0.0004082600780401,0.000577875890242897,0,0,0,0,0,0,0.903348918753884,9.52697512751958,1.19209554077904,2.45782988614612,0.00529808230131483,0.00183247672826155,0,0,0.0477574575184712,0.0556924650181321,0,0,0,0.000767323736156428,0,0,0,1.70639639733402,0,6.3340667672196,0,0,0.0015871971809016,0.0644501535080748,0.0350694634198092,0.0295803038466364,0,0.003258517044232,0.0329784091416219,0.0120251566054132,0,4.21765392094637,0.114898268417441,0.0191404215960123,0,0,0.00223761314275494,0,0,0,0.845418922364239,0,0,0.49290654518227,0,0
0,0,0,0,0,0,0,0,0,0,0,0,0,0,0,0,0,0,0,0,0,0,0,0,0,0,0,0,0,0,0,0,0,0,0,0,0,0,0,0,0,0,0.209181829612074,2.34732022917567,0.094096947044352,0.0137677915709941,3.41366543026208,0,0,0,0,0.00197400838673446,0,0,3.26680524452336,3.13009558608476,9.0085358248034,0,0.0173889181306127,0,0.0251251700656859,0,11.3864004423304,0.372746882957885,0.0601831421734726,0.00371961158080185,0,0,0.0112514526433699,0.0165220662503179,0.0316576650320701,0.133140776537352,0.013139021122815,0,0.000915922297970214,0.00824982145151098,0.0131960979598602,28.0973195045115,6.93135047481675,0,0,17.7761185810994,2.41940160019817,0,0,0.240070923470522,0,0
0,1.07470415628267,0,0,0,0,0,0,0,0,0,0,0,0,0,0,0,0,0,0,0,0.782328994309881,0,0,0.00951459876616267,0,0,0,0,0,0,0,0,0,9.26711011537819e-05,0,0,0,0,0,0,0,0.149621456420279,0.677332628098099,0.101308891090854,0.0740094560990435,0.000103250826053169,0,0.0477574575184712,0,0,0.976476420267216,0,0,0,0,0,0,0,0.127984316024957,0,0.171565407653391,0,0,0.00591851866865387,0.048868485594282,0.0378969933600974,0.0530180239483452,0,0.00631953149464681,6.52136816046936,0.031671969207239,0,18.1846697795035,2.00514257212134,2.33211394648214,0,0,0,0.0030350028169655,0,0,0.0997514585945448,5.56460516948775e-05,0,0.121419092098684,0,0
0,0,0,0,0,0,0,0,0,0,0,0,0,0,0,0,0,0,0,0,0,0,0,0,0,0,0,0,0,0,0,0,0,0,0.000243538840466281,0,0,0,0,5.48979396716841e-05,0,0,1.32270810676023,7.74787358541914,0.590108121811464,0.225358695189688,0.0104987689536632,0.00296995516844862,0.0556924650181321,0.00197400838673446,0.976476420267216,0,0,0,0.00791473164601948,0.00543147028344014,0,0,0,0.119316725708703,0.00471451046227593,0.0518304329542723,0.000834567710271399,0,0.313933579656264,0.562825723692249,0.0136048292664376,0.0908055348488409,0,0.224784895132265,1.30191883870618,7.53386876676092,0.0034353462867546,0.0496269983449,15.9058381452138,2.74554372713082,0.00666308592615232,0,0.0837813471224773,0.00149774701753974,0,0,1.60710901137911,0,0,0.924882069737068,0,0
0,0,0,0.0698208909340633,0,0,0,0,0,0,0,0,0,0,0,0,0,0,0,0,0,0,0,0,0,0,0,0,0,0,0,0,0,0,0,0,0,0,0,0,0,0,0,0,0,0,0,0,0,0,0,0,0,0,0.000670169964493299,0.0690655851993111,0,0.00550749066914727,9.84656522426165,0,0.0288710741488576,0,0,0,0.0153261419946731,0,0,0,86.0477824516337,0,0.00338857674972315,0.000501740488649607,1.92009298692527,0,0,0,21.5508344178636,0,0.00115984969985203,0,0,0,0,0,0,0,0,0
0,0,0,0,0,0,0,0,0,0,0,0,0,0,0,0,0,0,0,0,0,0,0,0,0,0,0,0,0,0,0,0,0,0,0,0,0,0,0,0,0,0,0,0,0.00967942240358273,0,15.8694617425456,15.9605808777594,0,0,0,0,0,0,0.834836140389722,0,0.559611123621369,0,0,0,0,0,0.0506040706971048,2.06726390361467,0,0,0,0,0,0,0,0,0,0,0,0,0,0.108378350057587,0,0,14.5015214947589,0,0.783470394832136,0,0,0,0,0
0,0,0,0,0,0,0,0,0,0,0,0,0,0,0,0,0,0,0,0,0,0,0,0,0,0,0,0,0,0,0,0,0,0,0.000104189932987199,0,0,0,0,0,0,0,0.193368319036379,1.72291895275595,0.122402835993858,0.0134346661316179,7.75090833209735,2.28021664111088,0,3.26680524452336,0,0.00791473164601948,0.000670169964493299,0.834836140389722,0,1.0945715607919,24.4685233004761,0.00151778332524721,22.7609031367744,0,7.52192365116179,0,2.69351696702384,3.57127152612968,0.196773013368918,0.0106483493936562,0,0.00231183476495794,0.381272158377794,0.0180711006273598,0.0463081118152014,0.229797775341246,0.0693888399280995,0,0.00199340655718481,0.0145382077063722,0.0570275723819119,1.50887490316749,0.550668244377395,0,3.89094308128054,1.3755287747991,3.43534918790269,0,0,0.123862037683569,0,0
0,0,0,0,0,0,0,0,0,0,0,0,0,0,0,0,0,0,0,0,0,0,0,0,0,0,0,0,0,0,0,0,0,0,0,0,0,0,0,0,0,0,0.0228443847625894,1.03828437522304,0.00273340747534734,0.00189206690543749,0.142900399623658,0,0.000767323736156428,3.13009558608476,0,0.00543147028344014,0.0690655851993111,0,1.0945715607919,0,0.141857181221612,0.156080980384992,8.46927420056555,0,2.05209315826557,0,2.36003155267413,0.0205002811093447,0.747866636033299,0.0137751938102506,0,0.00020183013139854,5.52539710499726,0.0662358076803911,0.103248344502956,0.406666765078818,2.85214792104682,0,0.00391762631265362,0.0247785805554258,7.97078874035851,0.557824318677117,9.91785994542819,0,0,0.086238671730098,0.385513464346379,0,0,0.00827804096883362,0,0
0,0,0,0,0,0,0,0,0,0,0,0,0,0,0,0,0,0,0,0,0,0,0,0,0,0,0,0,0,0,0,0,0,0,0,0,0,0,0,0,0,0,0.0172518245996762,0.222219172169712,0.152750575458203,0.00279777576012453,3.28879956812807,1.90088343180442,0,9.0085358248034,0,0,0,0.559611123621369,24.4685233004761,0.141857181221612,0,0,0.57693093535211,0,0.00512971725511065,0,24.3059163735278,0.280856006003171,0.00375112152779201,0.000834132268019705,0,0,0.000692442351813004,0.00101332785657438,0.00185473988449929,0.0104731379527981,0,0,0,0.000226997351627975,0.000566179545771692,14.5160578867254,0.0207931396837049,0,3.0245645068066,1.4783561842554,7.51963025442646,0,0,0.00801079243510794,0,0
