0,0,0,0,0,13.2382615495857,4.29380100958511,10.2732131142177,0.0260522477814924,0.175577744551702,0,0.910496795543791,0,11.8479840911222,0.238959662830916,0.094547354601216,0,0,0,0,0.0470418787357403,0.0118925388618451,0.081989203887757,0.0105848273207205,0,0,0.0137936751888536,0.191644088770614,26.3559513393636,5.73012935331454,0,0,2.1203613060726,0.578376871785266,0,0.178702665716944,0.140201705284539,0.0262813143964631,0.00301829493213909,0.993133734226051,0.00341169130989291,0,9.71007673005869e-05,5.14756098308883e-05,0,0,0,0,0,0,0,0,0,0,0,0,0,0,0,0,0,0,0,0,0,0,0,0,0,0,0,0,0,0,0,0,0,0,0,0,0,0,0,0,0.0397379608067226,0,0,0
0,0,9.8756207652003,0,0,0,0,0.000909280428231185,0.0183449197678356,0,4.70494129089038,0,1.35256839035279,0,0,0.00325487291958332,0.838911479999882,0.042528430143617,2.61672728588571,0,0.00975964485217945,2.12349588332863,0.385958241470143,0.00053054864868958,19.0097443430872,1.03589796279494,2.0020352602944,0.000873197784120471,0,0.00499250930002967,0.00173955169447252,0,0,2.34938687014256,0,0.250005214094366,4.71160181917087,3.92143275879192,0.389033781978225,0,0.021642498112207,0.0556585434592788,0,0,0,0,0,0,0,0,0.248839242320327,0,0,0,0,0,0,0,0,0,0,0,0,0,0,0,0,0,0,0,0.44478928680325,0,0,0.1803294495133,0,0.000960900866247547,0,0,0,0,0,0,0,0,0.380509274627731,0,0.0126424063175576,0
0,9.8756207652003,0,0,0,0.00221275769775049,0.000884734322080943,0,0.0936859913999956,0.000521908545578331,0.233114065680859,0.00123505899622885,0.0157447044832025,0,0,0.193938249027795,1.38072421686792,0.00389125128814575,0.978851556800125,0,0.157543661913345,10.4913768303697,12.3437739118861,0.00652207772103328,0.0336028175596522,13.2622113062789,18.6917725782609,0.0140958320434303,0.00281755669613097,0.0635065484258511,0,0,0,3.12642513832821,0,1.91747606236282,5.84568524090254,3.24363692476982,0.450025479732028,0.0106013931134648,0.0471063491643377,0.0353916630811722,0,0,0,0,0,0,0,0,0,0,0,0,0,0,0,0,0,0,0,0,0,0,0,0,0,0,0,0,0,0,0,0,0,0,0,0,0,0,0,0,0,0,1.42096744511442,0,0.0837147367558333,0
0,0,0,0,0,0.0308450151503279,0.0171478287465697,0,0.0177950717330661,6.31937606898977,0,0.360037936592711,0,0,0,0,0,0,0,96.1588110673777,0,0,0,2.94768782215419,0,0,0,33.4193229436672,0.00108148646159933,0,0,0,0,0,0,0,0,0,0,0,0,0,0,0,0,0,0,0,0,0,0,0,0.0217862421706142,0,0,0,0,0,0,0,0,0,0,0,0,0,0,0,0.0032355143678568,0,0,0,0,0,0,0,0,0,0,0,0,0,0,0,0,0,0,0
0,0,0,0,0,15.1789318815418,0,0.293613820417414,0,0,0,0,0,0.120583693669496,2.63753717158114,0,0,0,0,0,0,0,0,0,0,0,0,0,2.53219885054233,0,0,10.8892526947964,0.00967549603262716,1.16029897249348,0.0949181906503177,0.352985487789481,0.00740235696225902,0.147717114936158,0.00111709121802719,29.5349117335032,21.0795941101249,0,0.195430469144295,0.0446865731114879,0.00151120608186222,0.00122055931565389,0.0254548888769867,0.00916837602342273,0,0,0,0,0,0.0110472205910178,4.18494578125761e-05,0,0,0,0,0.000430359392559186,0,0,0,0.0217425199905335,0,0.000130947902553417,0,0,0,0,0,0,0,0,0,0,0,0,0,0,0,0,0.000323868736023149,0.00930833196620835,0.116574915495962,0.312032074734965,0.0158503041934314,0.00610308227679301
13.2382615495857,0,0.00221275769775049,0.0308450151503279,15.1789318815418,0,3.40560572327566,16.3245219078971,0.0103889963387257,6.27311003317551,0.00114730622603856,2.84640421550504,0,10.470593284703,2.00715690843567,0.159534614530862,0,0,0,1.42936219054795,0.122168058023788,0.0322567084819489,0.121275145476852,0.0909179800137977,0,0,0.0206521650781504,3.05703294881125,15.9377166799812,2.39601225298188,0,6.77609596991421,3.12185987445898,3.78852974484477,0,0.0490168834334762,0.12211300133481,0.682832730125367,0.00185758609629241,6.71210087117968,4.00159429815674,0,0,0,0,0,0,0,0,0,0,0,0,0,0,0,0,0,0,0,0,0,0,0,0,0,0,0,0,0,0,0,0,0,0,0,0,0,0,0,0,0,0,0,0.0126360724844706,0,0.00180144871328911,0
4.29380100958511,0,0.000884734322080943,0.0171478287465697,0,3.40560572327566,0,2.38733033557581,0.128868083654325,10.8008936807045,0,0.286165108047516,0,0.711114156431186,0.00483398181761343,0.521994288364428,0,0,0,0.936110081765058,0.322709873826046,0.0675365357828214,0.328644270874192,0.55539328449573,0,0,0.0326043761759281,10.3440762857858,0.565508209811149,20.0469002226758,0,0,0.055714092648413,0.263322552146693,0,0.0628180337153171,0.313695968533949,0.00521921218203255,0.00267782959601779,0.0521442336848875,0.000929428291919845,0,0,0,0,0,0,0,0,0,0,0,0,0,0,0,0,0,0,0,0,0,0,0,0,0,0,0,0,0,0,0,0,0,0,0,0,0,0,0,0,0,0,0,0.0174555958177701,3.9214794632628e-05,0.000988091360987417,0
10.2732131142177,0.000909280428231185,0,0,0.293613820417414,16.3245219078971,2.38733033557581,0,0.00548372359635048,0.982238468027555,0,0.448456630423277,0,38.3638119899271,0.0269066671471843,0.0495477834112411,0,0,0,0.00404234882871514,0.0331355653155107,0.00360804889904382,0.0372214949951282,0.0232116817978519,0,0,0.00441576864969133,0.387981694688425,5.85391805926332,0.485471170178084,0,3.04202776973914,0.296147168108567,0.206647022237598,0,0.00943024050572869,0.0369531266524087,0.0210304516738226,0,0.101459289859077,0.180241549300139,0,0,0,0,0,0,0,0,0,0,0,0,0,0,0,0,0,0,0,0,0,0,0,0,0,0,0,0,0,0,0,0,0,0,0,0,0,0,0,0,0,0,0,0.00058921744370833,0,0,0
0.0260522477814924,0.0183449197678356,0.0936859913999956,0.0177950717330661,0,0.0103889963387257,0.128868083654325,0.00548372359635048,0,0.00141494517557894,0.0428238235371389,0.864552725366059,0.00409569732119439,0.000481950741755586,8.04964228327403,0.773403923137721,0.00376292209080983,0,0.00723352482643576,0.12699895930705,0.21462895582354,27.3693963560466,0.545909357290325,11.7313425376196,0.0105029120648998,0.00155777530377312,0.0281313645893202,4.94786683329949,0.00729851233170974,0.24067347197987,0,0,0,0.154363438749637,0,2.34662518334058,5.72446831032651,0.0407652465846089,0.0111969931993656,10.2643006369901,0,0,0,0,0,0,0,0,0,0,0,0,0,0,0,0,0,0.132864616714308,0,0,0,0,0,0,0,0,0,0,0,0,0.00371450070938861,0,0,0,0,0,0,0,0,0,0,0,0,0,0.443365852121929,0,0.0241720787392282,0
0.175577744551702,0,0.000521908545578331,6.31937606898977,0,6.27311003317551,10.8008936807045,0.982238468027555,0.00141494517557894,0,0,9.59491804934723,0,0.0424314391971975,0,0.0489538666601205,0,0,0,24.4889803194163,0.0360483902580331,0.00475291910048406,0.0262919271578023,0.114559305982656,0,0,0.00308156199787574,8.26872125172455,0.00891044820323472,0.340416194463288,0,0,0.000596504058035519,0.00916150880178555,0,0.00287909227496676,0.0355228352582974,0,0,0.000803491144616315,0,0,0,0,0,0,0,0,0,0,0,0,0,0,0,0,0,0,0,0,0,0,0,0,0,0,0,0,0,0,0,0,0,0,0,0,0,0,0,0,0,0,0,0,0.000521297599283183,0,0,0
0,4.70494129089038,0.233114065680859,0,0,0.00114730622603856,0,0,0.0428238235371389,0,0,0,20.8059775671444,0,0.000827300580360524,0,0.540384488682514,8.69988082698667,9.50543128897324,0,0.00202892730741722,2.12707893621834,0.0318087085618244,0,3.36876337872829,12.8391245855144,4.30922495350117,0,0.00489144538925684,0.00204502466513865,1.75083799059777,0.00200441246537769,0,6.95301344643431,3.77365922007876e-05,1.67108823426452,20.9202842104024,9.76924291986065,0.693260702849739,0.096498079874385,0.621751608959729,2.9560225130045,0.000967358398313397,0.000197235621444216,0.000873928554922423,0.000485944960609441,0,0,0.00104368915121327,0,0,0,0,0,0,0,0,0.00215609194250101,0,0,0,0,0,0,0,0,0,0,0,0,0.0480941751215634,0,0,0.00174062425976729,0,0.000161839578971985,0,0,0,0,0,0,0,0,0.395183139194235,0.000498609684080689,0.000590398554735739,0
0.910496795543791,0,0.00123505899622885,0.360037936592711,0,2.84640421550504,0.286165108047516,0.448456630423277,0.864552725366059,9.59491804934723,0,0,0,0.0288329432294698,4.88569868231039,0.00611921296653032,0,0,0,81.6316779164602,0.00491798462894447,0.00375350873126543,0.0124870220607958,0.313085582811991,0,0,0.00129900319623747,2.70555050288201,0.495223141348157,0.321634772112394,0,0,0.197030019437268,0.0889083549670907,0,0.775328544394639,0.00750494951964645,0.0040007426423648,0,10.2068391530995,0,0,0,0,0,0,0,0,0,0,0,0,0,0,0,0,0,0,0,0,0,0,0,0,0,0,0,0,0,0,0,0,0,0,0,0,0,0,0,0,0,0,0,0,0.00168591324133082,0,0,0
0,1.35256839035279,0.0157447044832025,0,0,0,0,0,0.00409569732119439,0,20.8059775671444,0,0,0,0.00549600078393332,0,0.1032888831707,0.00314097893847656,0.225199946870337,0,0.000591966802567441,1.65953775783609,0.00491854228143453,0,11.1469085296468,4.79090115542903,1.69796610843658,0,0,0,8.32628866112601,0,0,0.10995948198972,0,6.49879164950897,13.2420701578668,1.06326898513667,0.629306256257729,0.0258557332247908,0.09580932303873,5.04215947515954,0.0732073929210108,0.191296446895569,0.00483624611305798,0.00321619282898271,0,0,0.158537911886859,0,0,0.00357444048064126,0,0,0,0,0,0.00179504872171318,0,0.0882204110684684,0,0.166836347771911,0,0,0,0.00114580921229319,0,0,0,0,0.168864038289333,0,0,0.0016022587869448,0.000624969993132621,0,0,0,0,0,0,0,0.00260613955730545,0,0.539836101552043,0.00302309453065172,7.44996814760063e-05,0
11.8479840911222,0,0,0,0.120583693669496,10.470593284703,0.711114156431186,38.3638119899271,0.000481950741755586,0.0424314391971975,0,0.0288329432294698,0,0,0.047330869190766,0.000317722964122177,0,0,0,0,0.00407456273621948,0.00046378976611572,0,0.000737868472468081,0,0,0.000464416785329696,0.00744684498932782,5.80629877169226,0.031340982897845,0,0.350161520809472,0.612995074147945,0.304452220298337,0,0.00158679242398574,0.00115052339351981,0.0250624133128453,0,0.544007558164297,0.0730997831686774,0,0,0,0,0,0,0,0,0,0,0,0,0,0,0,0,0,0,0,0,0,0,0,0,0,0,0,0,0,0,0,0,0,0,0,0,0,0,0,0,0,0,0,0,0,0,0
0.238959662830916,0,0,0,2.63753717158114,2.00715690843567,0.00483398181761343,0.0269066671471843,8.04964228327403,0,0.000827300580360524,4.88569868231039,0.00549600078393332,0.047330869190766,0,0,0,0,0,0.00983248706534035,0,0,0.000929074261383882,0.0242266047799506,0,0,0,0,0.366121891282405,0.0116177579339582,0,0.00284241793208462,0.624304284896064,0.337536790334462,0.2013056437336,5.24643787043542,0.0302552141061003,0.0839069573953309,0.0247431458943662,90.4450236740382,0.253002544527253,0.000748883831171485,2.04451245687891,0.453703376676963,0.0180840517410775,0.0384765954067759,0.505014471795178,0.0766977592589025,0.000860377222203338,0,0,0.000611541068680181,0,0.177330543304254,4.21508009068794e-05,0,0,0,0,0.00331114749654528,0,0,0,0.38057764555785,0,0,0,0,0,0,0.000102979373269072,1.73212312578794e-05,0,0,0,0,0,1.85415440969354e-05,0,0,0,0,0.00157965730111623,0.00774056113648163,1.70473585822156,3.30048818108363,0.0208850083137952,0.00675929166926607
0.094547354601216,0.00325487291958332,0.193938249027795,0,0,0.159534614530862,0.521994288364428,0.0495477834112411,0.773403923137721,0.0489538666601205,0,0.00611921296653032,0,0.000317722964122177,0,0,0.00564835708188238,0,0.00227346765664334,0.110392885787759,19.2399128909991,1.28527937496353,51.716079439747,1.09579675536693,0,0.0026443494405599,2.73848212739611,16.3705117592687,0.08005046135552,0.792825000289913,0,0,0.0114332350232885,0.802737598379164,0,0.5386202272821,1.67922699612042,0.0267320867423195,0.00578512869391101,0.0129979998033088,0.000179074400802382,0.00258944710526891,0,0,0,0,0,0,0,0,0,0,0,0,0,0,0,0,0,0,0,0,0,0,0,0,0,0,0,0,0,0,0,0,0,0,0,0,0,0,0,0,0,0,0.280483555521262,0,0.0177430993230719,0
0,0.838911479999882,1.38072421686792,0,0,0,0,0,0.00376292209080983,0,0.540384488682514,0,0.1032888831707,0,0,0.00564835708188238,0,0.00738017135823923,22.2813452966147,0,0.17400308350923,0.174081597256696,19.1651561534548,0,0.158227872732191,6.51530721838755,1.40560328943885,0.00154136000920897,0.00116896742616202,0.032156430322469,0,0,0,1.88588282184634,0,0.21549199905501,0.44293104926918,0.33843412735291,0.0626657753853475,0.00135091370225118,0,0.00939500914850215,0,0,0,0,0,0,0,0,0,0,0,0,0,0,0,0,0,0,0,0,0,0,0,0,0,0,0,0,0,0,0,0,0,0,0,0,0,0,0,0,0,0,0.176553735655115,0,0.0107896875478398,0
0,0.042528430143617,0.00389125128814575,0,0,0,0,0,0,0,8.69988082698667,0,0.00314097893847656,0,0,0,0.00738017135823923,0,28.0575468346358,0,0,0.0136713172960232,0,0,0.00507051188026109,3.16620325202806,0.0264663335537195,0,0,0.000711276652662629,0,0,0,0,0,0,0.0206687244539956,0.00258191299392747,0,0,0,0,0,0,0,0,0,0,0,0,0,0,0,0,0,0,0,0,0,0,0,0,0,0,0,0,0,0,0,0,0,0,0,0,0,0,0,0,0,0,0,0,0,0,0,0,0,0
0,2.61672728588571,0.978851556800125,0,0,0,0,0,0.00723352482643576,0,9.50543128897324,0,0.225199946870337,0,0,0.00227346765664334,22.2813452966147,28.0575468346358,0,0,0.00306990681651228,0.312039927125783,0.319305877760392,0,0.335912381680274,11.4111031662718,1.5671936638896,0,0,0.000724228323951692,0.00699095968368744,0,0,0.966007069415815,0,0.0537387743717349,0.759596597535654,1.05308774004905,0.11221041637819,0.00015409718660303,0.00411080627033245,0,0,0,0,0,0,0,0,0,0,0,0,0,0,0,0,0,0,0,0,0,0,0,0,0,0,0,0,0,0,0,0,0,0,0,0,0,0,0,0,0,0,0,0.0512880769441392,0,0.00238365902405836,0
0,0,0,96.1588110673777,0,1.42936219054795,0.936110081765058,0.00404234882871514,0.12699895930705,24.4889803194163,0,81.6316779164602,0,0,0.00983248706534035,0.110392885787759,0,0,0,0,0.0316956937637357,0.0269427499143154,0.0297062183652927,8.29897298184344,0,0,0.00332596189562091,35.2975005878796,0.000874706146361259,0.0257431151320404,0,0,0,0.000791478311708498,0,0.00320350624781993,0.165599363423876,0,0,0.0039694127744086,0,0,0,0,0,0,0,0,0,0,0,0,0,0,0,0,0,0,0,0,0,0,0,0,0,0,0,0,0,0,0,0,0,0,0,0,0,0,0,0,0,0,0,0,0,0,0,0
0.0470418787357403,0.00975964485217945,0.157543661913345,0,0,0.122168058023788,0.322709873826046,0.0331355653155107,0.21462895582354,0.0360483902580331,0.00202892730741722,0.00491798462894447,0.000591966802567441,0.00407456273621948,0,19.2399128909991,0.17400308350923,0,0.00306990681651228,0.0316956937637357,0,0.612261989999613,13.1327368719199,0.760516614726563,0,0.00150387624003843,0.0872521617589829,9.69017906750153,0.0437509796718691,20.4643663701237,0,0,0.000548936429158944,1.24891155386554,0,0.350166508099439,1.94439852018586,0.0450508836633382,0.0156473301048223,0.00559528267361777,0.000363299860481866,0.00266362067713387,0,0,3.76221198436723e-05,0,0,0,0,0,0,0,0,0,0,0,0,0,0,0,0,0,0,0,0,0,0,0,0,0,0,0,0,0,0,0,0,0,0,0,0,0,0,0,0.256363857974444,0,0.0137222991017307,0
0.0118925388618451,2.12349588332863,10.4913768303697,0,0,0.0322567084819489,0.0675365357828214,0.00360804889904382,27.3693963560466,0.00475291910048406,2.12707893621834,0.00375350873126543,1.65953775783609,0.00046378976611572,0,1.28527937496353,0.174081597256696,0.0136713172960232,0.312039927125783,0.0269427499143154,0.612261989999613,0,9.5447303940008,4.08941005520805,5.24134845503368,0.307297784804275,1.35190239734613,0.846810811714733,0.0156734653622125,0.41293780366714,0.00252717849711537,0,0,2.16594160405884,0,2.71026629691713,21.6611710251312,4.09218003666816,0.51214177062219,0.0234925160491193,0.0289773819770479,0.072974205497519,0.000481866468471915,0,0,0,0,0,0,0,0.0630378974859029,0,0,0,0,0,0,0.0959347932074076,0,0,0,0,0,0,0,0,0,0,0,0,0.0564676319573313,0,0,0.013325262549788,0.0058262346699552,0.00884670788882159,0.000506512263239757,0,0,0,0,0,0,0,2.76087892710228,0.000333312844049298,0.122896488680681,0
0.081989203887757,0.385958241470143,12.3437739118861,0,0,0.121275145476852,0.328644270874192,0.0372214949951282,0.545909357290325,0.0262919271578023,0.0318087085618244,0.0124870220607958,0.00491854228143453,0,0.000929074261383882,51.716079439747,19.1651561534548,0,0.319305877760392,0.0297062183652927,13.1327368719199,9.5447303940008,0,0.432241190278859,0.00965504031573006,0.166402081600567,10.1132196166215,2.04690813119245,0.113105628899489,2.70995474198963,0,0,0.00428672110304391,4.79119530492111,1.85470538514344e-05,3.21588939134576,6.33564897051688,0.644673049232769,0.108160992800035,0.0293394225120538,0.0123383174118679,0.00668622746551991,4.21880426875777e-05,0.000131197035737416,0,0,0,0,0,0,0,0,0,0,0,0,0,0,0,0,0,0,0,0,0,0,0,0,0,0,0,0,0,0,0,0,0,0,0,0,0,0,0,0,1.74349502697351,0,0.118409667664402,0
0.0105848273207205,0.00053054864868958,0.00652207772103328,2.94768782215419,0,0.0909179800137977,0.55539328449573,0.0232116817978519,11.7313425376196,0.114559305982656,0,0.313085582811991,0,0.000737868472468081,0.0242266047799506,1.09579675536693,0,0,0,8.29897298184344,0.760516614726563,4.08941005520805,0.432241190278859,0,0,0,0.0226730047143923,64.2401659867105,0.0142653486671711,0.257873778019615,0,0,0.00221499030953989,0.0860411670785494,0,0.105311685204165,1.15959499697244,0.00681136916028293,0.00154321159942107,0.0217806365642568,0.00129438791752709,0.0018185190515517,0,0,0,0,0,0,0,0,0,0,0,0,0,0,0,0,0,0,0,0,0,0,0,0,0,0,0,0,0,0,0,0,0,0,0,0,0,0,0,0,0,0,0.0683519385863871,0,0.00431665533225146,0
0,19.0097443430872,0.0336028175596522,0,0,0,0,0,0.0105029120648998,0,3.36876337872829,0,11.1469085296468,0,0,0,0.158227872732191,0.00507051188026109,0.335912381680274,0,0,5.24134845503368,0.00965504031573006,0,0,2.00813765683323,2.33053933531057,0,0,0,0.0125671791627116,0,0,0.0816209023190052,0,0.137414720802944,36.4579968609768,0.445100734938045,0.155872928029855,0,0,4.81743228926408,0.443810053156129,0.09168478919,0,0.0129671348290474,0,0,0.113963249010647,0,0.00197660232891987,0,0,0,0,0,0,0.00341157344845364,0,0.0119043690946721,0,0.417858665407049,0,0,0,0.000905327647772805,0,0,0,0,3.39024979466693,0,0,2.29250891083784,0.00190252163264275,9.92162855504124e-05,0,0,0,0,0,0,0,0,0.0124365854212497,0.000685761193807477,0,0
0,1.03589796279494,13.2622113062789,0,0,0,0,0,0.00155777530377312,0,12.8391245855144,0,4.79090115542903,0,0,0.0026443494405599,6.51530721838755,3.16620325202806,11.4111031662718,0,0.00150387624003843,0.307297784804275,0.166402081600567,0,2.00813765683323,0,26.3050899744593,0,0,0.000503276640177575,2.53879188581549,0,0,0.688094557585382,0,0.00974702426631113,1.21270543178714,0.439870083929669,0.0388408917227808,0.00105802635344511,0,0.00826794763886852,0,0,0,0,0,0,0,0,0,0,0,0,0,0,0,0,0,0,0,0,0,0,0,0,0,0,0,0,0.0214650911378538,0,0,0.00140441659524383,0,0,0,0,0,0,0,0,0,0,0.00650359337243629,0,0.000103230187201802,0
0.0137936751888536,2.0020352602944,18.6917725782609,0,0,0.0206521650781504,0.0326043761759281,0.00441576864969133,0.0281313645893202,0.00308156199787574,4.30922495350117,0.00129900319623747,1.69796610843658,0.000464416785329696,0,2.73848212739611,1.40560328943885,0.0264663335537195,1.5671936638896,0.00332596189562091,0.0872521617589829,1.35190239734613,10.1132196166215,0.0226730047143923,2.33053933531057,26.3050899744593,0,0.0641050737456902,0.0214787231404013,0.142511452835587,0.709143757200726,0,0.00180569184332698,1.24139429936641,0,0.539140774105194,1.90007067658376,0.61765241131621,0.0430259005068723,0.00771100071851275,0.0033136712301073,0.00824377372720988,0,0,0,0,0,0,0,0,0,0,0,0,0,0,0,0,0,0,0,0,0,0,0,0,0,0,0,0,0.0285486152034407,0,0,0.0046459602650541,0,0.000250359285804497,0,0,0,0,0,0,0,0,0.215284267512359,0,0.0177051030737904,0
0.191644088770614,0.000873197784120471,0.0140958320434303,33.4193229436672,0,3.05703294881125,10.3440762857858,0.387981694688425,4.94786683329949,8.26872125172455,0,2.70555050288201,0,0.00744684498932782,0,16.3705117592687,0.00154136000920897,0,0,35.2975005878796,9.69017906750153,0.846810811714733,2.04690813119245,64.2401659867105,0,0,0.0641050737456902,0,0.0813543302423189,2.43687979733083,0,0,0.00475474066704045,0.227106118697374,0,0.153722317725833,2.03665047977857,0.00902562877541122,0.00174840694526132,0.0206613592075906,0.000206279208579505,0,0,0,0,0,0,0,0,0,0,0,0,0,0,0,0,0,0,0,0,0,0,0,0,0,0,0,0,0,0,0,0,0,0,0,0,0,0,0,0,0,0,0,0.0817055541550483,0,0.00407050240745821,0
26.3559513393636,0,0.00281755669613097,0.00108148646159933,2.53219885054233,15.9377166799812,0.565508209811149,5.85391805926332,0.00729851233170974,0.00891044820323472,0.00489144538925684,0.495223141348157,0,5.80629877169226,0.366121891282405,0.08005046135552,0.00116896742616202,0,0,0.000874706146361259,0.0437509796718691,0.0156734653622125,0.113105628899489,0.0142653486671711,0,0,0.0214787231404013,0.0813543302423189,0,2.91888937333884,0,8.45153962803773,13.7209344437927,4.32037808002553,0,0.412705211040431,0.106112666828472,0.478768471372322,0.0129302121273086,3.95560291319761,1.35093621433725,0,0.000423890305266833,8.99899705440309e-05,0,0,0,0,0,0,0,0,0,0,0,0,0,0,0,0,0,0,0,0,0,0,0,0,0,0,0,0,0,0,0,0,0,0,0,0,0,0,0,0,0.10624116696784,0.000198358807852702,0.00461494892431583,0
5.73012935331454,0.00499250930002967,0.0635065484258511,0,0,2.39601225298188,20.0469002226758,0.485471170178084,0.24067347197987,0.340416194463288,0.00204502466513865,0.321634772112394,0,0.031340982897845,0.0116177579339582,0.792825000289913,0.032156430322469,0.000711276652662629,0.000724228323951692,0.0257431151320404,20.4643663701237,0.41293780366714,2.70995474198963,0.257873778019615,0,0.000503276640177575,0.142511452835587,2.43687979733083,2.91888937333884,0,0,0,0.145529870101266,2.58065915969621,0.000230007774846852,0.715252581811305,2.16689608777947,0.0548868211708321,0.00878330528614156,0.248643779367857,0.00121337752744023,0.000133614251224948,7.78895987289523e-05,3.52205022804734e-05,0,0,0,0,0,0,0,0,0,0,0,0,0,0,0,0,0,0,0,0,0,0,0,0,0,0,0,0,0,0,0,0,0,0,0,0,0,0,0,0,0.246437994084641,0,0.00991019269539319,0
0,0.00173955169447252,0,0,0,0,0,0,0,0,1.75083799059777,0,8.32628866112601,0,0,0,0,0,0.00699095968368744,0,0,0.00252717849711537,0,0,0.0125671791627116,2.53879188581549,0.709143757200726,0,0,0,0,0,0,0,0,0,0.00571674766647046,0,0,0,0,0,0,0,0,0,0,0,0,0,0,0,0,0,0,0,0,0,0,0,0,0,0,0,0,0,0,0,0,0,0,0,0,0,0,0,0,0,0,0,0,0,0,0,0,0,0,0
0,0,0,0,10.8892526947964,6.77609596991421,0,3.04202776973914,0,0,0.00200441246537769,0,0,0.350161520809472,0.00284241793208462,0,0,0,0,0,0,0,0,0,0,0,0,0,8.45153962803773,0,0,0,0.00912340892856399,0.996886628436935,0,0,0,0.0545039428727843,0,0.0459524358721664,2.85735296273902,0,0,0,0,0,0,0,0,0,0,0,0,0,0,0,0,0,0,0,0,0,0,0,0,0,0,0,0,0,0,0,0,0,0,0,0,0,0,0,0,0,0,0,0,0,0,0
2.1203613060726,0,0,0,0.00967549603262716,3.12185987445898,0.055714092648413,0.296147168108567,0,0.000596504058035519,0,0.197030019437268,0,0.612995074147945,0.624304284896064,0.0114332350232885,0,0,0,0,0.000548936429158944,0,0.00428672110304391,0.00221499030953989,0,0,0.00180569184332698,0.00475474066704045,13.7209344437927,0.145529870101266,0,0.00912340892856399,0,2.16046341141463,0,0.255956840460353,0.014172943872043,0.277688804728505,0.0384786085983957,6.78293306281026,0.214304885379013,0,0.000234111832947172,0.00030713234494915,0,0,0,0,0,0,0,0,0,0,0,0,0,0,0,0,0,0,0,0,0,0,0,0,0,0,0,0,0,0,0,0,0,0,0,0,0,0,0,0,0.121528138751329,0.000511691135028795,0.00207327398445512,0
0.578376871785266,2.34938687014256,3.12642513832821,0,1.16029897249348,3.78852974484477,0.263322552146693,0.206647022237598,0.154363438749637,0.00916150880178555,6.95301344643431,0.0889083549670907,0.10995948198972,0.304452220298337,0.337536790334462,0.802737598379164,1.88588282184634,0,0.966007069415815,0.000791478311708498,1.24891155386554,2.16594160405884,4.79119530492111,0.0860411670785494,0.0816209023190052,0.688094557585382,1.24139429936641,0.227106118697374,4.32037808002553,2.58065915969621,0,0.996886628436935,2.16046341141463,0,0,23.3293121567188,12.3517537888184,56.9517392274116,2.40997990278796,17.1057126997108,8.42292110248112,0.125876068651961,0.00122189776119807,0.00082110722468702,0,0,0,0,0,0,0,0,0,0,0,0,0,0,0,0,0,0,0,0,0,0,0,0,0,0,0.00136672842732573,0,0,0,0,0,0,0,0,0,0,0,0,0,8.81139658824169,0.00136879531311894,0.497734750816997,0
0,0,0,0,0.0949181906503177,0,0,0,0,0,3.77365922007876e-05,0,0,0,0.2013056437336,0,0,0,0,0,0,0,1.85470538514344e-05,0,0,0,0,0,0,0.000230007774846852,0,0,0,0,0,0.319028528783843,0.000993062312153002,0.000243349756899558,0.000527315507013656,0.0209336480020072,0.000459634399492515,5.4156815958324e-05,0.855688601143513,0.131391445876115,0.0134038584724256,0.0213934049597852,0.0845384632392598,0.0213004751326334,6.68190712127918e-05,0,1.42584364287398e-05,7.34286745016703e-06,0,0.0131029649007248,6.1884545211612e-05,3.51256554613705e-05,1.21534061321905e-05,0,0,0.000784777185888497,0,0,1.12031017828585e-05,0.110303143139784,0,1.76316279487585e-05,0,2.72653596885319e-06,0,1.22412739885703e-05,5.51359395246638e-06,2.72866211088892e-05,0,0,0,7.00793697265762e-06,0,0,2.22961286971191e-05,0,0,0,0.000840976513166693,2.43988428777964,0.0463523413977403,0.715818615172023,0.0792529513364802,0.820671264579156
0.178702665716944,0.250005214094366,1.91747606236282,0,0.352985487789481,0.0490168834334762,0.0628180337153171,0.00943024050572869,2.34662518334058,0.00287909227496676,1.67108823426452,0.775328544394639,6.49879164950897,0.00158679242398574,5.24643787043542,0.5386202272821,0.21549199905501,0,0.0537387743717349,0.00320350624781993,0.350166508099439,2.71026629691713,3.21588939134576,0.105311685204165,0.137414720802944,0.00974702426631113,0.539140774105194,0.153722317725833,0.412705211040431,0.715252581811305,0,0,0.255956840460353,23.3293121567188,0.319028528783843,0,26.0626475337215,62.1490165809929,61.3560804928941,34.0371790169906,5.85125269736729,4.0820225354242,3.82994571006397,0.138675373522506,0.0123451081938582,0.023290400051606,0.0312892473319387,0.0235993466377624,0.0546504794522908,0,0,0.00184627741528115,0,0.0112821004366111,0,0,0,0,0,0.0505210218266345,0,0.158537484565639,0,0.00816217793697691,0,4.83834334935249e-05,0,0,0,0,0.000184708415275868,0.00108575732476543,0,0,0,0,0,0,0,0,0,0,0.00226927592156963,0.00537558975310095,18.51433439398,0.297955163999002,0.765878981617726,0.00080000164061781
0.140201705284539,4.71160181917087,5.84568524090254,0,0.00740235696225902,0.12211300133481,0.313695968533949,0.0369531266524087,5.72446831032651,0.0355228352582974,20.9202842104024,0.00750494951964645,13.2420701578668,0.00115052339351981,0.0302552141061003,1.67922699612042,0.44293104926918,0.0206687244539956,0.759596597535654,0.165599363423876,1.94439852018586,21.6611710251312,6.33564897051688,1.15959499697244,36.4579968609768,1.21270543178714,1.90007067658376,2.03665047977857,0.106112666828472,2.16689608777947,0.00571674766647046,0,0.014172943872043,12.3517537888184,0.000993062312153002,26.0626475337215,0,49.2741458704382,14.4301316627676,0.53074313941302,1.36659345691573,10.0457742269002,0.00686175992717556,0,1.23982004504391e-05,2.73497336825295e-05,0,0,0,0,0,0,0,0,0,0,0,0.00529884017980711,0,0.00213447065870717,0,0.0101529760782405,0,0,0,0,0,0,0,0,0.0275177334738826,0,0,0.0110164294864721,0,0,0,0,0,0,0,0,0,0,15.9361222781844,0.000185073826441551,0.403382972485449,0
0.0262813143964631,3.92143275879192,3.24363692476982,0,0.147717114936158,0.682832730125367,0.00521921218203255,0.0210304516738226,0.0407652465846089,0,9.76924291986065,0.0040007426423648,1.06326898513667,0.0250624133128453,0.0839069573953309,0.0267320867423195,0.33843412735291,0.00258191299392747,1.05308774004905,0,0.0450508836633382,4.09218003666816,0.644673049232769,0.00681136916028293,0.445100734938045,0.439870083929669,0.61765241131621,0.00902562877541122,0.478768471372322,0.0548868211708321,0,0.0545039428727843,0.277688804728505,56.9517392274116,0.000243349756899558,62.1490165809929,49.2741458704382,0,7.42975224473287,10.0723367224684,20.0714056377587,1.76995814348402,0.00232375197546209,0.000369854505243982,0,1.93583957795328e-05,0,0,0,0,0,0,0,0,0,0,0,0,0,0,0,0,0,0,0,0,0,0,0,0,0.003391973924811,0,0,0,0,0,0,0,0,0,0,0,0,0,31.9067055797393,0.00236457170061486,0.670455051055499,0
0.00301829493213909,0.389033781978225,0.450025479732028,0,0.00111709121802719,0.00185758609629241,0.00267782959601779,0,0.0111969931993656,0,0.693260702849739,0,0.629306256257729,0,0.0247431458943662,0.00578512869391101,0.0626657753853475,0,0.11221041637819,0,0.0156473301048223,0.51214177062219,0.108160992800035,0.00154321159942107,0.155872928029855,0.0388408917227808,0.0430259005068723,0.00174840694526132,0.0129302121273086,0.00878330528614156,0,0,0.0384786085983957,2.40997990278796,0.000527315507013656,61.3560804928941,14.4301316627676,7.42975224473287,0,1.10227991756951,5.29853840605723,2.12961234612989,0.00615919987926748,0.00284340791206584,1.18121524691275e-05,8.97204593276685e-05,0,5.31256983656043e-05,0.00434417761925404,0,0,0.00130874758798718,0,0,0,0,0,0,0,0.00111298285225868,0,0,0,0.000356362763409522,0,0,0,0,0,0,0,0,0,0,0,0,0,0,0,0,0,0,0,0,31.8978614842298,0.00519032230202799,0.0897123169174514,0
0.993133734226051,0,0.0106013931134648,0,29.5349117335032,6.71210087117968,0.0521442336848875,0.101459289859077,10.2643006369901,0.000803491144616315,0.096498079874385,10.2068391530995,0.0258557332247908,0.544007558164297,90.4450236740382,0.0129979998033088,0.00135091370225118,0,0.00015409718660303,0.0039694127744086,0.00559528267361777,0.0234925160491193,0.0293394225120538,0.0217806365642568,0,0.00105802635344511,0.00771100071851275,0.0206613592075906,3.95560291319761,0.248643779367857,0,0.0459524358721664,6.78293306281026,17.1057126997108,0.0209336480020072,34.0371790169906,0.53074313941302,10.0723367224684,1.10227991756951,0,3.07037579737052,0.0644834177155674,0.514377680466646,0.114007148780796,0.0021982118838449,0.00463771429152735,0.00545974930229352,0.00240656798463467,0,0,0,0.000137666348678651,0,0.00173325599866536,0,0,0,0,0,0.000127746293596081,0,0,0,0.00226767004690172,0,0,0,0,0,0,0,3.12254151877528e-05,0,0,0,0,0,0,0,0,0,0,0.000621856406206865,0.000426203514630975,11.1068067254275,0.53703703237753,0.0392763762825901,0.00021588737231089
0.00341169130989291,0.021642498112207,0.0471063491643377,0,21.0795941101249,4.00159429815674,0.000929428291919845,0.180241549300139,0,0,0.621751608959729,0,0.09580932303873,0.0730997831686774,0.253002544527253,0.000179074400802382,0,0,0.00411080627033245,0,0.000363299860481866,0.0289773819770479,0.0123383174118679,0.00129438791752709,0,0,0.0033136712301073,0.000206279208579505,1.35093621433725,0.00121337752744023,0,2.85735296273902,0.214304885379013,8.42292110248112,0.000459634399492515,5.85125269736729,1.36659345691573,20.0714056377587,5.29853840605723,3.07037579737052,0,0.230297632364432,0.00813864921786334,0.00214534102222692,0.000299833115376378,4.8233872902659e-05,0.000233572314868487,0,0,0,0,0,0,0,0,0,0,0,0,0,0,0,0,0,0,0,0,0,0,0,0,0,0,0,0,0,0,0,0,0,0,0,0,5.76706123211791e-05,3.38825272034225,0.0130729048547325,0.00541772625136001,0
0,0.0556585434592788,0.0353916630811722,0,0,0,0,0,0,0,2.9560225130045,0,5.04215947515954,0,0.000748883831171485,0.00258944710526891,0.00939500914850215,0,0,0,0.00266362067713387,0.072974205497519,0.00668622746551991,0.0018185190515517,4.81743228926408,0.00826794763886852,0.00824377372720988,0,0,0.000133614251224948,0,0,0,0.125876068651961,5.4156815958324e-05,4.0820225354242,10.0457742269002,1.76995814348402,2.12961234612989,0.0644834177155674,0.230297632364432,0,0.0054193675613728,0.00616648938126985,0,0,0,0,0.0208337590334351,0,0,0,0,0,0,0,0,0,0,0,0,0.0176719099057824,0,0,0,0,0,0,0,0,0.00329762840756753,0,0,0,0,0,0,0,0,0,0,0,0,0,0.729476063577529,0.00144314892307612,0.000345925066764681,0
9.71007673005869e-05,0,0,0,0.195430469144295,0,0,0,0,0,0.000967358398313397,0,0.0732073929210108,0,2.04451245687891,0,0,0,0,0,0,0.000481866468471915,4.21880426875777e-05,0,0.443810053156129,0,0,0,0.000423890305266833,7.78895987289523e-05,0,0,0.000234111832947172,0.00122189776119807,0.855688601143513,3.82994571006397,0.00686175992717556,0.00232375197546209,0.00615919987926748,0.514377680466646,0.00813864921786334,0.0054193675613728,0,40.5959620822981,48.102934841902,44.5813054795862,18.225070412544,5.76898596970987,1.49630174785115,0.272136464832973,0.556103880012172,3.25584777723645,0,0.290472415401144,0.804148064255887,0.07009174904403,0.332401411192817,0.0997692923630395,0.0046213602822058,0.70924793515631,0.00735536545271192,0.139402692078468,0.129232690708009,0.502027241705852,0.436454117799799,1.12866746816441,0.00508140707935154,0.212825444448724,0.00199100929552385,0.561067875440083,1.61406088397818,2.53547309214982,0.065739441573966,0.026502686889362,0.402350685953946,0.608029195159828,0.0788030755074002,0.0834311128085961,0.923273001980298,0,0,0.0736622567458836,20.6446286039687,0.147890794450146,0.0418479466442538,19.6728100652724,0.0138437842341982,0.00326582126445051
5.14756098308883e-05,0,0,0,0.0446865731114879,0,0,0,0,0,0.000197235621444216,0,0.191296446895569,0,0.453703376676963,0,0,0,0,0,0,0,0.000131197035737416,0,0.09168478919,0,0,0,8.99899705440309e-05,3.52205022804734e-05,0,0,0.00030713234494915,0.00082110722468702,0.131391445876115,0.138675373522506,0,0.000369854505243982,0.00284340791206584,0.114007148780796,0.00214534102222692,0.00616648938126985,40.5959620822981,0,13.5492945245108,9.54030908960342,2.96750258784816,0.639365727670329,9.43800045992977,0.96897998753117,1.62509042951653,10.7952386597238,0,0.035570469255478,0.704242021002054,0.219957011972381,0.567109938673654,0.011351669376789,0.0250583430780694,10.0897128550355,0.0121820392325616,6.7666423443403,0.260186285981138,0.158652117438191,0.883202076697434,2.03260344328506,0.19102387635036,4.19144918416839,0.00532248110413202,0.477004732291204,9.15561853756417,5.00381804743791,0.0334661442859805,20.5731579633704,14.1593452974761,5.87644690252016,0.231507991868742,0.228802245104623,1.99872017007969,0.022133600522751,0,0.181173751467823,10.3640123367891,0.0241475623893597,0.000858856377411172,28.3755726496516,0.000356356310574702,0.000312973446384276
0,0,0,0,0.00151120608186222,0,0,0,0,0,0.000873928554922423,0,0.00483624611305798,0,0.0180840517410775,0,0,0,0,0,3.76221198436723e-05,0,0,0,0,0,0,0,0,0,0,0,0,0,0.0134038584724256,0.0123451081938582,1.23982004504391e-05,0,1.18121524691275e-05,0.0021982118838449,0.000299833115376378,0,48.102934841902,13.5492945245108,0,5.84130369143873,10.7266203955052,8.77289253707069,3.29269291236744,0.0955539334410008,0.157787578798283,1.59917451192671,0,0.0539464849918697,1.23765977062516,0.0103368717143249,0.545562096726531,0,0.00164381127515986,26.4470196738591,8.1928437540331e-05,1.37032884160463,0.105626535981381,0.0215173522889083,0.0686895320172716,2.40507031043843,0.0757092632518591,1.73032885419829,0,0.0567316754364322,0.374398893113153,0.440180135871939,0.00133014703904144,0.217525110724856,1.23992232322463,0.223881747386608,0.00544299987726937,0.221369641248576,0.11955629757731,0,0.0376923428443857,0.106337185525148,48.7528536915909,0.00560124531390698,0.00156808200921946,37.0019724499034,0.0065394009509242,0.00246757941433215
0,0,0,0,0.00122055931565389,0,0,0,0,0,0.000485944960609441,0,0.00321619282898271,0,0.0384765954067759,0,0,0,0,0,0,0,0,0,0.0129671348290474,0,0,0,0,0,0,0,0,0,0.0213934049597852,0.023290400051606,2.73497336825295e-05,1.93583957795328e-05,8.97204593276685e-05,0.00463771429152735,4.8233872902659e-05,0,44.5813054795862,9.54030908960342,5.84130369143873,0,2.38405677292471,5.23905953080959,2.47540352226539,0.0330877432147939,0.106763248921295,0.78079062696657,0,0.0232367436220294,0.0389138948750445,0.00107977948664691,0.031019526992148,0,0,3.89622006495848,0,0.365696801473327,0.00530577745706245,0.0192208381604223,0.0233868515439695,1.12942349047057,0.0113719517933464,0.471041138048281,0,0.0093785586189402,0.164999924622225,0.0926588439330615,0.0003755551324248,0.181791740111466,0.477591970215622,0.0816381764874004,0.00420414640963948,0.0091399898756781,0.021490011373117,0,0.0020253333054554,0.0133528617306436,3.10467191757066,0.00715400386246109,0.00810905984862118,45.6167320052597,0.0114330028397109,0.0018149889942483
0,0,0,0,0.0254548888769867,0,0,0,0,0,0,0,0,0,0.505014471795178,0,0,0,0,0,0,0,0,0,0,0,0,0,0,0,0,0,0,0,0.0845384632392598,0.0312892473319387,0,0,0,0.00545974930229352,0.000233572314868487,0,18.225070412544,2.96750258784816,10.7266203955052,2.38405677292471,0,2.92548977802491,0.059595536933276,0.822316414337701,0.00314826898287392,0.0492364328265184,0.00197843600557443,30.9787096429179,29.4347195082075,0.0770565164071227,2.19074145790812,5.28930624137376,0.0124114685377129,0.21021568585124,7.78430007244337,0.00575259419536493,0.501406378919091,79.6934833417886,0.484835097051692,0.00745132853129049,0,0,0.0230777685582947,0.0983656099764703,0.173136393951133,0.358541586293963,4.0387126951953,0,0.00299308304937305,0.0936286049070149,0.286631854242317,0.884143938197389,0.69875740578585,0,0.107541068828648,3.30378399304072,10.0579408074739,0.067023694599788,0.0064586755963043,12.074465480506,0.0141940778532987,0.00163215148540695
0,0,0,0,0.00916837602342273,0,0,0,0,0,0,0,0,0,0.0766977592589025,0,0,0,0,0,0,0,0,0,0,0,0,0,0,0,0,0,0,0,0.0213004751326334,0.0235993466377624,0,0,5.31256983656043e-05,0.00240656798463467,0,0,5.76898596970987,0.639365727670329,8.77289253707069,5.23905953080959,2.92548977802491,0,0.0403936124034916,0.0026621094972693,0,0.00619697750623678,0,17.3295660028058,7.37150310636659,0.000257557401319905,0.906918945724987,0,0,0.925996162835507,0,6.95578722251511e-05,0.046365544033369,0.0828326389459119,0.00327255805122566,0,0,0,0,0.00016299845914248,0.000314783810546081,0.00279192926615088,0,0,0.00109049448418052,0,0.000857066702075613,0.36097697296665,0.00225491025428956,0,5.09385055721748,0.000356356000772162,6.44119820287387,0.0130416493959711,0.0118158769143423,8.14949926164621,0.0127745245452966,0.00319558237455799
0,0,0,0,0,0,0,0,0,0,0.00104368915121327,0,0.158537911886859,0,0.000860377222203338,0,0,0,0,0,0,0,0,0,0.113963249010647,0,0,0,0,0,0,0,0,0,6.68190712127918e-05,0.0546504794522908,0,0,0.00434417761925404,0,0,0.0208337590334351,1.49630174785115,9.43800045992977,3.29269291236744,2.47540352226539,0.059595536933276,0.0403936124034916,0,0.0026332680080134,0.0946670941254601,0.508207075035931,0,0,0.000823584605171845,0.000566628059638558,0.000195824930721386,0,0,7.10301199947301,0,15.4085567721428,0,0.00240411679178714,0,0.708210308280093,0.0634933304658489,0.551355920601313,0,0.00805579621248687,0.0863306986348432,0.018833108249424,9.45624603711226e-05,15.2799055068128,0.589147902789318,0.208160624564138,0.00130153915290792,0,0.00604130949259309,0,0,0,0.665897384493045,7.1238413343281e-05,0.000968563328537314,0.460321403094973,0,0
0,0,0,0,0,0,0,0,0,0,0,0,0,0,0,0,0,0,0,0,0,0,0,0,0,0,0,0,0,0,0,0,0,0,0,0,0,0,0,0,0,0,0.272136464832973,0.96897998753117,0.0955539334410008,0.0330877432147939,0.822316414337701,0.0026621094972693,0.0026332680080134,0,0.00605137068747374,0.0389568473706656,0.00285635407882379,0,2.07783801498714,3.29938034037849,6.65344601296843,0.0145254730331016,0.0648213933302251,0,0.0207721963646682,0,21.2976527953536,0.102568398176226,0.437503268660115,0.0118893711631479,0,0,0.0228931672817758,0.0552607384730982,0.271951873702109,0.21017362157586,0.0310455873754358,0,0.00540158842996184,0.0748967786491524,0.239342974699131,41.1102275031227,11.8860193612101,0,0,2.53250393950643,0.400766234386223,0,0,0.343002398028222,0,0
0,0.248839242320327,0,0,0,0,0,0,0,0,0,0,0,0,0,0,0,0,0,0,0,0.0630378974859029,0,0,0.00197660232891987,0,0,0,0,0,0,0,0,0,1.42584364287398e-05,0,0,0,0,0,0,0,0.556103880012172,1.62509042951653,0.157787578798283,0.106763248921295,0.00314826898287392,0,0.0946670941254601,0.00605137068747374,0,7.1608758544555,0,0,0.0120965903307929,0.00590880333539043,0.00672203769992157,0,0.000411567842180265,0.0196475315007387,0,0.0101920300161182,0.00362492300296739,0,0.0549080587591329,0.0846671932598422,0.0035394069552773,0.0554996414968439,0.000854808277205264,0.0332303283986144,11.927444459787,0.343992630643929,5.60338833306678e-05,6.93107211477136,1.59289750032079,2.68209586208645,0.0101055842167198,0.00198557124743486,0.063451854061059,0,0,0.00132895665349519,0.213917878250703,0,0,0.352999374648582,0,0
