0,0.013758051706652,0.0243585007051193,0,0,2.97626924911142,1.80069823170546,18.534090739482,0.189135563864068,0.400475267179524,0,0.242523416073633,0,14.9287664700545,0.755168560290926,0.15033286583401,0.000581002797710906,0,0,0,0.0563290916459831,0.0660172879706843,0.0837090245800014,0.544941551886433,0,0.000274937510181504,0.00515862350356561,0.321032077947311,14.8843761992397,1.43215788975998,0,0,0.269617855029263,0.363897774113359,0,0.618223891220799,0.144607761151469,0.0721525617136527,0.0093284498112214,15.6944292799426,0.0166269262287954,0,0.00240490533352324,0,0,0,0,0,0,0,0,0,0,0,0,0,0,0,0,0,0,0,0,0,0,0,0,0,0,0,0,0,0,0,0,0,0,0,0,0,0,0,0,0,0.28999732741885,0,0,0
0.013758051706652,0,2.96001327595442,0,0,0,0.00177469316268413,0.000526488031926963,0.961282787844797,0,0.550243909403006,0,0.275764140221016,0,0,0.0177090297290275,0.098394237476242,0,0.180111118098608,0,0.00852472466343895,5.7983139945552,0.253250186262357,0.0138531467102379,3.81835096384254,0.554845342060775,4.44501190700188,0.00428624780436574,0.000878377098474692,0.00542051053547677,0,0,0,0.54948567100405,0,0.5939631971047,1.45323638811133,0.61798350341863,0.145337813442358,0.00179539111604079,0,0.0436933162566586,0.0608495105346636,0.0211270309339229,0.00231252088032216,0.00769678758298215,0,0,0.151737706933907,0,0.121697623257798,0,0,0,0,0,0,0.272272679405685,0,0.00181085895805508,0,0.0105484825035019,0,0,0,0,0,0,0,0,0.139123309262994,0,0,0.192943413348312,0.000850033048544988,0,0,0,0,0,0,0,0,0,0.699673991011057,0,0,0
0.0243585007051193,2.96001327595442,0,0,0,0.00259644122844916,0.00917645937072138,0.00290459385880055,0.924903819248766,0.00166254391177202,0.0522193090014481,0.00185520387932033,0.0268486373515717,0.000477698740980206,0,0.171526504186212,1.10180040214499,0,0.137251689575148,0,0.15509004484574,5.12017239595403,7.91689601639464,0.161394788181117,0.0210175325655994,12.3365855159716,10.9412973251612,0.0389184397475335,0.0191781236802561,0.0316039443671419,0,0,0.00303301380530295,1.1422991484259,0,1.5388961371463,1.83704578936869,1.15843773919228,0.198571531748011,0.0061445509349628,0.000778946552374,0.0136270287301081,0.153453821475526,0.000639113486653464,0,0,0,0,0,0,0.000749734648751305,0,0,0,0,0,0,0.00693372880541516,0,0,0,0,0,0,0,0,0,0,0,0,0.000469248247858378,0,0,0,0,0,0,0,0,0,0,0,0,0,1.19217537429553,0,0,0
0,0,0,0,0,0.117646488471373,0.14384900427493,0.00463510911397362,0.0174453188675318,14.2539963318902,0,0.334417192165183,0,0.00222358550992631,0,0.00329298700714861,0,0,0,47.5882057437385,0.000749221040265279,0.00287200832130341,0.000155207473278944,2.9004772494251,0,0,0,29.2635703177561,0.000289129241247018,0.00444503274529521,0,0,0,0,0,0,0.00304968572462094,0,0.0011696433146846,0,0,0,0,0,0,0,0,0,0,0,0,0,0,0,0,0,0,0,0,0,0,0,0,0,0,0,0,0,0,0,0,0,0,0,0,0,0,0,0,0,0,0,0,0,0,0,0,0
0,0,0,0,0,0.841860061339582,0,3.0673966108123,0.000201346519805135,0,0,0,0.0012263084836216,1.43243988261699,3.29375317124607,0,0,0,0,0,0,0,0,0,0,0,0,0,3.72727810537768,0,0,21.9121587276296,0.0249286480209712,1.68956638823199,0.0167689503147157,2.23527691189552,0.106162192314479,0.238779249980754,0.0064419824718179,17.4160008812336,16.2405061844512,0.00240234444612658,1.34758314103123,0.0833757115896447,0.0167152046236904,0.0178059820101032,0.0585250592331116,0.0274338420333501,6.37264337119436e-05,0,0,0,0,0.0161649706127308,1.62937603348145e-05,0,0.000513739313548341,0,0,0,0,0,6.31417898095546e-05,0.131174343244542,7.9738024900167e-05,0,0,0.00011546811168997,0,1.83446601907387e-05,3.65091962580889e-05,0.000219139093950594,0,0,7.90305262951566e-05,0,0,0.00048332568443658,0,0,0,0,0.00239129043071003,0.0364762851237363,1.34469840919459,2.33798631770724,0.0104685563192558,0.00139560558530969
2.97626924911142,0,0.00259644122844916,0.117646488471373,0.841860061339582,0,2.5721811231206,18.3349482195875,0.120638061672982,12.6765102562251,0,1.98653503998345,0,6.3705003913738,0.47196445165538,0.0201080126127459,0,0,0,1.17313385782094,0.00558293628079745,0.0134509311068022,0.0184123683570158,1.30256625025727,0,0,0.00220403734792227,0.893111152584214,3.91740273458894,0.0871470174999546,0,4.12063637215311,0.149461078266632,0.731630123833268,0,0.00748974402666483,0.0121980671813675,0.185126499262362,0.0016804999515771,5.01764555997053,0.552598044868479,0,0,0,0,0,0,0,0,0,0,0,0,0,0,0,0,0,0,0,0,0,0,0,0,0,0,0,0,0,0,0,0,0,0,0,0,0,0,0,0,0,0,0,0.00136641706850973,0,0,0
1.80069823170546,0.00177469316268413,0.00917645937072138,0.14384900427493,0,2.5721811231206,0,0.771502825612555,0.374156935905635,10.2589380131901,0,0.536772488003322,0,1.19901888127595,0.00829839365407709,0.159640917175241,0.000107912360056533,0,0,0.455614073705283,0.202251752099583,0.146622863003548,0.102958326832183,4.46650129407503,0,0,0.00415302467169829,6.70783046905493,1.29086569994125,16.6427615734491,0,0,0.000392504834325333,0.0572282371693198,0,0.0235445572088577,0.0358532944213731,0.00308414503000444,0.000675093913986801,0.049841030870968,0.000562853507800332,0,0.00115340366713819,0,0,0,0,0,0,0,0,0,0,0,0,0,0,0,0,0,0,0,0,0,0,0,0,0,0,0,0,0,0,0,0,0,0,0,0,0,0,0,0,0,0.0104128220731884,0,0,0
18.534090739482,0.000526488031926963,0.00290459385880055,0.00463510911397362,3.0673966108123,18.3349482195875,0.771502825612555,0,0.0242618044556838,0.4617662363379,0,0.662341371961609,0,17.4364948759087,0.600558417069849,0.00706427593747549,0.000673381475428431,0,0,0.000862262521398462,0.00615198783815794,0.00447694917258661,0.0072246902363876,0.256760619210378,0,0,0.00103187906512541,0.139010947983795,1.95867868599297,0.0503878212007142,0,0.677922661158153,0.00743421225588181,0.304491920223461,0,0.0392764460305096,0.0082123342805572,0.0963457500154454,0,3.25044782294523,0.534910287812845,0,0.000184646303870772,0,0,0,0,0,0,0,0,0,0,0,0,0,0,0,0,0,0,0,0,0,0,0,0,0,0,0,0,0,0,0,0,0,0,0,0,0,0,0,0,0,0.00324106430325141,0,0,0
0.189135563864068,0.961282787844797,0.924903819248766,0.0174453188675318,0.000201346519805135,0.120638061672982,0.374156935905635,0.0242618044556838,0,0.0489025148503199,0.179938637088974,0.696341329004009,0.0641043247499373,0.0083334679129105,0.434778513246783,2.90324920491977,0.0537817044229789,0,0.0576126963398412,0.010871948523106,0.528618920440793,10.3075675913922,1.65134757470153,7.79183782850633,0.107594443235109,0.0879031722302686,0.327490457250054,1.30410585577856,0.169709860395972,0.718208010348281,0,0,0.00425311875335177,0.778396757148401,0,10.3626881700199,4.8866621523087,0.423626469266845,0.10997551247797,3.45864787590852,0,0.0157122204907011,0.259029599195397,0.113390858509048,0.0228445779883949,0.0317409274027142,0.00032332469883175,0,0,0,0.48763935142623,0.351295725494811,0,0,3.33623934227402e-05,0,0,0.287233130534368,0,0.00524936066786465,0,0.000751742477929738,0.000100391833950747,0,0.00539597985898463,0.0213156186533909,0.000976548232136887,0.0250633556760827,0,0.00230264640171554,0.163787418972134,0.0200795289612696,0,0.0350154113075934,0.135830219268566,0.164307790523193,0,0,0.000483340692262316,0,0,0,0.0273280805751168,0,2.0008765521459,0.0702666164955929,0,0
0.400475267179524,0,0.00166254391177202,14.2539963318902,0,12.6765102562251,10.2589380131901,0.4617662363379,0.0489025148503199,0,0,9.79775502166929,0,0.056840976601919,0.00181767388512871,0.0102503249584401,0,0,0,29.655404210019,0.00225160445025454,0.00654572488282033,0.00509668604499478,0.889998595767386,0,0,0.00148373356153693,3.37025700843267,0.0134159955468459,0.0741341803999633,0,0,0,0.00488449034197053,0,0.00327554810934395,0.00282730327175911,0,0,0.0109870283410499,0,0,0,0,0,0,0,0,0,0,0,0,0,0,0,0,0,0,0,0,0,0,0,0,0,0,0,0,0,0,0,0,0,0,0,0,0,0,0,0,0,0,0,0,0,0,0,0
0,0.550243909403006,0.0522193090014481,0,0,0,0,0,0.179938637088974,0,0,0,8.99926239415679,0,0,0,0.173743781719474,4.8061419378492,2.31241423679957,0,0.000657297810955082,0.12596402096639,0.00301691425125823,0,1.52930687822425,10.1198321698063,2.20833099291738,0,0,0,0.55343920134137,0,0,3.54936330265458,0,0.0451209878797092,7.21339623882093,6.33888723599477,0.291402968615248,7.17286225411914e-05,0.0103182488472276,2.93692021727341,0.0015373438794491,0.00218046926309066,0,0,0,0,0.000818549189925487,0,0.0017366678123813,0,0,0,0,0,0,0.0595305611777973,0,7.14304898717958e-05,0,0.000364254119413619,0,0,0,0,0,0,0,0,0.00767436173006843,0,0,0.0092968947837755,0,0.000245149360169733,0,0,0,0,0,0,0,0,0.00588138850141168,0,0,0
0.242523416073633,0,0.00185520387932033,0.334417192165183,0,1.98653503998345,0.536772488003322,0.662341371961609,0.696341329004009,9.79775502166929,0,0,0,0.0246567463801532,2.49372785002326,0.0106923252356594,0,0,0,45.7290530154153,0.00485565199229918,0.00503462273664028,0.0109687274504681,0.849185243789501,0,0,0.000414432571363005,0.498506545781232,0.0103439135564962,0.0226737344763088,0,0,0,0.00724196592805202,0,0.66099160473731,0.00519866626150106,7.2860194111817e-05,0,5.31120672708471,0,0,0,0,0,0,0,0,0,0,0,0,0,0,0,0,0,0,0,0,0,0,0,0,0,0,0,0,0.00273161553389122,0,0,0,0,0,0,0,0,0,0,0,0,0,0,0,0.00445623458325668,0,0,0
0,0.275764140221016,0.0268486373515717,0,0.0012263084836216,0,0,0,0.0641043247499373,0,8.99926239415679,0,0,0,0.000109739805756743,0,0.056517522158165,0.0010666808300443,0.112998251250936,0,0.000609460679386914,0.0415980109107945,0.00290107143560561,0,13.3694169033391,5.49282332726913,2.60922440706723,0.000386725648510663,0,0,11.6446627225175,0,0,0.489703676942366,0,2.72794884887865,6.03461930549126,1.05717170553137,0.256679432800554,0.00330496259397916,0.233716912451929,6.51166569680893,0.404134127373871,0.0900795249907583,0.00363843993308622,0.0128226130696261,2.22132270514862e-05,0,0.0672720530377754,0,0.00315592322926169,0,0,0,0,0,0,0.0221101196140571,0,0,0,0.0026902970930116,0,0,0,0,0,0,0,0.000243322448527693,0.00524448938599533,0.000603213212989687,0,0.023680470506217,0,0,0,0,7.53336822900408e-05,0,0,0,0.214017299167452,5.27250187561592e-05,0.845866580538244,0.0130501961867729,0,0
14.9287664700545,0,0.000477698740980206,0.00222358550992631,1.43243988261699,6.3705003913738,1.19901888127595,17.4364948759087,0.0083334679129105,0.056840976601919,0,0.0246567463801532,0,0,0.223193070516361,0.000554952049382161,4.39799210027638e-05,0,0,0,0.000801678627929872,0.00136337808892693,0.00179474004058896,0.0245433904454597,0,0,4.22135390353191e-05,0.0162480592059282,4.35220750996334,0.00797929430861035,0,0.504539667150709,0.0439150604713745,0.360593611560699,0,0.00398256385798383,0.00189757552904873,0.0695813171210413,0,1.80560167994551,0.557724367023775,0,0,0,0,0,0,0,0,0,0,0,0,0,0,0,0,0,0,0,0,0,0,0,0,0,0,0,0,0,0,0,0,0,0,0,0,0,0,0,0,0,0,0,0.00061161633054016,0,0,0
0.755168560290926,0,0,0,3.29375317124607,0.47196445165538,0.00829839365407709,0.600558417069849,0.434778513246783,0.00181767388512871,0,2.49372785002326,0.000109739805756743,0.223193070516361,0,0,0,0,0,0.000703124662760041,0.00035045374094321,0.00152786050515274,6.22789001938732e-05,0,0,0,0,0,0.127272369950301,0,0,0,0.0267758101637986,0.0132169941029741,0.0738511151689119,3.75843387086587,0.163569148194632,0.00975941748557704,0.0162064192210518,62.5238826344902,0.0338002026141747,0.00201058218187314,1.80813715107706,0.107502585508297,0.0191870090722606,0.0190481062044716,0.0456053935896555,0.0066925760208062,0,0,0,1.57505252117011e-05,0,0.00506721080493348,0.000365675899479001,0,0.000939859711004091,0,0,0,0,0,0.00018063147856013,0.0651305762271845,0,0,0,0,0,5.10494538828401e-05,4.50412999702752e-05,6.82594357775788e-05,0,0,2.72939015146396e-05,0,0,0.000118114844317344,0,0,0,0,0.00324518901446044,0.0256143139637199,2.44470271525055,3.80122148178934,0.0112304318301924,0.00416603201350035
0.15033286583401,0.0177090297290275,0.171526504186212,0.00329298700714861,0,0.0201080126127459,0.159640917175241,0.00706427593747549,2.90324920491977,0.0102503249584401,0,0.0106923252356594,0,0.000554952049382161,0,0,0.0140235533689648,0,0.00163757239844464,0,18.3293286568084,2.7798273022744,39.7245084003002,1.86535856900161,0,0.000612622057006842,1.64430628475081,9.66096994255894,0.183262462922454,0.661450131352487,0,0,0.00722828887482763,1.30578519935098,0,0.801759440728789,0.823287901072803,0.0202982333283692,0.0063420856519595,0.0273903028186147,0,0.00425799981490083,0.0230840661874072,0,0,0,0,0,0,0,0,0,0,0,0,0,0,0,0,0,0,0,0,0,0,0,0,0,0,0,0,0,0,0,0,0,0,0,0,0,0,0,0,0,0.665378364024177,0,0,0
0.000581002797710906,0.098394237476242,1.10180040214499,0,0,0,0.000107912360056533,0.000673381475428431,0.0537817044229789,0,0.173743781719474,0,0.056517522158165,4.39799210027638e-05,0,0.0140235533689648,0,0.000284403696953851,7.24102599597325,0,0.749075126130395,0.188141356904501,6.95618111225022,0.00454869288216614,0.0206068329319962,8.71057826437287,0.262636227240801,0.00557499835947965,0.000926351328698833,0.0307452428085871,0,0,0,1.66238411543912,0,0.268117701911401,0.487799218007635,0.318924705273017,0.0604569644735578,0.00111231107829226,0.000667818836858132,0.00246867292143833,0.0229840433588895,0,0,0,0,0,0,0,0,0,0,0,0,0,0,0.00786237464358505,0,0,0,0,0,0,0,0,0,0,0,0,0,0,0,0,0,0,0,0,0,0,0,0,0,0,0.207048114731084,0,0,0
0,0,0,0,0,0,0,0,0,0,4.8061419378492,0,0.0010666808300443,0,0,0,0.000284403696953851,0,3.99272606082298,0,0,0,0,0,0,3.77156891245787,0.0027094295238061,0,0,0,0,0,0,0.00135523833688583,0,0,0,0,0.00138560735776355,0,0,0,0,0,0,0,0,0,0,0,0,0,0,0,0,0,0,0,0,0,0,0,0,0,0,0,0,0,0,0,0,0,0,0,0,0,0,0,0,0,0,0,0,0,0,0,0,0
0,0.180111118098608,0.137251689575148,0,0,0,0,0,0.0576126963398412,0,2.31241423679957,0,0.112998251250936,0,0,0.00163757239844464,7.24102599597325,3.99272606082298,0,0,0.00589469263987515,0.0874125498299622,0.0149803351643864,0,0.0783431326504262,14.7480931221389,0.714622406015072,0,0,0,0,0,0,0.462167177411959,0,0.0208923990745165,0.336597296279608,0.180556445232254,0.0255388641571853,0,0,0.00478311374263123,0.00249169988465888,0,0,0,0,0,0,0,0,0,0,0,0,0,0,0.0098786862867992,0,0,0,0,0,0,0,0,0,0,0,0,0.00323061832688318,0,0,0,0,0,0,0,0,0,0,0,0,0,0.0151367653487957,0,0,0
0,0,0,47.5882057437385,0,1.17313385782094,0.455614073705283,0.000862262521398462,0.010871948523106,29.655404210019,0,45.7290530154153,0,0,0.000703124662760041,0,0,0,0,0,0,0,0,0.521726928548389,0,0,0,4.54929475015238,0,0.00694527613415774,0,0,0,0,0,0,0,0,0,0,0,0,0,0,0,0,0,0,0,0,0,0,0,0,0,0,0,0,0,0,0,0,0,0,0,0,0,0,0,0,0,0,0,0,0,0,0,0,0,0,0,0,0,0,0,0,0,0
0.0563290916459831,0.00852472466343895,0.15509004484574,0.000749221040265279,0,0.00558293628079745,0.202251752099583,0.00615198783815794,0.528618920440793,0.00225160445025454,0.000657297810955082,0.00485565199229918,0.000609460679386914,0.000801678627929872,0.00035045374094321,18.3293286568084,0.749075126130395,0,0.00589469263987515,0,0,1.19634119312916,12.3931197778314,0.683287675562924,0,0.195324633389687,0.117479755869627,2.93782341036165,0.0705878556924497,11.8643303957459,0,0,0.00575902375901475,1.41497253918956,0,0.625603963199002,0.680271894487843,0.0126837533898224,0.00671258755990858,0.00953126142046215,0,0.000426078233112873,0.0206219500597305,0,0,0,0,0,0,0,0,0,0,0,0,0,0,0,0,0,0,0,0,0,0,0,0,0,0,0,0,0,0,0,0,0,0,0,0,0,0,0,0,0,0.371493583372059,4.99702548071505e-05,0,0
0.0660172879706843,5.7983139945552,5.12017239595403,0.00287200832130341,0,0.0134509311068022,0.146622863003548,0.00447694917258661,10.3075675913922,0.00654572488282033,0.12596402096639,0.00503462273664028,0.0415980109107945,0.00136337808892693,0.00152786050515274,2.7798273022744,0.188141356904501,0,0.0874125498299622,0,1.19634119312916,0,7.09884332712743,4.19377955513399,0.0667456901160249,0.370903210132318,3.14981121154064,1.57754546469216,0.0812108207260731,0.662982216022882,0,0,0.00355904200226298,1.54726715700312,0,5.518531881207,3.94776382066898,1.28400721204031,0.40790816548776,0.0114602298478035,0.00108918349118819,0.077792178912539,0.626556069702217,0.0199101292302259,0.00162292801706146,0.00428164294805924,0,0,0.00211657463122001,0,0.349233636879743,0.0821261743059082,0,0,0,0,0,0.0198885608082774,0,0.00180286433371386,0,0,0,0,0.0040689163251078,0.00118911808612818,0,0.00243651537841202,0,0.000668143164993465,0.0729109136459243,0.00400323349682272,0,0.00270710887886878,0.0245913070327396,0.0267248981288145,0,0,0,0,0,0,0.00857123236135001,0,5.27107554830687,0.0124294496042688,0,0
0.0837090245800014,0.253250186262357,7.91689601639464,0.000155207473278944,0,0.0184123683570158,0.102958326832183,0.0072246902363876,1.65134757470153,0.00509668604499478,0.00301691425125823,0.0109687274504681,0.00290107143560561,0.00179474004058896,6.22789001938732e-05,39.7245084003002,6.95618111225022,0,0.0149803351643864,0,12.3931197778314,7.09884332712743,0,0.726444279988789,0.00265369633869197,0.603652028037037,8.64139217215467,0.848017769848184,0.0824711901387363,0.805765812959108,0,0,0.00395218481153674,2.28285504047664,0,2.80569764711064,2.32493535021499,0.298628543800886,0.0891458146582915,0.0164245425687427,0.000907190380261824,0.00333233393725069,0.190705694257093,0.000121330974340397,0,0,0,0,0,0,0,0,0,0,0,0,0,0.00112272844744507,0,0,0,0,0,0,0,0,0,0,0,0,0,0,0,0,0,0,0,0,0,0,0,0,0,0,1.82543394701917,0,0,0
0.544941551886433,0.0138531467102379,0.161394788181117,2.9004772494251,0,1.30256625025727,4.46650129407503,0.256760619210378,7.79183782850633,0.889998595767386,0,0.849185243789501,0,0.0245433904454597,0,1.86535856900161,0.00454869288216614,0,0,0.521726928548389,0.683287675562924,4.19377955513399,0.726444279988789,0,0,0.00117626439347711,0.0405678519013911,69.8106174654527,0.426052388861839,4.33684319916149,0,0,0.00171698769601732,0.34318244842086,0,0.174809725995275,0.275260554957533,0.0225045640584002,0.00504290554248228,0.0263017295488281,0.000294413237007907,0,0.00692247286827053,0,0,0,0,0,0,0,0,0,0,0,0,0,0,0,0,0,0,0,0,0,0,0,0,0,0,0,0,0,0,0,0,0,0,0,0,0,0,0,0,0,0.0869609195409196,0,0,0
0,3.81835096384254,0.0210175325655994,0,0,0,0,0,0.107594443235109,0,1.52930687822425,0,13.3694169033391,0,0,0,0.0206068329319962,0,0.0783431326504262,0,0,0.0667456901160249,0.00265369633869197,0,0,0.596560580780805,1.80072713574616,0,0,0,0,0,0,0.141135494379568,0,0.0909081464014345,16.7930322616345,0.531747759152794,0.446714377362018,0.00052216149037082,0,3.53808364010213,0.00126996906032796,0.260198286966327,0.00353811270091237,0.00126465769839174,0,0,0.396384292043796,0,0.125393558080635,0,0,0,0,0,0,0.0355769425150286,0,0.0110115477161183,0,0.0983939673813228,0,0,0,0,0,0,0,0,0.00896980734869706,0,0,0.511659647179538,0.000404898636420067,0.00132781816947441,0,0,0,0,0,0,0,1.61825605931944e-06,0.0111840993001332,0,0,0
0.000274937510181504,0.554845342060775,12.3365855159716,0,0,0,0,0,0.0879031722302686,0,10.1198321698063,0,5.49282332726913,0,0,0.000612622057006842,8.71057826437287,3.77156891245787,14.7480931221389,0,0.195324633389687,0.370903210132318,0.603652028037037,0.00117626439347711,0.596560580780805,0,15.2740342098749,0.000213008401393586,0.00107678932175688,0.00370618538943289,0.887118341158653,0,0,1.38624648647663,0,0.21029603302362,0.954226659727131,0.651323346746505,0.0724057716661018,0.000200671790739088,0.000872005397979729,0.00555275208263398,0.0196994372967963,9.11864092113216e-05,0,0,0,0,0,0,0,0,0,0,0,0,0,0.0254439553964795,0,0,0,0,0,0,0,0,0,0,0,0,0.0033057878616079,0,0,0,0,0,0,0,0,0,0,0,0,0,0.11327724166861,0,0,0
0.00515862350356561,4.44501190700188,10.9412973251612,0,0,0.00220403734792227,0.00415302467169829,0.00103187906512541,0.327490457250054,0.00148373356153693,2.20833099291738,0.000414432571363005,2.60922440706723,4.22135390353191e-05,0,1.64430628475081,0.262636227240801,0.0027094295238061,0.714622406015072,0,0.117479755869627,3.14981121154064,8.64139217215467,0.0405678519013911,1.80072713574616,15.2740342098749,0,0.0404937095582252,0.00718198560064976,0.0130045898331422,1.56226011410098,0,1.692789291232e-05,1.27826293321168,0,0.61079379733554,1.81255600030944,0.87721378667066,0.120917134071252,0.00108265490253709,0.000758835023173818,0.0137620266969853,0.0585328237091224,0.000920415572047972,0,0,0,0,0.00145822267470769,0,0.00822539795718149,0,0,0,0,0,0,0.0423276011166742,0,0.000659788117932637,0,0.000826651810048388,0,0,0,0,0,0,0,0,0.00850755541359348,0,0,0.00379593640388139,0.00065416545948661,0.000711754041894094,0,0,0,0,0,0,0,0,0.279692566102223,0.000750149467075821,0,0
0.321032077947311,0.00428624780436574,0.0389184397475335,29.2635703177561,0,0.893111152584214,6.70783046905493,0.139010947983795,1.30410585577856,3.37025700843267,0,0.498506545781232,0.000386725648510663,0.0162480592059282,0,9.66096994255894,0.00557499835947965,0,0,4.54929475015238,2.93782341036165,1.57754546469216,0.848017769848184,69.8106174654527,0,0.000213008401393586,0.0404937095582252,0,0.539214311756583,9.39662309474802,0,0,0.00288328169434085,0.661808843681971,0,0.187985167613818,0.116006189134299,0.00677185795747247,0.00144272870324141,0.0227862544689053,0,0,0.00477867075462175,0,0,0,0,0,0,0,0,0,0,0,0,0,0,0,0,0,0,0,0,0,0,0,0,0,0,0,0,0,0,0,0,0,0,0,0,0,0,0,0,0,0.0962692998717361,0,0,0
14.8843761992397,0.000878377098474692,0.0191781236802561,0.000289129241247018,3.72727810537768,3.91740273458894,1.29086569994125,1.95867868599297,0.169709860395972,0.0134159955468459,0,0.0103439135564962,0,4.35220750996334,0.127272369950301,0.183262462922454,0.000926351328698833,0,0,0,0.0705878556924497,0.0812108207260731,0.0824711901387363,0.426052388861839,0,0.00107678932175688,0.00718198560064976,0.539214311756583,0,3.87039966739263,0,3.00947388989076,7.21986352714555,2.83221934480458,0,2.57862802186516,0.183598497989412,0.982037031117142,0.0203905836844541,14.341255077254,2.26153973899984,0,0.00228344627699376,0,0,0,0,0,0,0,0,0,0,0,0,0,0,0,0,0,0,0,0,0,0,0,0,0,0,0,0,0,0,0,0,0,0,0,0,0,0,0,0,0,0.391627393029408,0,0,0
1.43215788975998,0.00542051053547677,0.0316039443671419,0.00444503274529521,0,0.0871470174999546,16.6427615734491,0.0503878212007142,0.718208010348281,0.0741341803999633,0,0.0226737344763088,0,0.00797929430861035,0,0.661450131352487,0.0307452428085871,0,0,0.00694527613415774,11.8643303957459,0.662982216022882,0.805765812959108,4.33684319916149,0,0.00370618538943289,0.0130045898331422,9.39662309474802,3.87039966739263,0,0,0,0.00778502274629368,1.12257850480147,0,0.299414632818478,0.191158728242123,0.00963722021195133,0.000670508269137166,0.0384573728476053,0,0,0.00620178920284397,0,0,0,0,0,0,0,0,0,0,0,0,0,0,0,0,0,0,0,0,0,0,0,0,0,0,0,0,0,0,0,0,0,0,0,0,0,0,0,0,0,0.10258795230572,0,0,0
0,0,0,0,0,0,0,0,0,0,0.55343920134137,0,11.6446627225175,0,0,0,0,0,0,0,0,0,0,0,0,0.887118341158653,1.56226011410098,0,0,0,0,0,0,0,0,0,0,0,0,0,0,0,0,0,0,0,0,0,0,0,0,0,0,0,0,0,0,0,0,0,0,0,0,0,0,0,0,0,0,0,0,0,0,0,0,0,0,0,0,0,0,0,0,0,0,0,0,0
0,0,0,0,21.9121587276296,4.12063637215311,0,0.677922661158153,0,0,0,0,0,0.504539667150709,0,0,0,0,0,0,0,0,0,0,0,0,0,0,3.00947388989076,0,0,0,0,0.303027870795849,0,0,0,0,0,0.0299576316722808,2.64367214397312,0,0,0,0,0,0,0,0,0,0,0,0,0,0,0,0,0,0,0,0,0,0,0,0,0,0,0,0,0,0,0,0,0,0,0,0,0,0,0,0,0,0,0,0,0,0,0
0.269617855029263,0,0.00303301380530295,0,0.0249286480209712,0.149461078266632,0.000392504834325333,0.00743421225588181,0.00425311875335177,0,0,0,0,0.0439150604713745,0.0267758101637986,0.00722828887482763,0,0,0,0,0.00575902375901475,0.00355904200226298,0.00395218481153674,0.00171698769601732,0,0,1.692789291232e-05,0.00288328169434085,7.21986352714555,0.00778502274629368,0,0,0,1.01678494825466,0,3.41274727437956,0.161469785891413,0.159928746765175,0.0392681808862045,3.43318329002902,0.114769200774715,0,0.00313402312656606,0,0,0,0,0,0,0,0,0,0,0,0,0,0,0,0,0,0,0,0,0,0,0,0,0,0,0,0,0,0,0,0,0,0,0,0,0,0,0,0,0,1.77079575195699,0,0,0
0.363897774113359,0.54948567100405,1.1422991484259,0,1.68956638823199,0.731630123833268,0.0572282371693198,0.304491920223461,0.778396757148401,0.00488449034197053,3.54936330265458,0.00724196592805202,0.489703676942366,0.360593611560699,0.0132169941029741,1.30578519935098,1.66238411543912,0.00135523833688583,0.462167177411959,0,1.41497253918956,1.54726715700312,2.28285504047664,0.34318244842086,0.141135494379568,1.38624648647663,1.27826293321168,0.661808843681971,2.83221934480458,1.12257850480147,0,0.303027870795849,1.01678494825466,0,5.57194304774575e-06,25.6489526318498,11.6862881156364,51.6401365027318,4.96241688907967,8.63820808285727,5.58085339161304,0.199365496802487,0.485505782755911,0.000261838570918307,0.00170157149210211,0.00148867703269821,6.94317992893192e-05,0,0.00096145671678341,0,0.00781121671656521,0,0,7.5842627318609e-05,0,0,0,0.0548404311960425,0,0,0,0,0,0,0,0,0,0,0,0,0.00992786337047382,0,0,0.00340277582765415,0.000160445464747593,4.1292310305717e-05,0,0,0,0,0,0,0.000180199122447277,7.41963052653633e-05,13.883035427772,0.00154406372537048,1.67901646918288e-05,0
0,0,0,0,0.0167689503147157,0,0,0,0,0,0,0,0,0,0.0738511151689119,0,0,0,0,0,0,0,0,0,0,0,0,0,0,0,0,0,0,5.57194304774575e-06,0,0.151939116681756,0.00374878759359199,0.000208084926740028,0.000386702069513693,0.00342247791173669,0.000193209500085788,2.60516352920469e-05,0.368402548840602,0.0172594386249113,0.00430762536317975,0.00367411066613241,0.0145369636059771,0.00115479912475904,5.4707133412065e-06,0,0,2.86061967130012e-06,0,0.0116637199724296,9.30273855907869e-05,0,0.000574637092346516,0,0,4.29397959533056e-06,0,0,6.55168926229893e-05,0.0598088995063831,0,1.80258757046756e-06,0,2.81740616694935e-05,0,5.56894292363529e-06,9.26832752754216e-06,3.30770027009988e-05,0,0,5.91423345249679e-06,3.08385731649683e-06,0,6.80559224363816e-05,0,0,0,0,0.000564039449064026,0.947533684777359,0.0308184516472665,0.259032980566365,0.0363645106970156,1.2794230375404
0.618223891220799,0.5939631971047,1.5388961371463,0,2.23527691189552,0.00748974402666483,0.0235445572088577,0.0392764460305096,10.3626881700199,0.00327554810934395,0.0451209878797092,0.66099160473731,2.72794884887865,0.00398256385798383,3.75843387086587,0.801759440728789,0.268117701911401,0,0.0208923990745165,0,0.625603963199002,5.518531881207,2.80569764711064,0.174809725995275,0.0909081464014345,0.21029603302362,0.61079379733554,0.187985167613818,2.57862802186516,0.299414632818478,0,0,3.41274727437956,25.6489526318498,0.151939116681756,0,12.9877656340846,41.3559270506343,54.9196690868037,25.7510602401645,2.53411909959023,6.29318078231511,7.66136082345093,1.30852290807035,0.106779467469668,0.331303217679065,0.151946444588344,0.0336662204135975,0.181519516829787,0,0.00106615665988054,0.00909571541892077,0,0.0664414149397217,0.000469344116717938,0.000229853702536989,0.00124146065248195,0.0266164859044043,0,0.00142497549879256,0,0,0.000124534580659873,0.290782284558225,0.00171537984175666,0.0021565801288764,0,0.000968473387502423,0,0.00256639932307238,0.00636151633197675,0.00500055258466113,0.00036021359258781,0.000764948391853218,0.00581237771074259,0.000695712772282125,0,7.15539259435363e-05,0,0,0,0,0.478089695534582,0.162993698718517,13.3739033095287,1.01159589024941,0.00363596449751668,0.000562047960211891
0.144607761151469,1.45323638811133,1.83704578936869,0.00304968572462094,0.106162192314479,0.0121980671813675,0.0358532944213731,0.0082123342805572,4.8866621523087,0.00282730327175911,7.21339623882093,0.00519866626150106,6.03461930549126,0.00189757552904873,0.163569148194632,0.823287901072803,0.487799218007635,0,0.336597296279608,0,0.680271894487843,3.94776382066898,2.32493535021499,0.275260554957533,16.7930322616345,0.954226659727131,1.81255600030944,0.116006189134299,0.183598497989412,0.191158728242123,0,0,0.161469785891413,11.6862881156364,0.00374878759359199,12.9877656340846,0,23.9748404862876,14.565559852404,0.903419213713425,1.01747159235296,6.00847823155778,1.0976144752206,0.423432103008855,0.00880691154832224,0.050963023179772,0.00561872864078342,0.00204054053626557,0.463841033094989,0,0.117982064907027,0.00321786979630696,0,0.00267827223505652,0,0,0,0.371028929184802,0,0.00740082222383628,0,0.0877083323433381,0,0.0117665680872429,0.000461231324985802,0,0,0,0,0.000670519224292481,0.0194249819189647,0.000850398249152664,0,0.566110358534963,0.00257430961214409,0.00407616242904158,0,0,0,0,0,0,0.0729114521466008,0.0044221773780495,8.2152498285449,0.00695773621989161,0,0
0.0721525617136527,0.61798350341863,1.15843773919228,0,0.238779249980754,0.185126499262362,0.00308414503000444,0.0963457500154454,0.423626469266845,0,6.33888723599477,7.2860194111817e-05,1.05717170553137,0.0695813171210413,0.00975941748557704,0.0202982333283692,0.318924705273017,0,0.180556445232254,0,0.0126837533898224,1.28400721204031,0.298628543800886,0.0225045640584002,0.531747759152794,0.651323346746505,0.87721378667066,0.00677185795747247,0.982037031117142,0.00963722021195133,0,0,0.159928746765175,51.6401365027318,0.000208084926740028,41.3559270506343,23.9748404862876,0,3.65232660891528,4.40072858272473,12.3802143766426,1.82922174700881,1.10749203469585,0.0116124502430227,0.000126103469496219,0.00328354444638259,0.00056489344291441,0.000130672513128487,0.00449060233366343,0,0.00618823419706313,0.000639666364453353,0,0.000125620822299037,0,0,0,0.0819342363753241,0,0,0,0.00135979193886607,0,0.000196878087451086,0,0,0,0,0,0,0.0143041034558176,0,0,0.00447401694171951,0,4.05776397130195e-05,0,0,0,0,0,0,0.0175453555942674,0.000451440357238838,19.8871315180082,0.0126870361581402,7.64526682721332e-05,0
0.0093284498112214,0.145337813442358,0.198571531748011,0.0011696433146846,0.0064419824718179,0.0016804999515771,0.000675093913986801,0,0.10997551247797,0,0.291402968615248,0,0.256679432800554,0,0.0162064192210518,0.0063420856519595,0.0604569644735578,0.00138560735776355,0.0255388641571853,0,0.00671258755990858,0.40790816548776,0.0891458146582915,0.00504290554248228,0.446714377362018,0.0724057716661018,0.120917134071252,0.00144272870324141,0.0203905836844541,0.000670508269137166,0,0,0.0392681808862045,4.96241688907967,0.000386702069513693,54.9196690868037,14.565559852404,3.65232660891528,0,0.6756611042123,3.48899281574919,1.75995515124991,2.4866017065447,0.0141740490952885,0.000649228927536661,0.00198439281170862,0.00052762784600809,0.0011141490516132,0.00326659682873764,0,0.00161165204913837,0,0,5.78327362797289e-05,0,0,1.75024796323505e-05,0.0174758656047669,0,9.12203655331579e-06,0,0.000177772273237127,0,0.00189979418935124,0,0,0,2.50640431702141e-05,0,0,0,7.99813828418657e-05,0,0.00853806383229885,0,6.50996326459303e-05,0,0,0,0,0,0,0.00361443754342294,0.00045527809007535,35.8534380763952,0.066087155243237,0.000396938120370179,0
15.6944292799426,0.00179539111604079,0.0061445509349628,0,17.4160008812336,5.01764555997053,0.049841030870968,3.25044782294523,3.45864787590852,0.0109870283410499,7.17286225411914e-05,5.31120672708471,0.00330496259397916,1.80560167994551,62.5238826344902,0.0273903028186147,0.00111231107829226,0,0,0,0.00953126142046215,0.0114602298478035,0.0164245425687427,0.0263017295488281,0.00052216149037082,0.000200671790739088,0.00108265490253709,0.0227862544689053,14.341255077254,0.0384573728476053,0,0.0299576316722808,3.43318329002902,8.63820808285727,0.00342247791173669,25.7510602401645,0.903419213713425,4.40072858272473,0.6756611042123,0,1.39506424132066,0.00904291750902707,0.66454438015968,0.0321416501514819,0.00373700815492526,0.00461890100144948,0.0045555622248605,0.00173767091481076,0,0,0,0,0,0.000567056463236492,0,0,6.75610261557068e-05,0,0,0,0,0,0,0.00827972276283931,0,0,0,0,0,8.72444745526213e-06,0.000172608721901212,0,0,0,0,0,0,0.000102169873852928,0,0,0,0,0.0013226572993448,0.00307576836538106,10.8147983708736,0.653953375065736,0.00103671550814124,0
0.0166269262287954,0,0.000778946552374,0,16.2405061844512,0.552598044868479,0.000562853507800332,0.534910287812845,0,0,0.0103182488472276,0,0.233716912451929,0.557724367023775,0.0338002026141747,0,0.000667818836858132,0,0,0,0,0.00108918349118819,0.000907190380261824,0.000294413237007907,0,0.000872005397979729,0.000758835023173818,0,2.26153973899984,0,0,2.64367214397312,0.114769200774715,5.58085339161304,0.000193209500085788,2.53411909959023,1.01747159235296,12.3802143766426,3.48899281574919,1.39506424132066,0,0.202965880144813,0.0389142500446658,0.000989143378592508,0.000108060764053548,0.000231500832907613,0.000286783539024577,0,0,0,0,0,0,0.00016427406459931,0,0,0,0,0,0,0,0,0,0.000635925655496517,0,0,0,0,0,0,0,0,0,0,0,0,0,0,0,0,0,0,0.000792526558480111,0.000153779549153288,1.38819967394028,0.013324919138834,0.000171206321348714,3.77539808962828e-05
0,0.0436933162566586,0.0136270287301081,0,0.00240234444612658,0,0,0,0.0157122204907011,0,2.93692021727341,0,6.51166569680893,0,0.00201058218187314,0.00425799981490083,0.00246867292143833,0,0.00478311374263123,0,0.000426078233112873,0.077792178912539,0.00333233393725069,0,3.53808364010213,0.00555275208263398,0.0137620266969853,0,0,0,0,0,0,0.199365496802487,2.60516352920469e-05,6.29318078231511,6.00847823155778,1.82922174700881,1.75995515124991,0.00904291750902707,0.202965880144813,0,0.48129516744987,0.0868980909504044,0.00377295946666745,0.000211223270768293,7.24738184537054e-05,0.000341087042543209,0.0982199465992594,0,0.0063804937114703,0.000427815653784683,0,0,0,0,0,0,0,0,0,0.00311703507541023,0,0.000874718051082003,0,0,0,0,0,0,0.00179033599643362,0,0,0.0339641703128185,0,0.000342010288979542,0,0,0,0,0,0,0.111767397095293,9.85618469320036e-05,4.51581198341638,0.0397827473011437,0,0
0.00240490533352324,0.0608495105346636,0.153453821475526,0,1.34758314103123,0,0.00115340366713819,0.000184646303870772,0.259029599195397,0,0.0015373438794491,0,0.404134127373871,0,1.80813715107706,0.0230840661874072,0.0229840433588895,0,0.00249169988465888,0,0.0206219500597305,0.626556069702217,0.190705694257093,0.00692247286827053,0.00126996906032796,0.0196994372967963,0.0585328237091224,0.00477867075462175,0.00228344627699376,0.00620178920284397,0,0,0.00313402312656606,0.485505782755911,0.368402548840602,7.66136082345093,1.0976144752206,1.10749203469585,2.4866017065447,0.66454438015968,0.0389142500446658,0.48129516744987,0,24.3467962363401,28.332839613404,14.5800369444266,17.6357370445078,1.38570533695015,0.445227309062218,0.480471411319654,0.0766590839781633,1.22113343972027,0,0.982500509152842,0.263751498411604,0.0166994204474036,1.48228155202712,9.21792163638592,8.09251198517699e-05,0.241389460279394,0.0248643386654582,0.00695847802841624,0.749073852095894,2.48324312550501,0.207172526191637,0.222848040234831,0.000675860615066279,0.220192876205326,0,0.512310783132279,1.8632062577278,0.806717931381163,1.14267741483197,0.0513265753959157,0.778578020620092,0.178241802840922,0.00545202306992792,1.09891910049603,0.0726613003067623,0,0,0.271533020921977,18.4709286270154,0.474888038970114,0.870753857506127,39.9743608023372,0.00701642612038362,0.00297694312307597
0,0.0211270309339229,0.000639113486653464,0,0.0833757115896447,0,0,0,0.113390858509048,0,0.00218046926309066,0,0.0900795249907583,0,0.107502585508297,0,0,0,0,0,0,0.0199101292302259,0.000121330974340397,0,0.260198286966327,9.11864092113216e-05,0.000920415572047972,0,0,0,0,0,0,0.000261838570918307,0.0172594386249113,1.30852290807035,0.423432103008855,0.0116124502430227,0.0141740490952885,0.0321416501514819,0.000989143378592508,0.0868980909504044,24.3467962363401,0,13.8679889778697,9.15679185365268,0.395169905889167,0.113343760511964,6.43707301756515,1.20421820021764,1.3904369849085,2.79205458609162,0,0.0607926415549113,0.02711801631834,0.261391802402819,0.233852828814966,0.652331305217243,0.00293722460174404,6.79302380042278,0.00187439127308619,1.46714740151788,0.140732394431579,0.149820824958478,0.851095760304729,0.451086836735187,0.0194707167507226,0.677593227617937,0,0.506512164304075,4.12861822795497,1.27639405499166,0.405300635554162,14.1476198825226,3.03856910325241,1.60452880965917,0.178993028287253,0.373716709429036,0.908968231123713,0.00360926684844316,0,0.518147157752207,12.3026659761563,0.0224486464217045,0.452711805330651,19.9474809019737,6.41427071678812e-05,0.000105865130419991
0,0.00231252088032216,0,0,0.0167152046236904,0,0,0,0.0228445779883949,0,0,0,0.00363843993308622,0,0.0191870090722606,0,0,0,0,0,0,0.00162292801706146,0,0,0.00353811270091237,0,0,0,0,0,0,0,0,0.00170157149210211,0.00430762536317975,0.106779467469668,0.00880691154832224,0.000126103469496219,0.000649228927536661,0.00373700815492526,0.000108060764053548,0.00377295946666745,28.332839613404,13.8679889778697,0,7.94326785634498,3.31291393633496,4.08738449147305,2.28849248610977,0.00759218309638537,0.0832576095716439,0.292695331695101,0,0.0793383626587077,0.0813094088536296,0.000634072606374769,0.556441201901118,0.0294609345101865,0,14.3761829570356,0,0.117427513104214,0.429436796596732,0.0741298212308029,0.0259028181787673,0.207775540351357,0.00504941724844316,0.632181981888459,0,0.0227471841945663,0.16358831561111,0.111470829309198,0.00311515481617488,0.420394955370617,0.969406875244662,0.176706269786066,0.00113388752194239,0.739788432871575,0.00181721104192137,0,0,0.00317531460239378,44.7807621105542,0.00745981485772712,0.0278098209387464,20.0497138214467,3.78656944168458e-05,0
0,0.00769678758298215,0,0,0.0178059820101032,0,0,0,0.0317409274027142,0,0,0,0.0128226130696261,0,0.0190481062044716,0,0,0,0,0,0,0.00428164294805924,0,0,0.00126465769839174,0,0,0,0,0,0,0,0,0.00148867703269821,0.00367411066613241,0.331303217679065,0.050963023179772,0.00328354444638259,0.00198439281170862,0.00461890100144948,0.000231500832907613,0.000211223270768293,14.5800369444266,9.15679185365268,7.94326785634498,0,1.20324156075906,5.14788726287062,1.79891074566254,0,0.0648062518264187,0.391887517350542,0,0.0519650996674947,0.00769885894806455,0.000545958714355047,0.0929858155479525,0.0314794290266397,0,1.31334495364446,0,0.0539290365400368,0.0389117148308181,0.123814019587297,0.0217544446780921,0.0713749044032767,0.00363804720421285,0.17606486025103,0,0.026726525926683,0.176495602544564,0.0806665759485381,0.00194830087495092,0.169898911384065,0.40162086411681,0.0872130215303948,0.000525480612986726,0.070656953263313,0.00326054530823726,0,0,0.00408880930619462,5.14785117819495,0.00444452760005323,0.223201729967956,15.6620240860988,0.00109905596172226,0.000826836922889077
0,0,0,0,0.0585250592331116,0,0,0,0.00032332469883175,0,0,0,2.22132270514862e-05,0,0.0456053935896555,0,0,0,0,0,0,0,0,0,0,0,0,0,0,0,0,0,0,6.94317992893192e-05,0.0145369636059771,0.151946444588344,0.00561872864078342,0.00056489344291441,0.00052762784600809,0.0045555622248605,0.000286783539024577,7.24738184537054e-05,17.6357370445078,0.395169905889167,3.31291393633496,1.20324156075906,0,2.23335791234513,0.00922259270096411,0.11982523451442,0.000162585034127463,0.00426378104136023,0,13.1268337959213,15.3954030758364,0.0103617022889352,5.90778661737443,4.91306103271788,0.00114695536651607,0.00056612995395293,4.39341640598998,3.45386751411307e-05,0.536770175875985,65.5638852727342,0.00376016283426775,0.000501595936020813,0,0.000185602347504453,0,0.00306410748803825,0.00795422270501281,0.00289973976140864,1.89522416005544,0.000385557077144105,0.00189838607875654,0.000480291884325156,0.00405473096344106,0.437687792232704,0.00972756784269109,0,0.00401062942782224,0.0268680846082105,0.788240419348037,0.0285706697074043,0.0552721104283569,6.76837439630623,0.00156094518910434,1.48165712544209e-05
0,0,0,0,0.0274338420333501,0,0,0,0,0,0,0,0,0,0.0066925760208062,0,0,0,0,0,0,0,0,0,0,0,0,0,0,0,0,0,0,0,0.00115479912475904,0.0336662204135975,0.00204054053626557,0.000130672513128487,0.0011141490516132,0.00173767091481076,0,0.000341087042543209,1.38570533695015,0.113343760511964,4.08738449147305,5.14788726287062,2.23335791234513,0,0.41557922184569,0,0,5.90844953302018e-05,0,20.9175850709812,0.847332226485648,0,2.06973752075271,0,0,0.000693170084752892,0,0,3.96982793930564,0.129882448372275,0.00223240913268602,0,0,0,0,0.000157381872872966,0.000124484604534639,0.00065634207552573,0,0,8.67095035110176e-05,0.000426943230745253,0,1.59761040622315,0,0,1.16902909657979,0,4.90631042977795,0.00297344037398185,0.0284235933755896,1.60495520991118,5.79470758409542e-05,0
