0,0.000349182118190225,0.00158666852077905,0,0,15.167356538809,3.20173369694611,3.30963506951268,0.0275406762764874,0.0653372764562678,9.0077306535521e-05,5.33082041059976,0,15.0885396453083,7.49692574533366,0.0127277602035974,0,0,0.00110023969913119,0,0.0180543235862624,0.0142310336182308,0.0308889235557884,0.0877325235603017,0,0,0.00175666936710044,0.124865839673667,20.6835121379157,1.21458990348646,0,0,0.869059683178804,0.229732698440274,0,0.0180489463584527,0.01688801881867,0.0240396244014316,0,3.33540285650694,0.00842948969708268,0,0,0,0,0,0,0,0,0,0,0,0,0,0,0,0,0,0,0,0,0,0,0,0,0,0,0,0,0,0,0,0,0,0,0,0,0,0,0,0,0,0,0,0.0174647087353735,0,0,0
0.000349182118190225,0,1.15838852016153,0,0,0,0.00188277611620493,0,0.606026562614571,0.000930140491168033,1.4110226815513,0,0.0654430637839926,0,0,0.023105251517719,0.347763460223301,0.0175792870791157,0.520772168621693,0,0.0280334138674833,6.92856594633697,0.226934808215133,0.0153505566404845,7.22615941013018,0.704139635694093,3.12192741602413,0.00222578912454722,0,0.0132220518943424,0,0,0,0.979579428265102,0,0.142942566800637,1.21827866902873,0.420071573367588,0.081177400925608,0.00271816507277445,0.00112196575762319,0.00962528403708817,0.000600348416454085,0.00195818262275146,0,0,0,0,0,0,0.0448617674377429,0,0,0,0,0,0,0.0723275159151313,0,0.00157933767363261,0,0,0,0,0,0,0,0,0,0,0.0248766205023862,0,0,0.0679472691229695,0.000235989215188904,0,0,0,0,0,0,0,0,0,0.176358591994933,0,0.000113886122110506,0
0.00158666852077905,1.15838852016153,0,0.000365396334979159,0,0.000186510062523194,0.011595032190364,0,0.345204324842339,0,0.0487626201037927,0.00100280136671721,0.0028781556220695,0.000281072889914122,0,0.135989047473215,2.65986837264716,0,0.12908556654332,0,0.332947913592071,3.19319681766497,5.42107168021793,0.097260573034408,0.0134656886934098,11.4254187422831,6.58821847476014,0.0377422541457499,0.00256931826942351,0.108092216458655,0,0,0,1.68679595951661,0,1.13654403609562,1.39904005613723,0.190077316354137,0.0596952927090181,0.00890652595753896,0.00173829214568132,0.00131459380746474,0,0,0,0,0,0,0,0,0,0,0,0,0,0,0,0,0,0,0,0,0,0,0,0,0,0,0,0,0,0,0,0,0,0,0,0,0,0,0,0,0,0,0.942046118120503,0,0.0100003663499698,0
0,0,0.000365396334979159,0,0,0.00884203277636588,0.0346929439993129,0,0.00354583395670682,5.04725857069296,0,0.624772394325517,0,0,0,0.000224373724012151,0,0,0,91.6864384488882,0.000563143925969112,0.00263603773322088,0.00294635953670346,2.07930693982027,0,0,0,21.5304236251419,0,0.00137389499859399,0,0,0,0,0,0.0017321212468531,0.000111310716971024,0,0,0,0,0,0,0,0,0,0,0,0,0,0,0,0.116480083862249,0,0,0,0,0,0,0,0,0,0,0,0,0,0,0,0,0,0,0,0,0,0,0,0,0,0,0,0,0,0,0,0,0,0,0
0,0,0,0,0,6.49138183443542,0,2.46714436636437,0,0,0,0,0.000998451844518337,0.165094827616618,2.82155216306199,0,3.23527370634578e-05,0,0,0,0,0,0,0,0,0,0,0,1.418788343449,0,0,16.4654208378953,0,1.91156771047054,0.00367407583292549,0.168492041068995,0.00544448950347383,0.0901801481492313,0.0098601365444257,25.3107025853389,17.8345473287157,0.00212664922233033,0.331321335416534,0.00211059322959789,0.00404203509891516,0.00607700959363439,0.00845273765874405,0.00394874060648475,0.000112909638294346,0,0,3.1501999977769e-05,0,0,0,0,0,0,0,0,0,0,0,0,5.36228580242043e-05,0,0,0,0,0,0,1.54410884919869e-05,0,0,0,0,0,0,0,0,0,0,0.000896953968403035,0.000601962153487646,0.093096922738154,0.769421785744062,0.000608229162204628,0.000427145946730981
15.167356538809,0,0.000186510062523194,0.00884203277636588,6.49138183443542,0,2.28886983183656,8.68607444336805,0.00528967046949513,21.0403306008747,0.00119718627023474,2.52283387956651,0,6.86545884648561,1.60102305409441,0.00264336826122456,0.00148499615482522,0,0,0.873407942881627,0.00549231295127657,0.00525747830298279,0.00497882801410436,0.31468224066514,0,0,0.000842744710539689,1.07344424286709,11.1451940499166,0.050538770375547,0,2.51044677851429,0.458871602801401,3.94045388305845,0,0.0017422822475348,0.0276842206621715,0.587859930534083,0.00564731166382117,8.51234026964857,2.64964178445712,0,0,0,0,0,0,0,0,0,0,0,0,0,0,0,0,0,0,0,0,0,0,0,0,0,0,0,0,0,0,0,0,0,0,0,0,0,0,0,0,0,0,0,0,0,0,0
3.20173369694611,0.00188277611620493,0.011595032190364,0.0346929439993129,0,2.28886983183656,0,0.063917873746271,0.16715595212428,4.51169251620012,0.000455119050647701,4.29224248987906,0,1.45592332614392,0.121510201096258,0.0847727227387097,0.00506710393620132,0,0.00105439756220725,1.66176830579272,0.288284686462699,0.0415428962581544,0.246107130349166,4.09604333446122,0.000184544117422955,0.00495720965910079,0.0183960927667208,7.25529261550828,1.56707232012364,8.60239688380816,0,0,0.107676360786541,0.360377299830797,0,0.111176165056076,0.124532666155789,0.00575584849466691,0.0038768620434212,0.512408761127805,0,0,0,0,0,0,0,0,0,0,0,0,0,0,0,0,0,0,0,0,0,0,0,0,0,0,0,0,0,0,0,0,0,0,0,0,0,0,0,0,0,0,0,0,0.0460181002089147,0,0,0
3.30963506951268,0,0,0,2.46714436636437,8.68607444336805,0.063917873746271,0,0.000929476805723063,1.21394071890738,0,0.232095200269611,0,25.327934619093,0.0549547403875314,0.000110443189332839,0,0,0,0.00141138764620144,0.000687846777635844,0.000526574166676673,2.6791890450711e-05,0.0143974010969875,0,0,0,0.00820127971212385,11.592479040771,0.00246345007218637,0,2.4812381711736,0.18173106686633,0.614521718525312,0,0.000767649914778947,9.59216432555934e-05,0.0198415250460807,0.00134560996688377,0.0697713426024678,0.450127808648284,0,0,0,0,0,0,0,0,0,0,0,0,0,0,0,0,0,0,0,0,0,0,0,0,0,0,0,0,0,0,0,0,0,0,0,0,0,0,0,0,0,0,0,0,0,0,0
0.0275406762764874,0.606026562614571,0.345204324842339,0.00354583395670682,0,0.00528967046949513,0.16715595212428,0.000929476805723063,0,0.00405027843377875,0.951123954940359,1.60122755245222,0.171556246182466,0.00415231456111519,1.3619226463636,1.45234720791014,0.20596861647276,0.00431385589407095,0.22565821371734,0.0439113245882966,0.976771333075169,23.287634995282,1.76657999816266,6.20755818357485,0.904847543340007,0.149904581687724,0.448040150435874,1.48654779496797,0.00816909924907477,0.495197505431533,0,0,0.00277577900995207,0.949560107469265,3.61318140626541e-06,8.49037191506599,7.95785780829747,0.269709952584532,0.0710602613053021,2.84680604799177,0,0.00226290792435293,0.0798882000104509,0.118260636706053,0.0218049086359585,0.02044947167927,0.00259062977148476,0,0.00967970267819093,0,0.606120285116688,0.109990347080563,0,0,0,0,0,0.324632964755453,0,0.00594743689582411,0.00446125335488657,0.00602658606721941,0.000200106981841065,0,0.0023907934272594,0.030857562329884,0,0.0200665247594647,0,0.00561211229558123,0.0836056475989931,0.0144977690608166,0.00541404262239809,0.0982048891648203,0.227389739798446,0.260920963505573,2.97591280109515e-05,0,0.00136080857041788,0,0,0,0.0200602708832138,0,1.39115075654671,0.050196526583626,0.00541240363488082,0
0.0653372764562678,0.000930140491168033,0,5.04725857069296,0,21.0403306008747,4.51169251620012,1.21394071890738,0.00405027843377875,0,0,8.1067834158458,0,1.46256018559057,0.026543674937124,0.00314442163759668,0,0,0,35.4911029201143,0.005468721495318,0.00163820934882937,0.00707617947629002,0.50775095553078,0,2.26226218221891e-05,0.000749797058359081,3.74391653289588,0.00542475024712367,0.0373027934563192,0,0,0.000423891828240448,0.00654982133941617,0,0.00071983600153398,0.00892418296872591,0.000801911429881792,0,0.00883111602511784,0,0,0,0,0,0,0,0,0,0,0,0,0,0,0,0,0,0,0,0,0,0,0,0,0,0,0,0,0,0,0,0,0,0,0,0,0,0,0,0,0,0,0,0,0,0,0,0
9.0077306535521e-05,1.4110226815513,0.0487626201037927,0,0,0.00119718627023474,0.000455119050647701,0,0.951123954940359,0,0,0,17.4233834429626,0,0,0.00697177810525374,0.1622710991892,3.00150562827316,6.58781016957537,0,0.00494223130693739,1.28061071125752,0.0338537462841023,0.00258195367913154,2.87733382246722,6.43390779930152,3.43129138479887,0.00243541564066359,7.27011252764998e-05,0.00508902973592732,1.11341124742475,0,0,5.34291574646789,0,0.0836607374413074,19.8435090149806,6.17170188809498,0.220917667587266,0.000736237468306086,0.00149079404040999,1.2415738827795,0,0.00333979079219171,0,0,0,0,0.00322445330544393,0,0,0,0,0,0,0,0,0.147842871796002,0,0.000275232878650656,0,0,0,0,0,0,0,0,0,0,0.0349496034212181,0,0.000957854206113593,0.0425164154665261,0,0,0,0,0,0,0,0,0,0,0.0267665987703016,4.99789211561262e-05,0.000643477358565794,0
5.33082041059976,0,0.00100280136671721,0.624772394325517,0,2.52283387956651,4.29224248987906,0.232095200269611,1.60122755245222,8.1067834158458,0,0,0,1.35679934828075,3.68005127938255,0.00878621379782159,0,0,0,54.6941759575187,0.0233140679768696,0.0102565561332594,0.0293415370248748,1.31061888104467,0,0,0.00167352253189863,1.75648338462007,0.407459523488908,0.379663426559694,0,0,0.0556622428261851,0.0586000839383219,0,1.09824609278381,0.0108346675430774,0.00678202678866199,0.00019320980828374,4.57675351316658,0.00172471111156268,0,0,0,0,0,0,0,0,0,0,0,0,0,0,0,0,0,0,0,0,0,0,0,0,0,0,0,0,0,0,0,0,0,0,0,0,0,0,0,0,0,0,0,0.602321244472057,0,0.00119898020393388,0
0,0.0654430637839926,0.0028781556220695,0,0.000998451844518337,0,0,0,0.171556246182466,0,17.4233834429626,0,0,0,0.000818567066242012,0,0.0123324147381573,0,0.127882232548888,0,0.000599761828298673,0.0590041338522111,0.004481970621207,0.000722231392471163,13.5391746358083,3.55393227090154,2.14156498053615,0,0,0,7.87786265484336,0,0,0.319650473962536,0.000334711038129468,5.72721902602777,19.269063034303,3.26456273024333,1.01150899535314,0.0958135522421931,1.11006422771603,9.66651366303943,0.0867996469059101,0.101157646416142,0.000152644824312529,0.000891271982011397,0.000180856769666547,6.10616116977561e-05,0.0775059842063966,0,0,0.000688136854137655,0,0,0,0,0,0.0531557156854485,0,0.00499613377205991,0,0.0145689821856901,0,0,0,0,0,0,0,0.000822826412236008,0.00791937386330211,0,0,0.308109455502536,9.76869073931845e-05,0,0,0,0,0,0,0,0.0228921932975171,2.25138652005629e-05,0.734311422703347,0.0354065956434357,0.000360612056835912,0
15.0885396453083,0,0.000281072889914122,0,0.165094827616618,6.86545884648561,1.45592332614392,25.327934619093,0.00415231456111519,1.46256018559057,0,1.35679934828075,0,0,0.235527027934179,0.00245340592695992,0,0,0,0.0007880851395594,0.0032584160784795,0.000770474925009167,0.00381206546777557,0.0576385274459096,0,8.22708119702208e-05,0.000425640125430553,0.0184384738316208,5.68672813893959,0.0162126142171349,0,1.35796171759661,0.0745717398170936,0.114429062286447,0,0.000875625470242637,0.000824926853701424,0.00117167241851734,0,0.0875132549263743,0.141485097179039,0,0,0,0,0,0,0,0,0,0,0,0,0,0,0,0,0,0,0,0,0,0,0,0,0,0,0,0,0,0,0,0,0,0,0,0,0,0,0,0,0,0,0,0.000372508979486152,0,0,0
7.49692574533366,0,0,0,2.82155216306199,1.60102305409441,0.121510201096258,0.0549547403875314,1.3619226463636,0.026543674937124,0,3.68005127938255,0.000818567066242012,0.235527027934179,0,0.00080104653190792,6.38604949130331e-05,0,0,0,0.00116019984269477,0,8.45952410970692e-05,0.00881142647790502,0,0,4.9153044667169e-05,0.00193433323287685,0.967905878846282,0.00794479553159783,0,0,0.169337318647689,0.0778480575665277,0.00791326900672562,0.685893086846349,0.0131887107012864,0.014725168734605,0.0306350272253793,87.4901571255837,0.0173448013985774,0.00255276388971517,0.801626768406503,0.00399116369613807,0.00905788272798157,0.0227170579155996,0.0230887678053254,0.0205407997362028,0.00031863385692979,0,0,4.07900718129278e-05,0,0,0,0,0,0,0,0,0.000124773649925278,0,0,0,0,0.000471552683401349,0,0,0,0,8.12225011338876e-05,5.91800437445477e-05,0,0,0,0,0,0,0,0,0,0,0.00393105008959383,0.00227583575098707,0.329962558153598,1.62740603964091,0.0018847359409228,0.00063501216497404
0.0127277602035974,0.023105251517719,0.135989047473215,0.000224373724012151,0,0.00264336826122456,0.0847727227387097,0.000110443189332839,1.45234720791014,0.00314442163759668,0.00697177810525374,0.00878621379782159,0,0.00245340592695992,0.00080104653190792,0,0.0272971853837911,0,0.00825097907293375,0,28.5460823917368,1.4103997822871,53.6554327646252,1.13633577780969,0,0.0192496363388606,3.66754448135246,6.56537983525668,0.0111960105653805,0.508952033652014,0,0,0.00338062927474975,0.611082484268713,1.5109317993938e-05,0.616568951958756,1.13226628506782,0.0513369974158819,0.0213561588589313,0.0216799660648301,0,0,0,0,0,0,0,0,0,0,0,0,0,0,0,0,0,0,0,0,0,0,0,0,0,0,0,0,0,0,0,0,0,0,0,0,0,0,0,0,0,0,0,0,0.487127763978718,0,0.000383479549308481,0
0,0.347763460223301,2.65986837264716,0,3.23527370634578e-05,0.00148499615482522,0.00506710393620132,0,0.20596861647276,0,0.1622710991892,0,0.0123324147381573,0,6.38604949130331e-05,0.0272971853837911,0,0.0118106372291866,14.0299984880836,0,0.721572325691456,1.07379013524142,12.7976575879166,0.0267855339521562,0.0585218181318783,8.75735200478091,1.06546222384544,0.0165055283544709,0.000965455747149697,0.246061154849052,0,0,0,0.448856317957492,0,0.300846777482161,0.90814856500534,0.165841834788829,0.0943798748301415,0.00342161973498705,0.00139755252311721,0,0.000147755795471107,0,0,0,0,0,0,0,0,0,0,0,0,0,0,0,0,0,0,0,0,0,0,0,0,0,0,0,0,0,0,0.000729959127387242,0,0,0,0,0,0,0,0,0,0,0.193931175930036,0,0.000590202784199963,0
0,0.0175792870791157,0,0,0,0,0,0,0.00431385589407095,0,3.00150562827316,0,0,0,0,0,0.0118106372291866,0,16.2407488225724,0,0,0.0102327334426923,0.000355471882703021,0,0.00472753191302039,4.29089738043761,0.0219314516057148,0,0,0,0,0,0,0.00494973073755697,0,0.000582012131812448,0.0142153812183264,0.00371663419219215,0,0,0,0,0,0,0,0,0,0,0,0,0,0,0,0,0,0,0,0.000819727091323053,0,0,0,0,0,0,0,0,0,0,0,0,0.00121555823101993,0,0,0,0,0,0,0,0,0,0,0,0,0,0.000818771955464384,0,0,0
0.00110023969913119,0.520772168621693,0.12908556654332,0,0,0,0.00105439756220725,0,0.22565821371734,0,6.58781016957537,0,0.127882232548888,0,0,0.00825097907293375,14.0299984880836,16.2407488225724,0,0,0.0206541740673923,0.689683740558507,0.105171095571882,0.00279452795370019,0.213252983513538,15.1436577460405,1.87028802716249,0.00452403938670829,0.00065031383149599,0.00862239636933057,0.00643185166041681,0,0,0.582894720533401,0,0.0806256388735642,0.908755878507457,0.188568624912217,0.0332635197458979,0.000494666151432279,0.00108381610938658,0.00348613443208554,7.29891604663684e-05,0,0,0,0,0,0,0,0,0,0,0,0,0,0,0.00826775394453944,0,0,0,0,0,0,0,0,0,0,0,0,0.00197361275951988,0,0,0.00201000193565134,0,0,0,0,0,0,0,0,0,0,0.0676377231747865,0,0.00038355865699387,0
0,0,0,91.6864384488882,0,0.873407942881627,1.66176830579272,0.00141138764620144,0.0439113245882966,35.4911029201143,0,54.6941759575187,0,0.0007880851395594,0,0,0,0,0,0,0.00093519600085417,0.00358737872987049,0.00191025109241325,2.29377680111106,0,0,0.000663434458479616,13.7209308373574,0,0.00278070946788667,0,0,0,0,0,0,0.000555107538316859,0,0,0,0,0,0,0,0,0,0,0,0,0,0,0,0,0,0,0,0,0,0,0,0,0,0,0,0,0,0,0,0,0,0,0,0,0,0,0,0,0,0,0,0,0,0,0,0,0,0,0
0.0180543235862624,0.0280334138674833,0.332947913592071,0.000563143925969112,0,0.00549231295127657,0.288284686462699,0.000687846777635844,0.976771333075169,0.005468721495318,0.00494223130693739,0.0233140679768696,0.000599761828298673,0.0032584160784795,0.00116019984269477,28.5460823917368,0.721572325691456,0,0.0206541740673923,0.00093519600085417,0,0.460348288930686,12.1740342977222,2.33004458702757,0.00470653456633629,0.107682946697954,0.130542960146973,2.86255517150068,0.0250988806601636,14.0713666329527,0,0,0.00238959081875861,1.22908756619256,2.5907013493105e-05,0.252775639269396,0.609212058970947,0.0205216215298341,0.00551056578847676,0.00771859654204492,0,0,0,0,0,0,0,0,0,0,0,0,0,0,0,0,0,0,0,0,0,0,0,0,0,0,0,0,0,0,0,0,0,0,0,0,0,0,0,0,0,0,0,0,0.0834542860510224,0,0.000254236054478725,0
0.0142310336182308,6.92856594633697,3.19319681766497,0.00263603773322088,0,0.00525747830298279,0.0415428962581544,0.000526574166676673,23.287634995282,0.00163820934882937,1.28061071125752,0.0102565561332594,0.0590041338522111,0.000770474925009167,0,1.4103997822871,1.07379013524142,0.0102327334426923,0.689683740558507,0.00358737872987049,0.460348288930686,0,6.91529507357278,6.35492397454822,0.684381940405866,1.34066966606749,3.44272062139766,0.486449655232626,0.00430358451265895,0.227480514069984,0,0,0.000453575677687702,2.69514146461822,0,1.69899696910825,6.084439356315,0.893969243467228,0.278306427747969,0.0208366616362047,0.00726620318020033,0.0431492469972003,0.020125253093194,0.0395452982949605,0.00600593319650161,0.00310512918384441,0,0,0,0,0.634195335657356,0.0319222995401691,0,0,0,0,0,0.00228779419527031,0,0.00198066147350035,0,0.00124214050340778,0,0,0.00107280488364066,0.00198858310830393,0,0.00447535608293381,0,0.0016348785460756,0.0347394832798578,0.00555049172488552,0,0.0292543370101511,0.0554244193277391,0.0682712939661547,0,0,0,0,0,0,0.00427115707472572,0,1.66643509851431,0.0122088131399788,0.00655963074023731,0
0.0308889235557884,0.226934808215133,5.42107168021793,0.00294635953670346,0,0.00497882801410436,0.246107130349166,2.6791890450711e-05,1.76657999816266,0.00707617947629002,0.0338537462841023,0.0293415370248748,0.004481970621207,0.00381206546777557,8.45952410970692e-05,53.6554327646252,12.7976575879166,0.000355471882703021,0.105171095571882,0.00191025109241325,12.1740342977222,6.91529507357278,0,0.929258455437568,0.015828136120522,0.529487505583976,8.56025529473011,0.913372431375068,0.0403969415793061,2.18336390906332,0,0,0.00341628155916941,3.32741608904899,0,1.87951152863385,2.69749758098908,0.126821773209474,0.0472141331830656,0.0372222897482237,0.000181960964565821,0.00135408331594316,0.0007605716975936,0,0,0,0,0,0,0,0,0,0,0,0,0,0,0,0,0,0,0,0,0,0,0,0,0,0,0,0,0,0,0.000925514886215291,0,0,0,0,0,0,0,0,0,0,0.909911741508098,0,0.00517123025366411,0
0.0877325235603017,0.0153505566404845,0.097260573034408,2.07930693982027,0,0.31468224066514,4.09604333446122,0.0143974010969875,6.20755818357485,0.50775095553078,0.00258195367913154,1.31061888104467,0.000722231392471163,0.0576385274459096,0.00881142647790502,1.13633577780969,0.0267855339521562,0,0.00279452795370019,2.29377680111106,2.33004458702757,6.35492397454822,0.929258455437568,0,0.00100115796395552,0.0157183877366299,0.076770176881102,77.9292623085679,0.0700174716837678,1.02492413019214,0,0,0.0106736095430423,0.309547276623087,0,0.175629342784614,0.497091554503025,0.0156918892192609,0.00955499766120067,0.0588301597412547,0.000649815922868252,0.000799519346771332,0,0,0,0,0,0,0,0,0.000161879754052718,0,0,0,0,0,0,0,0,0,0,0,0,0,0,0,0,0,0,0,0,0,0,0,0,0,0,0,0,0,0,0,0,0,0.0769495668452818,0,0.000399831050886423,0
0,7.22615941013018,0.0134656886934098,0,0,0,0.000184544117422955,0,0.904847543340007,0,2.87733382246722,0,13.5391746358083,0,0,0,0.0585218181318783,0.00472753191302039,0.213252983513538,0,0.00470653456633629,0.684381940405866,0.015828136120522,0.00100115796395552,0,0.268198259985876,2.62568832122041,2.51941404888325e-05,0,0.00191457604654545,0.00502794758675842,0,0,0.252450897070818,0,0.265280716056802,13.0066693984896,0.486056902921857,0.0522494284787911,0,0,6.88363980838208,0.313787949455029,0.190756183843058,0.00195561893854083,0.00400330176500707,0,0,0.311779352170447,0,0.00367349387529159,0,0,0,0,0,0,0.252879614727947,0,0.0159462421787544,0,0.0527628162588199,0,0,0,0,0,0.000489659142022269,0,0,0.0677030961295977,0.000408691516593545,0,2.50083879927102,0,0.00181321619887959,0,0,0,0,0,0,0.0304168162347818,0,0.0272370334076153,0.00183251679414832,0.000218669585252337,0
0,0.704139635694093,11.4254187422831,0,0,0,0.00495720965910079,0,0.149904581687724,2.26226218221891e-05,6.43390779930152,0,3.55393227090154,8.22708119702208e-05,0,0.0192496363388606,8.75735200478091,4.29089738043761,15.1436577460405,0,0.107682946697954,1.34066966606749,0.529487505583976,0.0157183877366299,0.268198259985876,0,14.3764789741801,0.0131219100059485,0.00158239489828315,0.0505322560616297,0.674496986315428,0,0,0.663759057136567,0,0.140187708137003,0.51072483090352,0.111312647052667,0.0255396739021534,0.000678843138777682,0,0.00236984131073843,0.000377821706770353,0,0,0,0,0,0,0,0,0,0,0,0,0,0,0.00776919795149122,0,0,0,0,0,0,0,0,0,0,0,0,0.00112832586391414,0,0,0.00213138156720207,0,0,0,0,0,0,0,0,0,0,0.0758950021052876,0,0.0012155938341013,0
0.00175666936710044,3.12192741602413,6.58821847476014,0,0,0.000842744710539689,0.0183960927667208,0,0.448040150435874,0.000749797058359081,3.43129138479887,0.00167352253189863,2.14156498053615,0.000425640125430553,4.9153044667169e-05,3.66754448135246,1.06546222384544,0.0219314516057148,1.87028802716249,0.000663434458479616,0.130542960146973,3.44272062139766,8.56025529473011,0.076770176881102,2.62568832122041,14.3764789741801,0,0.0452875037619698,0.00335154334452408,0.067658097886793,0.817110106784464,0,0.00143447334063556,1.39777116578988,0,0.366062418925875,1.11235079809184,0.278466267846199,0.0448346636248421,0.00512810070864097,0.00213480197414154,0.00252961664507444,0.000400239461893946,0.002032495537844,0,0,0,0,0,0,0,0,0,0,0,0,0,0.0363200691999912,0,0,0,0.000979209906363106,0,0,0,0,0,0,0,0,0.00942241679733841,0,0,0.0146315137637821,0,0,0,0,0,0,0,0,0,0,0.17992461417914,0,0.00109893097133882,0
0.124865839673667,0.00222578912454722,0.0377422541457499,21.5304236251419,0,1.07344424286709,7.25529261550828,0.00820127971212385,1.48654779496797,3.74391653289588,0.00243541564066359,1.75648338462007,0,0.0184384738316208,0.00193433323287685,6.56537983525668,0.0165055283544709,0,0.00452403938670829,13.7209308373574,2.86255517150068,0.486449655232626,0.913372431375068,77.9292623085679,2.51941404888325e-05,0.0131219100059485,0.0452875037619698,0,0.124300942113393,5.60031902470836,0,0,0.0146633143521574,0.738629877633836,0,0.127733495107474,0.265522117817141,0.00420359800141108,0.00506343851102044,0.0224904216280116,0,0.000954661773971743,0,0,0,0,0,0,0,0,0,0,0,0,0,0,0,0,0,0,0,0,0,0,0,0,0,0,0,0,0,0,0,0,0,0,0,0,0,0,0,0,0,0,0.0323208420702504,0,0,0
20.6835121379157,0,0.00256931826942351,0,1.418788343449,11.1451940499166,1.56707232012364,11.592479040771,0.00816909924907477,0.00542475024712367,7.27011252764998e-05,0.407459523488908,0,5.68672813893959,0.967905878846282,0.0111960105653805,0.000965455747149697,0,0.00065031383149599,0,0.0250988806601636,0.00430358451265895,0.0403969415793061,0.0700174716837678,0,0.00158239489828315,0.00335154334452408,0.124300942113393,0,1.23254984835235,0,3.88503052784515,15.9208731495767,2.54439318460955,0,0.674431384479909,0.0298102030338061,0.234322971645741,0.0401861634628906,8.031793674132,0.568089693050923,0,0,0,0,0,0,0,0,0,0,0,0,0,0,0,0,0,0,0,0,0,0,0,0,0,0,0,0,0,0,0,0,0,0,0,0,0,0,0,0,0,0,0,0.526238970295676,0,6.71956335119802e-05,0
1.21458990348646,0.0132220518943424,0.108092216458655,0.00137389499859399,0,0.050538770375547,8.60239688380816,0.00246345007218637,0.495197505431533,0.0373027934563192,0.00508902973592732,0.379663426559694,0,0.0162126142171349,0.00794479553159783,0.508952033652014,0.246061154849052,0,0.00862239636933057,0.00278070946788667,14.0713666329527,0.227480514069984,2.18336390906332,1.02492413019214,0.00191457604654545,0.0505322560616297,0.067658097886793,5.60031902470836,1.23254984835235,0,0,0,0.0640575831292962,2.22633942014136,0,0.326327357525369,0.326656514560803,0.010454777117004,0.00317350728663598,0.164471606634153,0,0,0,0,0,0,0,0,0,0,0,0,0,0,0,0,0,0,0,0,0,0,0,0,0,0,0,0,0,0,0,0,0,0,0,0,0,0,0,0,0,0,0,0,0.103136902373484,0,0.000302025400689425,0
0,0,0,0,0,0,0,0,0,0,1.11341124742475,0,7.87786265484336,0,0,0,0,0,0.00643185166041681,0,0,0,0,0,0.00502794758675842,0.674496986315428,0.817110106784464,0,0,0,0,0,0,0,0,0,0,0,0,0,0,0,0,0,0,0,0,0,0,0,0,0,0,0,0,0,0,0,0,0,0,0,0,0,0,0,0,0,0,0,0,0,0,0,0,0,0,0,0,0,0,0,0,0,0,0,0,0
0,0,0,0,16.4654208378953,2.51044677851429,0,2.4812381711736,0,0,0,0,0,1.35796171759661,0,0,0,0,0,0,0,0,0,0,0,0,0,0,3.88503052784515,0,0,0,0,0.481981386571918,0,0,0,0.00626064225703768,0,0,1.03773285536678,0,0,0,0,0,0,0,0,0,0,0,0,0,0,0,0,0,0,0,0,0,0,0,0,0,0,0,0,0,0,0,0,0,0,0,0,0,0,0,0,0,0,0,0,0,0,0
0.869059683178804,0,0,0,0,0.458871602801401,0.107676360786541,0.18173106686633,0.00277577900995207,0.000423891828240448,0,0.0556622428261851,0,0.0745717398170936,0.169337318647689,0.00338062927474975,0,0,0,0,0.00238959081875861,0.000453575677687702,0.00341628155916941,0.0106736095430423,0,0,0.00143447334063556,0.0146633143521574,15.9208731495767,0.0640575831292962,0,0,0,1.38448427783372,0,1.23131194554964,0.00519176839402762,0.311550706204801,0.121776832502785,5.50975343256951,0.032619849938756,0,0,0,0,0,0,0,0,0,0,0,0,0,0,0,0,0,0,0,0,0,0,0,0,0,0,0,0,0,0,0,0,0,0,0,0,0,0,0,0,0,0,0,1.71440717760914,0,0,0
0.229732698440274,0.979579428265102,1.68679595951661,0,1.91156771047054,3.94045388305845,0.360377299830797,0.614521718525312,0.949560107469265,0.00654982133941617,5.34291574646789,0.0586000839383219,0.319650473962536,0.114429062286447,0.0778480575665277,0.611082484268713,0.448856317957492,0.00494973073755697,0.582894720533401,0,1.22908756619256,2.69514146461822,3.32741608904899,0.309547276623087,0.252450897070818,0.663759057136567,1.39777116578988,0.738629877633836,2.54439318460955,2.22633942014136,0,0.481981386571918,1.38448427783372,0,0.00013501767817904,25.0769329789492,21.4741376740083,67.091410776076,5.54511028773716,20.5920676042945,4.5059268123527,0.137893101177327,0.00927642017806592,0,6.8971017874583e-06,2.92830979237131e-05,1.73569706939662e-05,0,0,0,0,0,0,0,0,0,0,0.0299827174169744,0,0,0,0.00051911384054984,0,0,0,0,0,0,0,0,0.00594601076180802,0,0,0.00589032398160945,0,0,0,0,0,0,0,0,0,6.21746262487085e-06,14.2233292577109,0.000757188808027164,0.0439218685230454,0
0,0,0,0,0.00367407583292549,0,0,0,3.61318140626541e-06,0,0,0,0.000334711038129468,0,0.00791326900672562,1.5109317993938e-05,0,0,0,0,2.5907013493105e-05,0,0,0,0,0,0,0,0,0,0,0,0,0.00013501767817904,0,0.259706305416467,0.00316974782491558,0.00036801846574587,0.00348392247444826,0.0148625830761705,0.000447075094002381,0.000155413532949544,1.02255956281921,0.00451056478098782,0.0152337046741844,0.0253679562086011,0.163805727765521,0.0256743435218163,0.000618422754952185,0,0,5.69255028029755e-05,0,0.000876430209404912,2.75650915469434e-05,0,0,0,0,2.75471385049662e-05,0,0,0,0.00051980061757223,5.21006957619752e-06,3.89180867137651e-05,0,0,0,2.17750309746586e-05,0.000184088549744624,0.000149018879465678,0,3.58014089205606e-05,0.000118302792522652,4.50719171899605e-05,0,0,2.54427396291252e-06,0,0,0,0.00455830123482452,2.50815717722274,0.0715491470821635,0.821023569982195,0.143218958719098,2.65014855951839
0.0180489463584527,0.142942566800637,1.13654403609562,0.0017321212468531,0.168492041068995,0.0017422822475348,0.111176165056076,0.000767649914778947,8.49037191506599,0.00071983600153398,0.0836607374413074,1.09824609278381,5.72721902602777,0.000875625470242637,0.685893086846349,0.616568951958756,0.300846777482161,0.000582012131812448,0.0806256388735642,0,0.252775639269396,1.69899696910825,1.87951152863385,0.175629342784614,0.265280716056802,0.140187708137003,0.366062418925875,0.127733495107474,0.674431384479909,0.326327357525369,0,0,1.23131194554964,25.0769329789492,0.259706305416467,0,17.522640588359,51.2464983697137,49.8917171867133,23.515357001956,6.9974748806546,2.7462047383532,3.05078048826637,0.0952375937737848,0.142428341933341,0.103401779748726,0.0289220826977976,0.0363499067535066,0.027742806280817,0,0.000750215862122171,0.00863364417672548,0,0.000358347295494454,0,0,0,0.00272910379291029,0,0.00196157529005797,0,4.07220566103509e-05,0,0.000392203560079098,0.00235775280979706,0.00193688376205997,0,0.000604300231570599,0,0.00202070954492365,0.008056907938403,0.00672310635209635,0.000163509678388473,0.00110485035695435,0.00325412846839566,0.000760502314393295,0,0,0.00028514236633478,0,0,0,0.0441774034266146,0.0114148298218425,25.8282642929837,0.528408369262484,0.108247994921222,0.000874132692014098
0.01688801881867,1.21827866902873,1.39904005613723,0.000111310716971024,0.00544448950347383,0.0276842206621715,0.124532666155789,9.59216432555934e-05,7.95785780829747,0.00892418296872591,19.8435090149806,0.0108346675430774,19.269063034303,0.000824926853701424,0.0131887107012864,1.13226628506782,0.90814856500534,0.0142153812183264,0.908755878507457,0.000555107538316859,0.609212058970947,6.084439356315,2.69749758098908,0.497091554503025,13.0066693984896,0.51072483090352,1.11235079809184,0.265522117817141,0.0298102030338061,0.326656514560803,0,0,0.00519176839402762,21.4741376740083,0.00316974782491558,17.522640588359,0,44.1038356544298,10.9286075793295,0.631565631698053,2.4551157162446,8.90727097425382,0.0349878424192638,0.0254788987148385,0.00033507597695536,0.00051182785059484,0,0.000868303291133139,0.0222936874377857,0,0,0,0,0,0,0,0,0.0696701569389309,0,0.0012842147343004,0,0.00360864537020291,0,0,0,0,0,0,0,0,0.0196376639291961,0,0,0.532121566479617,0,0,0,0,0,0,0,0,0.00309886707582697,0.000275228149865912,14.7956065916001,0.0123170824253866,0.0778966441753246,2.51728751910802e-05
0.0240396244014316,0.420071573367588,0.190077316354137,0,0.0901801481492313,0.587859930534083,0.00575584849466691,0.0198415250460807,0.269709952584532,0.000801911429881792,6.17170188809498,0.00678202678866199,3.26456273024333,0.00117167241851734,0.014725168734605,0.0513369974158819,0.165841834788829,0.00371663419219215,0.188568624912217,0,0.0205216215298341,0.893969243467228,0.126821773209474,0.0156918892192609,0.486056902921857,0.111312647052667,0.278466267846199,0.00420359800141108,0.234322971645741,0.010454777117004,0,0.00626064225703768,0.311550706204801,67.091410776076,0.00036801846574587,51.2464983697137,44.1038356544298,0,3.69935044630343,11.8945082670342,15.4782534543058,2.64907210235708,0.0295258540260934,0.00132210883406854,3.48892246205274e-05,5.67794836609375e-05,0,4.17339577831865e-05,0,0,0,0,0,0,0,0,0,0.0152982509380555,0,0,0,0,0,0,0,0,0,0,0,0,0.00553154984606071,0,0,0.00100960358686666,0,0,0,0,0,0,0,0,2.47954251764895e-05,8.78084957373501e-06,28.3368290084501,0.00914753944691742,0.111455660510194,0
0,0.081177400925608,0.0596952927090181,0,0.0098601365444257,0.00564731166382117,0.0038768620434212,0.00134560996688377,0.0710602613053021,0,0.220917667587266,0.00019320980828374,1.01150899535314,0,0.0306350272253793,0.0213561588589313,0.0943798748301415,0,0.0332635197458979,0,0.00551056578847676,0.278306427747969,0.0472141331830656,0.00955499766120067,0.0522494284787911,0.0255396739021534,0.0448346636248421,0.00506343851102044,0.0401861634628906,0.00317350728663598,0,0,0.121776832502785,5.54511028773716,0.00348392247444826,49.8917171867133,10.9286075793295,3.69935044630343,0,2.28713708135103,5.49864963147417,2.58876033911839,0.0847734118516431,0.00687030711759464,0.000391268425113277,0.000875214146246854,0.000148214904956818,0.000793787872741002,0,0,0,0,0,0,0,0,0,0,0,0,0,0,0,0,0,0,0,0,0,0,0,0,0,0,0,0,0,0,0,0,0,0,4.60315502043521e-05,0.000315347446779044,35.417842383539,0.0733042141362461,0.111029273187472,0.000129791451510493
3.33540285650694,0.00271816507277445,0.00890652595753896,0,25.3107025853389,8.51234026964857,0.512408761127805,0.0697713426024678,2.84680604799177,0.00883111602511784,0.000736237468306086,4.57675351316658,0.0958135522421931,0.0875132549263743,87.4901571255837,0.0216799660648301,0.00342161973498705,0,0.000494666151432279,0,0.00771859654204492,0.0208366616362047,0.0372222897482237,0.0588301597412547,0,0.000678843138777682,0.00512810070864097,0.0224904216280116,8.031793674132,0.164471606634153,0,0,5.50975343256951,20.5920676042945,0.0148625830761705,23.515357001956,0.631565631698053,11.8945082670342,2.28713708135103,0,1.09858828607555,0.0655835786743641,1.76240004456699,0.0105172140507717,0.00970058258607252,0.0188781287768956,0.0109836230580347,0.00858259080784921,0.000360746339761161,0,0,0.000711995528043893,0,0,3.94323859206212e-05,0,0,0,0,0,0,0,0,0,6.01925210412358e-05,0.000621230909142382,0,0,0,1.48691055559943e-05,0.0015125429961225,0.000103481132899957,0,0,7.46393351498334e-05,6.01697608060201e-05,0,0,0.00015987885021842,0,0,0,0.00467872077173549,0.00124341255053201,14.8283058495176,2.71464114330921,0.0134058320335577,0.000205330167939722
0.00842948969708268,0.00112196575762319,0.00173829214568132,0,17.8345473287157,2.64964178445712,0,0.450127808648284,0,0,0.00149079404040999,0.00172471111156268,1.11006422771603,0.141485097179039,0.0173448013985774,0,0.00139755252311721,0,0.00108381610938658,0,0,0.00726620318020033,0.000181960964565821,0.000649815922868252,0,0,0.00213480197414154,0,0.568089693050923,0,0,1.03773285536678,0.032619849938756,4.5059268123527,0.000447075094002381,6.9974748806546,2.4551157162446,15.4782534543058,5.49864963147417,1.09858828607555,0,0.237117175261976,0.0237635666637531,0.00011785859145594,0.000486208357500948,0.000439702572334148,9.07405122322208e-05,0.000433281849629905,0,0,0,0,0,0,0,0,0,0,0,0,0,0,0,0,0,3.22930326730226e-05,0,0,0,0,0,0,0,0,0,9.95785177588008e-06,0,0,0,0,0,0,2.55608204424535e-05,9.0722906253589e-06,4.71170001474027,0.0560878536036996,0.00457075939028262,4.35435024183327e-05
0,0.00962528403708817,0.00131459380746474,0,0.00212664922233033,0,0,0,0.00226290792435293,0,1.2415738827795,0,9.66651366303943,0,0.00255276388971517,0,0,0,0.00348613443208554,0,0,0.0431492469972003,0.00135408331594316,0.000799519346771332,6.88363980838208,0.00236984131073843,0.00252961664507444,0.000954661773971743,0,0,0,0,0,0.137893101177327,0.000155413532949544,2.7462047383532,8.90727097425382,2.64907210235708,2.58876033911839,0.0655835786743641,0.237117175261976,0,0.0584074433465221,0.0297058321901318,0,0.000344462673518703,0,0.000299280042736993,0.0457422123733803,0,0,0,0,0,0,0,0,0,0,0,0,0.000262671937181005,0,0,0,0,0,0,0,0,0.0018449237230016,0,0,0.739115532194035,0.000799009643518075,0,0,0,0,0,0,0,0.0113927620575281,3.17693761776953e-06,0.633222156458705,0.0366741867843287,0,0
0,0.000600348416454085,0,0,0.331321335416534,0,0,0,0.0798882000104509,0,0,0,0.0867996469059101,0,0.801626768406503,0,0.000147755795471107,0,7.29891604663684e-05,0,0,0.020125253093194,0.0007605716975936,0,0.313787949455029,0.000377821706770353,0.000400239461893946,0,0,0,0,0,0,0.00927642017806592,1.02255956281921,3.05078048826637,0.0349878424192638,0.0295258540260934,0.0847734118516431,1.76240004456699,0.0237635666637531,0.0584074433465221,0,28.3082075225778,38.5803677001526,34.8136584454828,22.5997212028067,4.04352400606057,0.874274253482481,0.162372483631039,0.10080451039789,1.56249762218967,0,0.00313361707752492,0.152986230184936,0.0333819123768061,0.0315511418383027,6.82958862589753,0.000561432413886856,0.396006861102812,0.168577160554662,0.0152133335565714,0.0651841378858593,0.0299354471151596,0.438824415790347,0.469578475457033,0,0.185455456941374,0.00124944939804597,0.49161411714606,1.87791140627048,1.02881721029601,1.71993981389736,0.0404778596115436,0.544837833016174,0.29420072892605,0.00936658979061091,0.0141498121181514,0.115987642745535,0.000785089144838972,0,0.0758051377838969,21.9811842852974,0.201931364761493,0.123686903031542,42.915867511541,0.0151701568762927,0.016971978531344
0,0.00195818262275146,0,0,0.00211059322959789,0,0,0,0.118260636706053,0,0.00333979079219171,0,0.101157646416142,0,0.00399116369613807,0,0,0,0,0,0,0.0395452982949605,0,0,0.190756183843058,0,0.002032495537844,0,0,0,0,0,0,0,0.00451056478098782,0.0952375937737848,0.0254788987148385,0.00132210883406854,0.00687030711759464,0.0105172140507717,0.00011785859145594,0.0297058321901318,28.3082075225778,0,12.6850995928926,6.96093832056751,1.72068486394917,0.0171851088941965,13.5413142745656,0.278664138696363,0.315116939606035,2.94848982091757,0,0,0.12329177549568,0.0887400840092732,0.0331857199805548,0.13524448426442,0.00164082405905144,8.0102392758401,0.0160810399360579,2.48803445671309,0.0857588057535222,0.0191699356396901,1.18289902635705,1.02655470431176,0.00159268371229732,0.660005547575964,0.00117794339972072,1.11697776539646,8.88153137763388,2.67956127321923,0.159681413232046,14.3746958082263,2.69909107384269,1.42107856332425,0.0248789986368078,0.0278600793820169,0.190400317766813,0.0147139529908571,0,0.159183437621667,18.2874271112135,0.000995163525519639,0.00195149224733784,19.3143060493795,0,0
0,0,0,0,0.00404203509891516,0,0,0,0.0218049086359585,0,0,0,0.000152644824312529,0,0.00905788272798157,0,0,0,0,0,0,0.00600593319650161,0,0,0.00195561893854083,0,0,0,0,0,0,0,0,6.8971017874583e-06,0.0152337046741844,0.142428341933341,0.00033507597695536,3.48892246205274e-05,0.000391268425113277,0.00970058258607252,0.000486208357500948,0,38.5803677001526,12.6850995928926,0,6.20240584488638,12.8728574701604,5.34888524233525,3.91574615489325,0.147009005569406,0.0210428848382208,0.40817946690283,0,0.00179149756808528,0.668365293919631,0.00458720242051375,0.13575016972562,0.00606904728028722,0,18.2080241268202,0.000721044534774538,0.882131005335129,0.109485284484004,0.011706206197044,0.0365755102553169,0.575119816118738,0.00171210192418447,0.380003705338922,0,0.0905650080282169,0.192002797950714,0.257688641747805,0.00641267528957941,0.679038410191326,0.534925255101864,0.190825821215966,0.000646109176517626,0.112876463361418,0.0229601585835339,0.000938974850668836,0,0.0658209934994873,49.3603515636449,0.00672931944555359,0.00453215303400416,22.7077131973651,0.00156562263028275,0.00133717976277256
0,0,0,0,0.00607700959363439,0,0,0,0.02044947167927,0,0,0,0.000891271982011397,0,0.0227170579155996,0,0,0,0,0,0,0.00310512918384441,0,0,0.00400330176500707,0,0,0,0,0,0,0,0,2.92830979237131e-05,0.0253679562086011,0.103401779748726,0.00051182785059484,5.67794836609375e-05,0.000875214146246854,0.0188781287768956,0.000439702572334148,0.000344462673518703,34.8136584454828,6.96093832056751,6.20240584488638,0,4.23669179909402,5.89194842797261,2.64352920598704,0.01000391687922,0.0393271377410633,0.505179234856981,0,0.0126868763907806,0.0139449852326041,0.00042473444178058,0.00403523713116744,0.00447584306062383,0,1.17174656060697,0.000479690058284013,0.0565390663674437,0.00190278149457511,0,0.0678569031266367,0.320771178458615,0,0.143238179788544,0,0.109878128431406,0.328982364739507,0.183255238653734,0.00173739807217687,0.0897985329781424,0.303536220613667,0.0833776410723031,0.000568122069226566,0.0130063323924242,0.0240571906624209,0,0,0.00949044386037011,5.22948183041761,0.0135219437789561,0.0210331326554333,40.2760054793882,0.00786110351430586,0.00314262942816205
0,0,0,0,0.00845273765874405,0,0,0,0.00259062977148476,0,0,0,0.000180856769666547,0,0.0230887678053254,0,0,0,0,0,0,0,0,0,0,0,0,0,0,0,0,0,0,1.73569706939662e-05,0.163805727765521,0.0289220826977976,0,0,0.000148214904956818,0.0109836230580347,9.07405122322208e-05,0,22.5997212028067,1.72068486394917,12.8728574701604,4.23669179909402,0,6.02272873697885,0.0361358509550389,1.20932980593561,0.00159295910257617,0.0139155754216521,0,24.8845705755992,22.6262777817702,0.102736044356932,0.798243702970008,6.64730070406294,0.0030933056994252,0.00321258103375362,6.82168173374016,4.69497230388971e-05,0.691259087638863,70.5835810809991,0.0462176364181596,0.00125122639312629,0,0.000757351897400941,0.00253630685457365,0.0216641192975715,0.0599817682960751,0.0198905051391357,1.78143250627636,0.000192597457890893,0.00298729814200478,0.00173925701406492,0.00809142630250192,1.76455916771742,0.181581675278357,0,0.0387804728889142,2.23893694540343,12.3868079443122,0.101946444916722,0.00566898996612285,15.0833890813734,0.0066226667476643,0.00151125614833462
0,0,0,0,0.00394874060648475,0,0,0,0,0,0,0,6.10616116977561e-05,0,0.0205407997362028,0,0,0,0,0,0,0,0,0,0,0,0,0,0,0,0,0,0,0,0.0256743435218163,0.0363499067535066,0.000868303291133139,4.17339577831865e-05,0.000793787872741002,0.00858259080784921,0.000433281849629905,0.000299280042736993,4.04352400606057,0.0171851088941965,5.34888524233525,5.89194842797261,6.02272873697885,0,0.00743287326374616,0.0052846368303866,0,0.000725274803692975,0,15.3378225264158,6.01378763195008,0,2.20192992535002,0,0,0,0,0,0.637077037264878,0,0,0,0,0,0,1.65079279696036e-05,0,0.000394954275393245,0,0,9.67059089721577e-05,1.32755795786314e-05,0,0.531552935763388,0,0,3.26912631791139,0.00290302827345382,2.68428463996523,0.0132297954913334,0.0278365443488089,5.61261341287644,0.0112895944355154,0.00368099143268016
