0,0,0,0,0.000664584028786198,5.2556256972295,2.45871517934088,2.45678077363857,0.0018587735151018,0.0104533878869149,0,0.0344326103247107,0,10.3993949270479,0.0218075760672738,0.0209923748556692,0,0,0,0,0.00808290811263372,0.00396769896147311,0.00944110806753409,0.00501985786010169,0,0,0,0.0590859651656225,12.4382715491929,5.64376714198651,0,0,0.433489517826957,0.220546498320776,0,0.138024447027011,0.0516915492983051,0.0624403123750454,0.00571089112721212,0.964004874969981,0.00797130234703181,0,0,0,0,0,0,0,0,0,0,0,0,0,0,0,0,0,0,0,0,0,0,0,0,0,0,0,0,0,0,0,0,0,0,0,0,0,0,0,0,0,0,0,0.126310949916044,0,0,0
0,0,1.41273118642666,0,0,0,0.000847849886148611,0,1.07704607436421,0,0.144473691678646,0,0.118733660427887,0,0,0.0337340267801809,0.0207876266351824,0,0.00322106184432935,0,0.00981293074955714,5.17815551879685,0.482938158968901,0.00692078830544385,6.27186565816657,0.199509516757229,1.59417781273134,0.00775346829840517,0,0.00672809010671657,0,0,0,0.0943320298200516,0,0.0159186922077607,1.07373150984773,0.0830961849271784,0.00762379122480977,0,0.00560600634873118,0.056775124233184,0,0,0,0,0,0,0,0,0.0983278511369829,0,0,0,0,0,0,2.67840010860295,0,0,0,0.0061189681860874,0,0,0,0,0,0,0,0,0.700806195796111,0,0,0.0636142702177556,0.000233019464611196,0.000733011893027616,0,0,0,0,0,0,0,0,0.0392220012448798,0,0,0
0,1.41273118642666,0,0,0,1.74767383358931e-05,0.00114487103675996,0,1.31136782130994,0,0.38617846459369,2.20349624224445e-05,0.0275752056662858,0,0,0.0492004967478167,2.36745721729328,0.00570781759471506,0.770978568236041,0,0.0951394965915002,2.0234463363625,5.88887760870509,0.0692277191434114,0.22405380664518,14.1315534245894,7.72068515922076,0.0393664216509483,3.54936339053673e-05,0.0213098593698005,0.00192109689490731,0,0.00111119932761031,3.46820815228493,0,0.0843925998053996,2.52650965507401,2.04693676313859,0.0894563036106544,0.00206895620110987,0.00354430935023617,0.0255461599701199,0,0,0,0,0,0,0,0,0.00226944347131719,0,0,0,0,0,0,0.123362034082786,0,0,0,0.000602494714601706,0,0,0,0,0,0,0,0,0.00415031815620764,0,0,0.000532657325569459,0,0,0,0,0,0,0,0,0,0,0.0941809691541879,0,0.000326166133289563,0
0,0,0,0,0,0.0570216099353821,0.0440512800651645,0,0.0016953269954372,7.291108291013,0,0.0794998851384238,0,0,0,0,0,0,0,63.2290512429271,0,0,0,1.8229215082951,0,0,0,17.7248339558877,0,0,0,0,0,0.00116273709164803,0,0.003731125524427,0.00485080899001411,0,0,0,0,0,0,0,0,0,0,0,0,0,0,0,0,0,0,0,0,0,0,0,0,0,0,0,0,0,0,0,0,0,0,0,0,0,0,0,0,0,0,0,0,0,0,0,0,0,0,0
0.000664584028786198,0,0,0,0,7.84039369989748,0,0.315478404179715,0,0,0,0,0,0.041762006499824,1.17576781026106,0,0,0,0,0,0,0,0,0,0,0.000822867162083803,0,0,0.40046052299236,0,0,11.5314536499525,0.0316671284541469,3.43452969468848,0,0,0.00570153913865831,0.122239376705974,0,19.9071507696292,14.4669805889291,0,0,0,0,0,0,0,0,0,0,0,0,0,0,0,0,0,0,0,0,0,0,0,0,0,0,0,0,0,0,0,0,0,0,0,0,0,0,0,0,0,0,0,0,0,0,0
5.2556256972295,0,1.74767383358931e-05,0.0570216099353821,7.84039369989748,0,4.020336752007,9.04804822817963,0.00337036222766917,19.5803156769654,0.0037451180332304,0.992128040570462,0,3.04722666685175,2.76301536505423,0.00848065660061125,0.000682644873160609,0,0.000670815478430009,0.720349163000288,0.00454738332085925,0.00018616800153765,0.00649247658412868,0.945126580376195,0,0.00116915496987902,0.00064090247752836,1.0760938687558,7.36697211145582,0.394440143319702,0,2.57044584462009,0.761624715114148,3.69824991987648,0,0.0434110450988834,0.106161446964232,0.713226272919008,0.00837472644400456,4.16589172913388,1.73645262709984,0,0,0,0,0,0,0,0,0,0,0,0,0,0,0,0,0,0,0,0,0,0,0,0,0,0,0,0,0,0,0,0,0,0,0,0,0,0,0,0,0,0,0,0.0172923258889677,0,0,0
2.45871517934088,0.000847849886148611,0.00114487103675996,0.0440512800651645,0,4.020336752007,0,0.951134598561402,0.0340695492029756,4.80517971679156,0.000151759478435657,1.8595305021862,0,0.189990295993106,0.00849925384861307,0.184820521005413,0.0036084711058193,0,0,0.435304992595069,0.151012921185444,0.0229306707336077,0.0945427490078273,0.918672957386754,2.81087337516981e-05,0.000254888724277459,0.00336588438846621,3.87516488139704,0.584480109206872,22.0708538176549,0,0,0.123621010533091,0.411147941095796,0,0.212823386592144,0.412516779430752,0.0233109100402812,0.0034262971035257,0.199338936092075,0.0064985105771135,0,0,0,0,0,0,0,0,0,0,0,0,0,0,0,0,0.000195235677554838,0,0,0,0,0,0,0,0,0,0,0,0,0,0,0,0,0,0,0,0,0,0,0,0,0,0,0.0870462237730242,0,0.00136174057238089,0
2.45678077363857,0,0,0,0.315478404179715,9.04804822817963,0.951134598561402,0,0,1.03508347318111,0.000467120537942477,0.311302879384076,0,33.451248692755,0.00147047555973738,0.000803695578722508,0,0,0,0.00129450653533408,0,0,0.000946594717866789,0.00173651087848966,0,0.000308860262854153,0,0.0144142997453158,7.57396310966845,0.0285936978345567,0,2.36694077567535,0.382635658743833,0.573625830809646,0,0.00203270915665616,0.00324680754003764,0.0997470797703824,0.000673147598562601,0.0765569082579235,0.119051725323478,0,0,0,0,0,0,0,0,0,0,0,0,0,0,0,0,0,0,0,0,0,0,0,0,0,0,0,0,0,0,0,0,0,0,0,0,0,0,0,0,0,0,0,0.000758457279125003,0,0,0
0.0018587735151018,1.07704607436421,1.31136782130994,0.0016953269954372,0,0.00337036222766917,0.0340695492029756,0,0,0.00146640420934684,0.0869259894506091,0.601306376117838,0.00930854061696971,0,2.5637477274626,0.374856771330549,0.018959552029832,0.00173618795110182,0.027976486899404,0.0106678546996487,0.296082077302167,11.6041839992284,1.1342272604881,10.5531901663158,0.178997196081957,0.325116274695012,1.05336469884348,1.29167841547314,0.000976539124802053,0.163062369478218,0,0,0.0018339324345697,0.416387851284418,0,9.05373093444668,2.26394698985062,0.271927876921899,0.0429024495271157,4.94889665441022,0.00184245815662359,0.0262244799064524,0.00597195006098528,0.00173741817981261,0.000965777470744653,0,9.20695090684256e-05,0,0.000466090303816669,0,0.0424980970925563,0.00137498807421699,0,0,0,0,0,1.0911064996547,3.26564518021797e-05,0,0,0,0,0,0,0,0,0,0,0,0.00562371922403618,0,0,0.0052907963606447,0.000197246991500074,0.00443429159972167,5.99212314012195e-05,0,0,0,0,0,0,0,1.50697288335367,0.00244061823446564,0.0206601697119156,0
0.0104533878869149,0,0,7.291108291013,0,19.5803156769654,4.80517971679156,1.03508347318111,0.00146640420934684,0,0,12.0065013449727,0,0.412034773328941,0.00427099033016146,0.00175511803996982,0,0,0,22.5315298949599,0.00188645327156567,1.98575581307162e-05,0.00155879766595834,0.72571979122771,0,0,0,2.26881792514424,0.00386634814006482,0.16026631927936,0,0,0.00140239175469159,0.00849882716630977,0,0.00296449482046673,0.00360674019833887,1.70082655487001e-05,0,0.0399511100983834,0,0,0,0,0,0,0,0,0,0,0,0,0,0,0,0,0,0,0,0,0,0,0,0,0,0,0,0,0,0,0,0,0,0,0,0,0,0,0,0,0,0,0,0,0.0010661820387316,0,0,0
0,0.144473691678646,0.38617846459369,0,0,0.0037451180332304,0.000151759478435657,0.000467120537942477,0.0869259894506091,0,0,0,25.5941939504227,0.000573268241449279,0,0.000911126123743471,0.0827424226576485,6.35403027936261,3.78630804908507,0,0.00508132497138453,0.0298639432673156,0.0496732358490191,0.000615092602774948,2.08413953296015,18.132911510287,1.37902038133361,0.00182810407626888,0.00422104666108155,0.00250064360581905,1.26541204287326,0,0.00093050057151868,5.26049502317736,0,0.00758994172153051,6.69850247036367,4.39819988611019,0.0604625782512161,0,0.00255158049892897,2.03544528293748,0,0,0,0.0012356463586497,0,0,0,0,0,0,0,0,0,0,0,0.0940439995029563,0,0,0,0.00121670370484134,0,0,0,0,0,0,0,0,0.00230164991121217,0,0,0.00177578577644277,0,0,0,0,0,0,0,0,0,0,0.00263226501946862,0,0,0
0.0344326103247107,0,2.20349624224445e-05,0.0794998851384238,0,0.992128040570462,1.8595305021862,0.311302879384076,0.601306376117838,12.0065013449727,0,0,0,0.0633422155799842,4.21295445637814,0.00121512817810775,0,0,0,57.6359277096742,0.00109715499528115,0.00178843686665409,0.00282825690014039,0.893040294923543,0,0,3.92748320117448e-05,0.545896281885051,0.0246059184031226,0.130424454460604,0,0,0.00852692825460342,0.025883751618833,0,0.232920090683908,0.0211578783093052,0.00341818847183751,0.000142094732414542,7.13961616250081,6.06872630194155e-05,0,0,0,0,0,0,0,0,0,0,0,0,0,0,0,0,0,0,0,0,0,0,0,0,0,0,0,0,0,0,0,0,0,0,0,0,0,0,0,0,0,0,0,0.0569261794902757,0,0.001204618697391,0
0,0.118733660427887,0.0275752056662858,0,0,0,0,0,0.00930854061696971,0,25.5941939504227,0,0,0,0,0,0,0,0.0110339450705845,0,0,0.0102360859559876,0.00443048004403789,8.38942045078143e-05,15.2415804741562,4.93393221607017,2.64796204988215,0,0,0,4.48213169110223,0,0,0.109962037300176,0.00125847952737579,9.15348191760705,9.86414291901106,0.788742767229213,0.524214083061621,0.048757990683198,0.104485238878464,10.5716391775092,0.0870822279510336,0.0188951786957224,0,0.000671290279407044,0.000138370821541637,0,0.0389513952935399,0,0.0217746017029699,0,0,0,0,0,0,0.0322320585339757,0,0.00696186155064698,0,0.0335015066820295,0,0,0,0,0,0,0,0,0.00401516934909172,0,0,0.091329444094428,0.000593598503858952,0.00114902003085034,0,0,0,0,0,0,0,6.88031349406327e-05,1.32590017188098,0.00422257470942257,0.000351469529576869,0.000348829536340925
10.3993949270479,0,0,0,0.041762006499824,3.04722666685175,0.189990295993106,33.451248692755,0,0.412034773328941,0.000573268241449279,0.0633422155799842,0,0,0.00184932067909295,0.000313641668284188,0,0,0,0,0,0,0,0.00116238576599585,0,0,0,0.00306473879045327,12.92472099237,0.0273265895438725,0,0.197230489086596,0.170642474937225,0.119904456035145,0,0.00107535552091037,0.00517146935659252,0.0188483760190423,0,0.100698739890539,0.0424541155280978,0,0,0,0,0,0,0,0,0,0,0,0,0,0,0,0,0,0,0,0,0,0,0,0,0,0,0,0,0,0,0,0,0,0,0,0,0,0,0,0,0,0,0,9.69676222187642e-05,0,0,0
0.0218075760672738,0,0,0,1.17576781026106,2.76301536505423,0.00849925384861307,0.00147047555973738,2.5637477274626,0.00427099033016146,0,4.21295445637814,0,0.00184932067909295,0,0,0,0,0,0.0102769827004038,0,0,0,0.00880214299627048,0,0,0,0.00115208517253141,0.00307867008560279,0,0,0,0,0,0.00638233173582272,0.0307527471983145,0.0018857411706759,0.00195288214389167,0.0012033116702662,64.1681657723944,0.014621365199252,0,0.0657949044899298,0.00162686191061617,0.000185175895655617,0.00102521016039872,0.0116195378434227,0.00200100348573631,0.000711822486973746,0,0,0,0,0,0,0,0,0,0,0.000569836858872217,0,0,0,0,0,0,0,0.000485173138415848,0,0,0,0,0,0,2.26687480934984e-05,0,0,0,0,0,0,0,0,0.00162292189746373,0.00505257267522167,0.0717611556684842,0.00105380758809792,0.00198804374377202
0.0209923748556692,0.0337340267801809,0.0492004967478167,0,0,0.00848065660061125,0.184820521005413,0.000803695578722508,0.374856771330549,0.00175511803996982,0.000911126123743471,0.00121512817810775,0,0.000313641668284188,0,0,0,0,0.00189248756831623,0.00465053964912239,13.0357997601367,4.78888385466091,33.809678381006,1.36447327616019,0.000136805806914433,0.00377557878936701,1.73464099220891,8.96346926759851,0.0039190804134286,0.473551103965491,0,0,0.0111438596662929,0.178145650601265,0,0.0798778863213896,0.756950503328147,0.0106679178531053,0.0025946867716677,0.00171335814529402,0,0,0,0,0,0,0,0,0,0,0,0,0,0,0,0,0,0.00645369886801505,0,0,0,0,0,0,0,0,0,0,0,0,0,0,0,0,0,0,0,0,0,0,0,0,0,0,0.0973352534035658,0,0,0
0,0.0207876266351824,2.36745721729328,0,0,0.000682644873160609,0.0036084711058193,0,0.018959552029832,0,0.0827424226576485,0,0,0,0,0,0,0.00226688093739899,19.3260021935552,0,0.320580570553456,0.0347777416579149,8.02118117047737,0.0016453037111495,0,7.08392218614456,0.0216575170369711,0.00980255145800785,0,0.0939644955587276,0,0,0,0.533840231968643,0,0.0478671639951209,0.256990307528667,0.117540914579496,0.0110235692883342,0,0,0.00290241691125828,0,0,0,0,0,0,0,0,0,0,0,0,0,0,0,0,0,0,0,0,0,0,0,0,0,0,0,0,0,0,0,0,0,0,0,0,0,0,0,0,0,0,0.0751938169675831,0,0.000142442245359293,0
0,0,0.00570781759471506,0,0,0,0,0,0.00173618795110182,0,6.35403027936261,0,0,0,0,0,0.00226688093739899,0,19.2476443975031,0,0,0,0.000503564533914379,0,0.000436461215853615,6.37700396489912,0.00188087661949341,0,0,0,0,0,0,0.0089452933505456,0,0,0.00694069461021001,0.0122088598571434,0,0,0,0,0,0,0,0,0,0,0,0,0,0,0,0,0,0,0,0.00136531224471816,0,0,0,0,0,0,0,0,0,0,0,0,0,0,0,0,0,0,0,0,0,0,0,0,0,0,0,0,0,0
0,0.00322106184432935,0.770978568236041,0,0,0.000670815478430009,0,0,0.027976486899404,0,3.78630804908507,0,0.0110339450705845,0,0,0.00189248756831623,19.3260021935552,19.2476443975031,0,0,0.0105433225083003,0.0106527529921932,0.199970955658611,0.000666956648951011,0.00692416229178924,7.967803499756,0.0419347969121552,0.00112328797411964,0.000541244046075987,0.00372208230249488,0,0,0,0.641659192821833,0,0.00383019951581619,0.268885597788608,0.24958821543638,0.0136284475659969,0,0,0.00500881967831996,0,0,0,0,0,0,0,0,0,0,0,0,0,0,0,0.0229223313765224,0,0,0,0,0,0,0,0,0,0,0,0,0,0,0,0,0,0,0,0,0,0,0,0,0,0,0.00999336609488812,0,0,0
0,0,0,63.2290512429271,0,0.720349163000288,0.435304992595069,0.00129450653533408,0.0106678546996487,22.5315298949599,0,57.6359277096742,0,0,0.0102769827004038,0.00465053964912239,0,0,0,0,0,0,0,2.28546233063679,0,0,0,4.99532345990048,0,0.0408448512086131,0,0,0,0.000138119744147873,0,0.00147527614654855,0.00437573763384551,0,0,0.00509465856790743,0,0,0,0,0,0,0,0,0,0,0,0,0,0,0,0,0,0,0,0,0,0,0,0,0,0,0,0,0,0,0,0,0,0,0,0,0,0,0,0,0,0,0,0,0.00111086815154666,0,0,0
0.00808290811263372,0.00981293074955714,0.0951394965915002,0,0,0.00454738332085925,0.151012921185444,0,0.296082077302167,0.00188645327156567,0.00508132497138453,0.00109715499528115,0,0,0,13.0357997601367,0.320580570553456,0,0.0105433225083003,0,0,0.947526465440947,8.06099389262453,0.523312742552057,0.00559682752523183,0.0334138324926236,0.0832188948214401,2.7367647691081,0.00543243244303659,11.905600673928,0,0,0.0115810940644408,0.882406068108723,0,0.367586700093643,1.22448237000504,0.0430968820132794,0.00416883960465433,0.00549404888391109,0.000854641171961532,0.000475903785301428,0,0,0,0,0,0,0,0,0,0,0,0,0,0,0,0.00229500052206692,0,0,0,0,0,0,0,0,0,0,0,0,4.71776734248391e-05,0,0,0,0,0,0,0,0,0,0,0,0,0,0.38784698035505,0,0.00258729556379581,0
0.00396769896147311,5.17815551879685,2.0234463363625,0,0,0.00018616800153765,0.0229306707336077,0,11.6041839992284,1.98575581307162e-05,0.0298639432673156,0.00178843686665409,0.0102360859559876,0,0,4.78888385466091,0.0347777416579149,0,0.0106527529921932,0,0.947526465440947,0,5.69545156272327,4.80703081402126,0.114317377616593,0.18501516551525,2.2045576236624,0.627049635573036,7.18388272602771e-05,0.158704857520617,0,0,0.00442108258010992,0.639189839224987,0,0.304044150320053,2.67385052776358,0.337094549928144,0.0391795341782735,0.00112332924223436,0.00341545060053565,0.00540574135148106,0.00793167885337559,0.0115796509832972,0.00109663522535586,0.0017824833658121,0,0,0,0,0.520003754489405,0.00645130058977113,0,0,0,0,0,0.206067609030018,0,0,0,0,0,0,0,0,0,0,0,0,0.177098749483733,0.00343144759954262,0,0.00429656440579639,0.0010087559026204,0.0207369694831301,0,0,0,0,0,0,0.00079433618920698,0,0.524894524013964,0.00597994107207002,0.00105746889122668,0
0.00944110806753409,0.482938158968901,5.88887760870509,0,0,0.00649247658412868,0.0945427490078273,0.000946594717866789,1.1342272604881,0.00155879766595834,0.0496732358490191,0.00282825690014039,0.00443048004403789,0,0,33.809678381006,8.02118117047737,0.000503564533914379,0.199970955658611,0,8.06099389262453,5.69545156272327,0,0.433134927845995,0.039044743196168,0.555417615620532,10.2403098839948,1.01328802724516,0.00281290067724919,1.56810836794313,0,0,0.00592992881828983,2.93408486080372,0,1.09687809283015,5.18262574394323,0.757956478912894,0.0616316458678065,0.00572967550309172,0.00400268991536282,0.00898251276680647,0,0,0,0,0,0,0.000109754192045217,0,0,0,0,0,0,0,0,0.0417690376016013,0,0,0,0,0,0,0,0,0,0,0,0,0.000619930147520932,0,0,0.000956846438105077,0,0,0,0,0,0,0,0,0,0,1.01368127100323,0,0.000957912298572371,0
0.00501985786010169,0.00692078830544385,0.0692277191434114,1.8229215082951,0,0.945126580376195,0.918672957386754,0.00173651087848966,10.5531901663158,0.72571979122771,0.000615092602774948,0.893040294923543,8.38942045078143e-05,0.00116238576599585,0.00880214299627048,1.36447327616019,0.0016453037111495,0,0.000666956648951011,2.28546233063679,0.523312742552057,4.80703081402126,0.433134927845995,0,0.00149051659704243,0.0060105277925084,0.0577510846296524,50.8877116824804,0.00480874074399075,0.36175240001664,0,0,0.00965039038910426,0.137281832943315,0,0.362504799615529,0.668858995210579,0.0180864502510382,0.00136364671254362,0.0391668394210784,0.000586419234251252,2.35502523766701e-05,0,0,0,0,0,0,0,0,0,0,0,0,0,0,0,0.0068641403730787,0,0,0,0,0,0,0,0,0,0,0,0,0,0,0,0,0,0,0,0,0,0,0,0,0,0,0.136470432373393,0,0.00176877911410271,0
0,6.27186565816657,0.22405380664518,0,0,0,2.81087337516981e-05,0,0.178997196081957,0,2.08413953296015,0,15.2415804741562,0,0,0.000136805806914433,0,0.000436461215853615,0.00692416229178924,0,0.00559682752523183,0.114317377616593,0.039044743196168,0.00149051659704243,0,0.695763533524421,3.68196680248667,0.00192546723911196,0,6.50192515336996e-05,0.00418538644956723,0,0,0.0632931149185887,0,0.00426609103382201,4.46934298773566,0.105896524485698,0.0177995513472877,0,0,10.675199591439,0.000105949201842628,0.0627882949424503,0.00710834061866145,0.0205788492124886,0,0,1.96656235572124,0,0.590101627371023,0,0,0,0,0,0,0.305068867235891,0,0.0992252038828435,0,0.727050814789448,0,0,0,0.000459347552378975,0,0.0016783910779147,0,0,0.0323166354336801,0,0,2.77715674895151,0.00127414610247234,0.00558397865807827,0,0,0,0,0,0,0.0013332161043234,0,0.000700137967074799,0,0,0
0,0.199509516757229,14.1315534245894,0,0.000822867162083803,0.00116915496987902,0.000254888724277459,0.000308860262854153,0.325116274695012,0,18.132911510287,0,4.93393221607017,0,0,0.00377557878936701,7.08392218614456,6.37700396489912,7.967803499756,0,0.0334138324926236,0.18501516551525,0.555417615620532,0.0060105277925084,0.695763533524421,0,9.4755809089005,0.0071551721764014,0.00118082466601333,0.0154352053763621,0.352058604068888,0,0,2.1386137901402,0,0.020115420374286,2.71446965252568,1.14095540613694,0.0319813257923169,0,0.000929051112685111,0.0690486603129067,4.1816718390467e-05,0,0,0,0,0,0,0,0.00138194880061044,0,0,0,0,0,0,0.157483894782979,0,0,0,0.000346690381967038,0,0,0,0,0,0,0,0,0.00334724870833436,0,0,0.000762477841398015,0,0,0,0,0,0,0,0,0,0,0.0156915761527256,0,0,0
0,1.59417781273134,7.72068515922076,0,0,0.00064090247752836,0.00336588438846621,0,1.05336469884348,0,1.37902038133361,3.92748320117448e-05,2.64796204988215,0,0,1.73464099220891,0.0216575170369711,0.00188087661949341,0.0419347969121552,0,0.0832188948214401,2.2045576236624,10.2403098839948,0.0577510846296524,3.68196680248667,9.4755809089005,0,0.0596926756726037,0.000739937441621471,0.0367634108648385,0.592759114875522,0,0,0.542321974022924,0,0.0516504606410015,3.19718013509872,0.503805520175079,0.0269997343280826,0,0.000442165663288452,0.0582250342782933,5.1029511794835e-05,0.000486940579852668,0,0,0,0,0.000688063264135147,0,0.0127181287896339,0,0,0,0,0,0,0.533999094542086,0,0,0,0.00131655868580003,0,0,0,0,0,0,0,0,0.0141611172952459,0,0,0.00967214161289717,0,0,0,0,0,0,0,0,0,0,0.0428406606406316,0,0,0
0.0590859651656225,0.00775346829840517,0.0393664216509483,17.7248339558877,0,1.0760938687558,3.87516488139704,0.0144142997453158,1.29167841547314,2.26881792514424,0.00182810407626888,0.545896281885051,0,0.00306473879045327,0.00115208517253141,8.96346926759851,0.00980255145800785,0,0.00112328797411964,4.99532345990048,2.7367647691081,0.627049635573036,1.01328802724516,50.8877116824804,0.00192546723911196,0.0071551721764014,0.0596926756726037,0,0.050215722920566,3.1227706865797,0,0,0.047123945889173,0.897082806550525,0,0.25058785528019,2.09181811867365,0.013083088049185,0.00207993833490152,0.0237309214528213,0.000451058562780899,4.2437857970196e-05,0,0,0,0,0,0,0,0,0,0,0,0,0,0,0,0.00697570106765096,0,0,0,0,0,0,0,0,0,0,0,0,0.000376712536796283,0,0,0,0,0,0,0,0,0,0,0,0,0,0.147079469688967,0,9.23051676536418e-05,0
12.4382715491929,0,3.54936339053673e-05,0,0.40046052299236,7.36697211145582,0.584480109206872,7.57396310966845,0.000976539124802053,0.00386634814006482,0.00422104666108155,0.0246059184031226,0,12.92472099237,0.00307867008560279,0.0039190804134286,0,0,0.000541244046075987,0,0.00543243244303659,7.18388272602771e-05,0.00281290067724919,0.00480874074399075,0,0.00118082466601333,0.000739937441621471,0.050215722920566,0,2.94623276682503,0,2.48338965284336,8.53206553316305,1.7821752939041,0,0.321862625396716,0.0336690318198572,0.562590093027388,0.0282547832810327,3.21818510022799,0.267201653315434,0,0,0,0,0,0,0,0,0,0,0,0,0,0,0,0,0,0,0,0,0,0,0,0,0,0,0,0,0,0,0,0,0,0,0,0,0,0,0,0,0,0,0,0.148873986424677,0,0.000666036972931687,0
5.64376714198651,0.00672809010671657,0.0213098593698005,0,0,0.394440143319702,22.0708538176549,0.0285936978345567,0.163062369478218,0.16026631927936,0.00250064360581905,0.130424454460604,0,0.0273265895438725,0,0.473551103965491,0.0939644955587276,0,0.00372208230249488,0.0408448512086131,11.905600673928,0.158704857520617,1.56810836794313,0.36175240001664,6.50192515336996e-05,0.0154352053763621,0.0367634108648385,3.1227706865797,2.94623276682503,0,0,0,0.0949164280522972,1.20321128094585,0,0.436377679481319,1.24760412310707,0.0447806918212054,0.00565538767266438,0.188667086459293,0.00536236827771134,0.000644872649873562,0,0,0,0,0,0,0,0,0,0,0,0,0,0,0,0.00159359925825843,0,0,0,0,0,0,0,0,0,0,0,0,0,0,0,0,0,0,0,0,0,0,0,0,0,0,0.239176995287708,0,0.0021462858858302,0
0,0,0.00192109689490731,0,0,0,0,0,0,0,1.26541204287326,0,4.48213169110223,0,0,0,0,0,0,0,0,0,0,0,0.00418538644956723,0.352058604068888,0.592759114875522,0,0,0,0,0,0,0.00148973996775444,0,0,0.002929204683615,0,0,0,0,0,0,0,0,0,0,0,0,0,0,0,0,0,0,0,0,0,0,0,0,0,0,0,0,0,0,0,0,0,0,0,0,0,0,0,0,0,0,0,0,0,0,0,0,0,0,0
0,0,0,0,11.5314536499525,2.57044584462009,0,2.36694077567535,0,0,0,0,0,0.197230489086596,0,0,0,0,0,0,0,0,0,0,0,0,0,0,2.48338965284336,0,0,0,0.00266284510085563,0.518879808135524,0,0,0,0.0120603690930531,0,0.0203138856180854,1.31238340153488,0,0,0,0,0,0,0,0,0,0,0,0,0,0,0,0,0,0,0,0,0,0,0,0,0,0,0,0,0,0,0,0,0,0,0,0,0,0,0,0,0,0,0,0,0,0,0
0.433489517826957,0,0.00111119932761031,0,0.0316671284541469,0.761624715114148,0.123621010533091,0.382635658743833,0.0018339324345697,0.00140239175469159,0.00093050057151868,0.00852692825460342,0,0.170642474937225,0,0.0111438596662929,0,0,0,0,0.0115810940644408,0.00442108258010992,0.00592992881828983,0.00965039038910426,0,0,0,0.047123945889173,8.53206553316305,0.0949164280522972,0,0.00266284510085563,0,1.39803902955937,0,1.1732254311419,0.0632125181613416,0.647916855134946,0.0934621906983105,3.32320452244346,0.146222013418595,0,0,0,0,0,0,0,0,0,0,0,0,0,0,0,0,0,0,0,0,0,0,0,0,0,0,0,0,0,0,0,0,0,0,0,0,0,0,0,0,0,0,0,1.09579892747962,0,0,0
0.220546498320776,0.0943320298200516,3.46820815228493,0.00116273709164803,3.43452969468848,3.69824991987648,0.411147941095796,0.573625830809646,0.416387851284418,0.00849882716630977,5.26049502317736,0.025883751618833,0.109962037300176,0.119904456035145,0,0.178145650601265,0.533840231968643,0.0089452933505456,0.641659192821833,0.000138119744147873,0.882406068108723,0.639189839224987,2.93408486080372,0.137281832943315,0.0632931149185887,2.1386137901402,0.542321974022924,0.897082806550525,1.7821752939041,1.20321128094585,0.00148973996775444,0.518879808135524,1.39803902955937,0,0,15.9379941658127,12.544462640036,53.1967093326456,3.60654671876441,7.82183840760792,4.20454521551435,0.169219162385445,0,0,0,0,0,0,0,0,0.00182893360968699,0,0,0,0,0,0,0.066606869008704,0,0,0,0,0,0,0,0,0,0,0,0,0.00351112628768073,0,0,0,0,0,0,0,0,0,0,0,0,0,10.9663223775862,0,0.0351622813119935,0
0,0,0,0,0,0,0,0,0,0,0,0,0.00125847952737579,0,0.00638233173582272,0,0,0,0,0,0,0,0,0,0,0,0,0,0,0,0,0,0,0,0,0.215736232639406,6.08350764440834e-05,0.000216517419495341,0.000724635570478122,0.0127469354581749,0.000351821495060174,7.28236447609305e-05,1.19964119417353,0.00706295915124863,0.0051290261120429,0.0409517071972639,0.20892564717572,0.0476649214471605,0.000806329588277271,1.11821772988841e-05,3.4112971074026e-05,0.0002503495401897,0,0,8.07043563731794e-06,3.32366427452638e-05,0,5.53043006142943e-06,0,0.00964087319182144,0,0.000791325836324316,0,0.0121051841039665,1.19711476360787e-05,8.37889101346229e-05,0,0.00011531574454038,0,2.4218425215836e-06,4.53079833903996e-05,0.000121250425160865,0,0,0.000353688413531966,0.000111431696261119,1.56691893608577e-05,0,1.01733027903401e-05,0,0,0,0.00105599109976983,1.51363404218052,0.0446856724204187,0.517979363582086,0.0272371580475685,2.10352911794944
0.138024447027011,0.0159186922077607,0.0843925998053996,0.003731125524427,0,0.0434110450988834,0.212823386592144,0.00203270915665616,9.05373093444668,0.00296449482046673,0.00758994172153051,0.232920090683908,9.15348191760705,0.00107535552091037,0.0307527471983145,0.0798778863213896,0.0478671639951209,0,0.00383019951581619,0.00147527614654855,0.367586700093643,0.304044150320053,1.09687809283015,0.362504799615529,0.00426609103382201,0.020115420374286,0.0516504606410015,0.25058785528019,0.321862625396716,0.436377679481319,0,0,1.1732254311419,15.9379941658127,0.215736232639406,0,10.4958939586789,28.271706659817,59.4010996029193,19.0990461145026,6.98669949021635,4.00770315812436,0.542300293867729,0.0124452054205617,0.000939029220296222,0.0143897984472602,0.0220861889423357,0.0101130607709406,0.0137271079963312,0,0,3.51243583306029e-05,0,0,0,0,0,0.0667566545055292,0,0.00466267461993503,0,0.026320749463046,0,3.79464003488969e-05,0,0,0,0,0,0,0.000855362385575658,0,0,0,4.16190290978093e-05,7.82934890734346e-05,0,0,0,0,0,0,0.000115380104813891,0.0076729111457731,20.2018530917765,0.0582073328256026,0.0680821032223522,0.00459505881049425
0.0516915492983051,1.07373150984773,2.52650965507401,0.00485080899001411,0.00570153913865831,0.106161446964232,0.412516779430752,0.00324680754003764,2.26394698985062,0.00360674019833887,6.69850247036367,0.0211578783093052,9.86414291901106,0.00517146935659252,0.0018857411706759,0.756950503328147,0.256990307528667,0.00694069461021001,0.268885597788608,0.00437573763384551,1.22448237000504,2.67385052776358,5.18262574394323,0.668858995210579,4.46934298773566,2.71446965252568,3.19718013509872,2.09181811867365,0.0336690318198572,1.24760412310707,0.002929204683615,0,0.0632125181613416,12.544462640036,6.08350764440834e-05,10.4958939586789,0,44.342551308589,9.85364676116006,0.12941863431505,0.739481554926772,15.5739734767707,3.41529627421815e-05,0,0,0,0,0,0.0152622116522033,0,0.0416534155137585,0,0,0,0,0,0,0.621263723187419,0,0.0050432217282692,0,0.00607464262587546,0,0,0,0,0,0,0,0,0.0200905685512448,0,0,0.123431755263183,0,0.000824518122923543,0,0,0,0,0,0,0,0,9.09069586510644,0.000254839986918028,0.0147366537233435,0
0.0624403123750454,0.0830961849271784,2.04693676313859,0,0.122239376705974,0.713226272919008,0.0233109100402812,0.0997470797703824,0.271927876921899,1.70082655487001e-05,4.39819988611019,0.00341818847183751,0.788742767229213,0.0188483760190423,0.00195288214389167,0.0106679178531053,0.117540914579496,0.0122088598571434,0.24958821543638,0,0.0430968820132794,0.337094549928144,0.757956478912894,0.0180864502510382,0.105896524485698,1.14095540613694,0.503805520175079,0.013083088049185,0.562590093027388,0.0447806918212054,0,0.0120603690930531,0.647916855134946,53.1967093326456,0.000216517419495341,28.271706659817,44.342551308589,0,4.46368953133701,7.51393039111249,12.1687072695388,2.15235728156478,0.000127025052674089,0,0,1.64625584196817e-05,0,0.000234400754205904,0,0,0,0,0,0,0,0,0,0.0862489041435997,0,0,0,0,0,0,0,0,0,0,0,0,0.00145305335116142,0,0,0.00458186400324787,0,0,0,0,0,0,0,0,0,7.20864514951603e-06,16.8493643798151,2.75907667907291e-05,0.0786470389398739,0
0.00571089112721212,0.00762379122480977,0.0894563036106544,0,0,0.00837472644400456,0.0034262971035257,0.000673147598562601,0.0429024495271157,0,0.0604625782512161,0.000142094732414542,0.524214083061621,0,0.0012033116702662,0.0025946867716677,0.0110235692883342,0,0.0136284475659969,0,0.00416883960465433,0.0391795341782735,0.0616316458678065,0.00136364671254362,0.0177995513472877,0.0319813257923169,0.0269997343280826,0.00207993833490152,0.0282547832810327,0.00565538767266438,0,0,0.0934621906983105,3.60654671876441,0.000724635570478122,59.4010996029193,9.85364676116006,4.46368953133701,0,0.999127389328823,4.6629973120575,2.65406736375405,0.00195853381875573,0,0,0.000381654267561442,2.43775486747765e-05,0,0,0,0,0,0,0,0,0,0,0.00863505078497484,0,0,0,0,0,0,0,0,0,0,0,0,0,0,0,0,0,0,0,0,0,0,0,0,0,0,35.4102834491586,0.00149755415831293,0.091893353636654,0.000115169928375848
0.964004874969981,0,0.00206895620110987,0,19.9071507696292,4.16589172913388,0.199338936092075,0.0765569082579235,4.94889665441022,0.0399511100983834,0,7.13961616250081,0.048757990683198,0.100698739890539,64.1681657723944,0.00171335814529402,0,0,0,0.00509465856790743,0.00549404888391109,0.00112332924223436,0.00572967550309172,0.0391668394210784,0,0,0,0.0237309214528213,3.21818510022799,0.188667086459293,0,0.0203138856180854,3.32320452244346,7.82183840760792,0.0127469354581749,19.0990461145026,0.12941863431505,7.51393039111249,0.999127389328823,0,2.15100205103505,0.014820428372599,0.375058077608368,0.00176835304078804,0.000413843936624944,0.00286266928749406,0.0045537461071101,0.00171372969716404,0,0,0,2.14343762412194e-05,0,0,0,0,0,0,0,0.000950228577400951,0,0,0,0,0,0,0,0,0,0,0,0,0,0,0,4.1618268932825e-05,0,0,0,0,0,0,0.000713808424276098,0.000354247194210503,6.90824686295289,0.219889112123224,0.00953839403416763,0.00242422197817342
0.00797130234703181,0.00560600634873118,0.00354430935023617,0,14.4669805889291,1.73645262709984,0.0064985105771135,0.119051725323478,0.00184245815662359,0,0.00255158049892897,6.06872630194155e-05,0.104485238878464,0.0424541155280978,0.014621365199252,0,0,0,0,0,0.000854641171961532,0.00341545060053565,0.00400268991536282,0.000586419234251252,0,0.000929051112685111,0.000442165663288452,0.000451058562780899,0.267201653315434,0.00536236827771134,0,1.31238340153488,0.146222013418595,4.20454521551435,0.000351821495060174,6.98669949021635,0.739481554926772,12.1687072695388,4.6629973120575,2.15100205103505,0,0.189311270685009,0.00212768717050327,0,0,0,0,0,0,0,0,0,0,0,0,0,0,0,0,0.000129609894616244,0,0,0,0,0,0,0,0,0,0,0,0,0,0,0,0,0,0,0,0,0,0,0,0,3.90663601763781,0.00114912100021889,0.0178498450243905,0
0,0.056775124233184,0.0255461599701199,0,0,0,0,0,0.0262244799064524,0,2.03544528293748,0,10.5716391775092,0,0,0,0.00290241691125828,0,0.00500881967831996,0,0.000475903785301428,0.00540574135148106,0.00898251276680647,2.35502523766701e-05,10.675199591439,0.0690486603129067,0.0582250342782933,4.2437857970196e-05,0,0.000644872649873562,0,0,0,0.169219162385445,7.28236447609305e-05,4.00770315812436,15.5739734767707,2.15235728156478,2.65406736375405,0.014820428372599,0.189311270685009,0,0.000550259044241973,0.000937470744026558,0,0.0059653889354222,0,0,0.081864531307572,0,0.0905516392294655,0,0,0,0,0,0,0.0228072729365101,0,0.00669955342225011,0,0.00393139093134987,0,0,0,0,0,0,0,0,0,0,0,0.199186130733853,0,0.00221283645005732,0,0,0,0,0,0,0,0,1.68552689852811,0,9.26702343894518e-05,0
0,0,0,0,0,0,0,0,0.00597195006098528,0,0,0,0.0870822279510336,0,0.0657949044899298,0,0,0,0,0,0,0.00793167885337559,0,0,0.000105949201842628,4.1816718390467e-05,5.1029511794835e-05,0,0,0,0,0,0,0,1.19964119417353,0.542300293867729,3.41529627421815e-05,0.000127025052674089,0.00195853381875573,0.375058077608368,0.00212768717050327,0.000550259044241973,0,29.3729411675508,27.5306299876447,37.0104505412605,13.9367493964852,3.98722093660585,0.807362707064604,0.310137545696596,0.370571254758228,2.17117069848205,0.00194655243394623,0,0.23293294834304,0.0953363354503809,0.0734641377587308,1.65570312867657,0.0367443950305088,1.41836739525698,0.0287012166417939,0.749850160036467,0.0782245317335979,0.0568551193959649,0.31420359148122,0.454918811579381,0.00634770325532745,0.491687192391123,0.00190807876751732,0.122355073290897,1.05155641699408,0.715317033502175,2.4866069572062,0.101267627817372,1.61769222317258,0.574412497555289,0.0471315235563508,0.0378083188849986,0.19846613467854,0.0005062655881458,0,0.0919343623739359,7.82028650365068,0.247427532546146,0.0666269728716706,18.9241493954732,0.00297817006685804,0.0360073712079913
0,0,0,0,0,0,0,0,0.00173741817981261,0,0,0,0.0188951786957224,0,0.00162686191061617,0,0,0,0,0,0,0.0115796509832972,0,0,0.0627882949424503,0,0.000486940579852668,0,0,0,0,0,0,0,0.00706295915124863,0.0124452054205617,0,0,0,0.00176835304078804,0,0.000937470744026558,29.3729411675508,0,10.815781990529,6.74769054433041,1.75247894133814,0.0452924634488264,8.35435502216883,3.08790942830382,1.27802306024524,2.24972191691527,0.000551979594263369,0,1.84637944537538,1.55253855421531,0.419945133810618,0.231610443990582,0.454901494689072,9.2284755988508,0.0866042960535373,2.93476536552203,0.623224269677625,0.0484646588869892,1.0377084344692,0.312751512536626,0.0147446612511803,0.39363663318356,0.0115374730300567,0.278613394678787,3.67018444228339,1.52458440204986,0.115162975020466,6.61152429943082,3.00312672575299,2.75433318523084,0.329170715255228,0.179457071586358,2.57126850235935,0.00326764663199107,0,0.344341659190297,10.4637978434589,0.00193804748680068,0.00103303737778559,20.9863483264855,7.16257531466597e-05,0.000572220556021211
0,0,0,0,0,0,0,0,0.000965777470744653,0,0,0,0,0,0.000185175895655617,0,0,0,0,0,0,0.00109663522535586,0,0,0.00710834061866145,0,0,0,0,0,0,0,0,0,0.0051290261120429,0.000939029220296222,0,0,0,0.000413843936624944,0,0,27.5306299876447,10.815781990529,0,6.60341790252018,7.60817471494085,6.70628746090693,1.4905270346519,0.30056616402082,0.0516558119423349,0.801527452754368,0,0.0053538725618254,1.16745466770372,0.0169491841715673,0.276507149575476,0.0123704423372098,0.00622168084205253,19.3563309111633,0.00268185494452952,0.443003442561162,0.069629602911307,0.000610255722114216,0.0636785785834396,0.300195312929428,0.0134473176220502,0.431419020549022,0,0.016949102067289,0.138488806813174,0.274820227371488,0.00213173578968637,0.22040321077142,1.34426683969282,0.215768901466608,0.00792958096736513,0.0453093006446623,0.0296139811821589,3.24480611442017e-05,0.00145901793709874,0.158189211402401,30.6354062210179,0.00189470826489403,0.000703292287249548,15.804734308705,0.000143861922505227,0.00144489501047897
0,0,0,0,0,0,0,0,0,0,0.0012356463586497,0,0.000671290279407044,0,0.00102521016039872,0,0,0,0,0,0,0.0017824833658121,0,0,0.0205788492124886,0,0,0,0,0,0,0,0,0,0.0409517071972639,0.0143897984472602,0,1.64625584196817e-05,0.000381654267561442,0.00286266928749406,0,0.0059653889354222,37.0104505412605,6.74769054433041,6.60341790252018,0,4.49652728688253,4.14727906587025,3.14002440096848,0.0528587200606941,0.0368668856712443,0.319358453719003,0,0,0.0298349026694464,0.00604602285682853,0.0169309537160151,0.00590262053409193,0.00431733725326406,3.39347619295617,0.000832763149390351,0.261777810693355,0.0131668631846063,0.0297405773863551,0.0165242460557907,0.079368271340343,0.000820974946908207,0.116757075906823,0,0.00701709855867644,0.142127576439695,0.076431948262031,0.00116874139852389,0.121824242285569,0.293640287096408,0.0714178012012528,0.00363463989525641,0.00259374983798406,0.00631521542897551,3.99985991870664e-05,0,0.028540869073803,2.87229170707967,0.00937315092581172,0.0122654966677384,29.3788250869964,0.00478389862505018,0.0365599948202261
0,0,0,0,0,0,0,0,9.20695090684256e-05,0,0,0,0.000138370821541637,0,0.0116195378434227,0,0,0,0,0,0,0,0,0,0,0,0,0,0,0,0,0,0,0,0.20892564717572,0.0220861889423357,0,0,2.43775486747765e-05,0.0045537461071101,0,0,13.9367493964852,1.75247894133814,7.60817471494085,4.49652728688253,0,4.64348722437102,0.0302732078054655,1.18385136786486,0.0020139994932198,0.0139985803424111,0.00272151966604209,20.0807405281225,22.7311939914952,0.291241723129705,0.573183673105824,7.54673277494334,0.201698675936543,0.161328298674235,5.60595684757077,0.00881157037372606,0.361456132128813,68.5571218224987,0.038197404439233,0.00371432864467889,5.85494170649604e-05,0.00257700918559423,0.0156859481392587,0.00436927373959341,0.0233899839547526,0.0135700704228117,4.73478308808205,0.00012249880117079,0.00665947555257691,0.00529942790479274,0.100572420677913,0.124469678257266,0.0450990669966001,0,0.0143552118962415,1.12120197643721,5.32820483201675,0.0552620922612121,0.00908640909700189,4.60471369969793,0.0105924020240551,0.0727957128350487
0,0,0,0,0,0,0,0,0,0,0,0,0,0,0.00200100348573631,0,0,0,0,0,0,0,0,0,0,0,0,0,0,0,0,0,0,0,0.0476649214471605,0.0101130607709406,0,0.000234400754205904,0,0.00171372969716404,0,0,3.98722093660585,0.0452924634488264,6.70628746090693,4.14727906587025,4.64348722437102,0,0.0128704604494112,0.00996363527320067,0,0.000655780348762022,0,13.8640705495404,7.69762467165627,0,0.884485359241712,0,0.000289390043687662,0.696884143646315,0,0.00369821480564613,0.0511719211747872,0.135456612661629,0,0.00137726719455433,0,9.23751569456555e-05,0,4.09758162749246e-05,5.31574748251877e-05,7.71651102083122e-05,0,0,0.000418841631695362,0.000870399855267536,0,0.0105133813910848,0.000767026245186689,0,1.38798086332416,0.0165239599644675,1.79629409002823,0.0124129719849255,0.0130495068163726,3.25772581139383,0.00332461284691681,0.0385175552044632
0,0,0,0,0,0,0,0,0.000466090303816669,0,0,0,0.0389513952935399,0,0.000711822486973746,0,0,0,0,0,0,0,0.000109754192045217,0,1.96656235572124,0,0.000688063264135147,0,0,0,0,0,0,0,0.000806329588277271,0.0137271079963312,0.0152622116522033,0,0,0,0,0.081864531307572,0.807362707064604,8.35435502216883,1.4905270346519,3.14002440096848,0.0302732078054655,0.0128704604494112,0,0,0.540861076143452,0.0213686170036813,0,0,0,0.00113163433139202,0,0.00385813009472598,0.000457680563799773,5.91181933207737,0,11.9636393593148,0,0,0,0.0240992003799578,0,0.0225518059169793,0,0,0.0121003486215551,0.00158753216895368,0,9.75744471871705,0.114681159253954,0.0545396254704656,0.00082387249596818,0,0,0.00032023329481733,0,0,0.0923899706906435,0.000225880240618702,0,0.281343553511432,0,0.000549542299183718
0,0,0,0,0,0,0,0,0,0,0,0,0,0,0,0,0,0,0,0,0,0,0,0,0,0,0,0,0,0,0,0,0,0,1.11821772988841e-05,0,0,0,0,0,0,0,0.310137545696596,3.08790942830382,0.30056616402082,0.0528587200606941,1.18385136786486,0.00996363527320067,0,0,0.00719148021245727,0.0173934905997838,0.000715244609480019,0,1.54472562081222,1.5375138375742,4.46677372428725,0.0145630977008644,0.170385640874444,0,0.0589513120665137,0,15.098675637995,0,0.0577140182955108,0.000964298956810898,0,0.000901429914494961,0.010672440794235,0.00261813000337585,0.0493442630809799,0.0117364982702167,0.0390287950604246,0.000611852472902324,0.00305856152086686,0.00466540684891451,0.0197964861324434,28.3294006503745,2.64358361393996,0,0,4.4033081790794,0.770439781615038,0,0,0.309901335518757,0,0
0,0.0983278511369829,0.00226944347131719,0,0,0,0,0,0.0424980970925563,0,0,0,0.0217746017029699,0,0,0,0,0,0,0,0,0.520003754489405,0,0,0.590101627371023,0.00138194880061044,0.0127181287896339,0,0,0,0,0,0,0.00182893360968699,3.4112971074026e-05,0,0.0416534155137585,0,0,0,0,0.0905516392294655,0.370571254758228,1.27802306024524,0.0516558119423349,0.0368668856712443,0.0020139994932198,0,0.540861076143452,0.00719148021245727,0,0.815500851485148,0,0,0.0062433223423414,0.0402105212620254,0,0.966276374349443,0.00761629722239191,0.214948406939291,0.00466184804242634,0.161209772874925,0.00651659006729805,0,0.121497315610939,0.0399945001207733,0.00206125753571615,0.0200291217613899,0.00481813728930025,0.00821767445964794,8.80793711070729,0.306761457300051,0.00335753903078847,8.92077990199849,0.286737733542524,1.2536023636817,0.0278208817424669,4.45519188116065e-05,0.0261377349904668,0,0,0,0.130169805808299,4.64946159368302e-06,0,0.371959878383122,0,0
