# command_history: connectomestats -nshuffles 10000 -threshold 2 './output_tfnbsCTRL>ETth2/files.txt' tfnbs './output_tfnbsCTRL>ETth2/design_matrix.txt' './output_tfnbsCTRL>ETth2/contrast.txt' './output_tfnbsCTRL>ETth2/' -force  (version=3.0.3-98-gb3409159)
0,-0.000915260960207776,-0.000330230695674909,2.10038105598487e-05,0.00185399194696516,6.89960456437062,2.79691184025497,5.278015370824,0.000747472000137599,0.0917455099072199,-0.000163168054531847,0.51871032902211,-4.48161581226665e-05,13.1913617862041,0.517796690452477,0.0183772783991236,-0.00097203698376132,0,-4.68956803828496e-05,0.000559431780665918,0.00580435835453149,0.00200766664154529,0.00439028926608769,0.0488858057579198,-7.49787203760065e-05,-0.00069676427175037,-0.000164813683439943,0.065328589881965,16.3143164717559,1.66337665167212,0,1.88083708666055e-06,0.195297652553475,0.0530673078793101,0.000861440063425236,0.443910763608192,0.0308090904388815,0.00831080136806876,0.00109513305934127,1.96509961534712,0.00313243214436491,-2.34652486493781e-05,0.00549465191573772,7.55574005570721e-05,5.73052452731723e-06,8.46129239236051e-05,7.94418780278984e-06,0,0,0,0,0,0,0,0,0,0,0,0,0,0,0,0,1.71607203022207e-05,0,0,0,0,0,0,0,0,0,0,0,0,0,0,0,0,0,0,0,0.000608280501791191,0.18257326779248,0.00588655510479855,0.00505158929587378,0.000459013885523989
-0.000915260960207776,0,3.0550610961499,-2.61020002459906e-06,-5.15762761376891e-05,-1.66480890928137e-05,0.000635863201134143,-9.64034355991599e-06,0.410310183169267,-1.74849439857709e-05,1.57623274343051,6.00011031228764e-06,0.243231076465255,0,7.3747128366592e-06,0.015108548028102,0.302911649296497,0.0191982337000931,0.449527967100757,0,0.00962853082371482,5.86422632376201,0.181150718817784,0.00580404624215932,8.29139564880917,1.00890165074125,1.46730981223474,0.00424057032895352,8.88898738498899e-05,0.0081179021922164,0.00354154729752099,0,-4.40848099420402e-05,0.910794411493687,9.97874029308727e-05,0.207707030516161,1.61630107898167,0.583287743799254,0.0503906555962205,0.00161449428364359,0.00169904842178339,0.0224063835767235,0.146113637217487,0.00784663926403661,-0.000124922410425094,-0.000137422220701465,0.000517177529123727,0,-0.000116190022336659,0,0.441320956606227,-3.1803247094384e-05,0,1.15841865179795e-05,0,7.21428964847506e-06,0,0.244696228354165,0,0.000600530626828158,0,0.0040381127330002,0,1.68953196249194e-05,6.67340758002785e-05,-4.27067127243202e-05,0,-6.65143922223517e-05,0,0,0.671762394726587,-3.86567321495339e-06,0,0.139370783204097,-0.00148110570323392,-0.000510317267794481,0,0,1.19393588752351e-05,0,0,0,1.84674284532924e-05,0.000202264829403661,0.255536918506941,0.00858570823439396,0.00593190902708204,7.24221842581692e-05
-0.000330230695674909,3.0550610961499,0,8.58168712607884e-05,2.09387145659233e-05,0.00215966175829398,0.0168925873544294,0.000244076920883629,0.774895299824842,0.000465693279486846,0.16737611284163,0.000912552449611998,0.013672003433933,0.000145056313752277,2.08587031594267e-05,0.153891962277766,1.79766362982143,0.00766086413572804,0.392465172855162,0.000339007880231333,0.33687448216267,5.16832808186831,4.97696713907016,0.111476088234704,0.107713938910716,9.57152242548808,7.24091609148542,0.0792138965187218,0.00212794016217491,0.172115929141765,0.000318099718063203,0,0.00181124592276927,2.46710365180989,0.000853205162299459,2.50489375653939,3.0050567337626,0.964534490281452,0.132321257721202,0.0110790413971173,0.00536455965358399,0.012512650295198,0.300469130521523,0.00265691752340349,7.31225486248729e-05,0.000199734518668717,0.00117557265574171,9.73884359027871e-05,3.42278051661579e-05,0,0.00029964270684348,0,0,9.97577269830621e-07,0,0,0,0.0150294704908983,0,2.19859698015873e-05,0,0.000134169525459946,0,9.10940314807589e-05,0,-5.26266381627549e-05,0,0,0,0,0.0113321235917316,0,0,0.000893842900145609,1.63944570217535e-05,-2.47912960236451e-05,0,0,0,0,0,0,0,0.00125900358997468,1.70962232649677,0.0612402604005803,0.0396216636653179,0.000517937840525792
2.10038105598487e-05,-2.61020002459906e-06,8.58168712607884e-05,0,0,0.179162150918552,0.133586551764044,0.005775923430952,0.00317193272071019,5.2114734578871,0,0.130869878286073,0,8.29502525219699e-05,5.60750221721725e-05,-1.46114717557994e-05,5.74192743078564e-05,0,0,72.1160472199837,0.000152911881745126,-4.62954361964627e-05,9.1710730445665e-05,1.78502381514173,0,8.61951256606788e-06,3.30526715248157e-06,16.4097444657523,-7.32748849723423e-06,0.000937087963483405,0,0,0,-0.000112170909982267,0.000300098264661021,0.0584766676761746,0.0014493928117363,0,-2.49640537853651e-05,0.000120805214463656,0,0,0.0028619953817758,0,0,0,0,0,0,0,0,0,0.0218072370351015,0,-1.6043648940929e-05,0,0,0,0.000130131993570816,0,-0.0214799762269702,0,0,0,0,0,0,0,0.00488592581253167,0,0,0,0,0,0,0,8.21700368446186e-05,0,0,0,0,0,0,0.000159075790923846,0.0525089740491341,0.00346881823011124,0.000715476884854443,1.13178295270606e-05
0.00185399194696516,-5.15762761376891e-05,2.09387145659233e-05,0,0,4.76472018133279,1.62228883823764e-05,1.29952614014561,2.69980487217287e-05,0,-2.00272128357309e-05,0.000243513186792649,0.000524098201098852,0.421378426312135,2.5954493286019,5.65057973207628e-05,1.02927196747045e-05,0,4.77065110181152e-05,0,3.24200812899462e-05,-1.13600358920352e-05,4.79782839255031e-05,0,2.52734441138745e-06,8.77304352224534e-05,-7.91569527615272e-06,0,1.7174785446098,6.73879563250729e-05,0,10.0181173140155,0.0257613782604421,1.62210060346798,0.00846481922455053,0.110319028044168,0.0192106364400505,0.0754007915283272,0.00441569525514383,20.9619151832822,12.893873234548,0.000260543619538444,0.171105116552696,0.0180217246307098,0.00158151705348874,0.00807054435779278,0.0709048134824019,0.0174130881153571,0.000409912232984764,2.8321325950398e-06,1.49398015475922e-05,4.41548777432624e-05,0,0.0201428513396053,8.59077130518245e-05,2.75533727212709e-07,2.68809018939715e-06,2.00454053067515e-05,1.96951096877513e-06,0.000224486114924297,0.000192703978610254,0.000254221044156777,-1.51904333563654e-06,-0.00190301484207634,0.000165399358637898,8.70188513813068e-06,3.81865283180493e-06,1.99211814881834e-05,0,0.000114355853644755,1.51417131126508e-05,8.76135345454194e-05,2.82505003742779e-05,0,3.16822902297552e-05,4.95258378719134e-06,2.61494782096546e-06,-8.73922397074957e-06,4.01941006598957e-05,0,0,0,0.000543795000869013,0.0160779910262437,0.0885062007974559,0.297366037904399,0.0267404943058913,0.00648157517818031
6.89960456437062,-1.66480890928137e-05,0.00215966175829398,0.179162150918552,4.76472018133279,0,4.8922199019053,10.0936025004201,0.00829788082503869,10.6352293422163,0.00100489302286661,4.66119773274752,4.76877937063257e-05,3.60376463510579,2.03320397276791,0.0254807206692296,0.000934319274392224,0,0.000123315660810489,2.71533286687718,0.0195786876157549,0.00309333870704427,0.0137103426075073,1.37497710660886,2.12870968632781e-05,0.000250436870757508,0.000662262460181005,1.90816923622102,7.90173838730089,0.48695049800617,0,1.91351527489286,0.849144811374657,1.62595555065297,6.27209645562158e-05,0.0500845087575566,0.0373553159072476,0.335916574655278,0.00724565105740127,7.80857718923535,1.53510612668206,0.000118077888492094,0.000215740431779567,7.12562275547582e-06,5.10113237979398e-07,1.57379546360468e-06,0,0,0,0,0,0,0,1.59762780752493e-06,0,0,0,0,0,0,0,0,0,-5.85424344888022e-07,0,0,0,0,0,0,2.10176619134662e-05,0,0,0,0,0,0,0,0,0,0,0,0,5.71739701010676e-05,-0.00777025047705388,1.32592680783552e-05,0.00037056472366864,2.57792480759526e-06
2.79691184025497,0.000635863201134143,0.0168925873544294,0.133586551764044,1.62228883823764e-05,4.8922199019053,0,1.32607870244911,0.118151520051011,8.14833090029556,0.000222958232759471,0.927867615808888,8.35118485258437e-05,1.63546206548813,0.0626085277318235,0.195169308119519,0.00806385689421771,8.56792035537142e-07,0.000773954414095359,1.11292575876481,0.183816167023768,0.0395710347645203,0.155254379933061,4.46968667614717,1.02933757841178e-05,0.00091527662686672,0.00432529895966527,7.95722805731052,1.11572321101931,11.9006642935266,0,0,0.052240293186169,0.324328717756662,0.000399966131720856,0.392530127704546,0.188562865823646,0.0104448272162043,0.00257988489132838,0.784611783644043,0.00114499332229511,5.53198218204432e-05,0.0190999783515842,0.000249888640806643,7.77870486633269e-05,6.08824070990957e-05,9.54376654648209e-05,-3.74330278529505e-06,0,0,0,4.06843439613191e-05,0,0,0,0,0,4.91996945635823e-05,0,7.28658706945542e-07,0,0,0,0,0,0,0,0,0,2.05696969087361e-05,-5.1275704049005e-05,0,0,0,0,0,0,0,0,0,0,0,0,0.000253893573069225,0.117403508994156,0.0135424619705801,0.00287763663612834,9.93887487061953e-05
5.278015370824,-9.64034355991599e-06,0.000244076920883629,0.005775923430952,1.29952614014561,10.0936025004201,1.32607870244911,0,0.00141036003339712,1.03638829301107,0.000187349359591678,0.200646462718952,-1.34733684893361e-05,24.7647084830024,0.0500641077253322,0.00285039295217486,0.000110677002802676,0,0,0.0169172543910393,0.0028181355260612,0.000691423228206975,0.00222423377740799,0.117005147568608,2.13020591965512e-05,-4.74462013298927e-05,0.000143956619892293,0.104541073911558,7.38538415832688,0.070920494387074,0,1.52016728285622,0.665399357381686,0.762133734012516,0.000273641680736244,0.0440829594395827,0.00882264585297024,0.203058916315484,0.00169926188499944,0.402447809987324,0.443451299594063,6.30203191544095e-05,0.000307821193973376,0,0,1.07743595671918e-05,4.29406597706163e-06,0,0,0,0,0,0,0,0,0,0,0,0,0,0,0,0,8.07510023980918e-06,0,0,0,0,0,0,0,0,0,0,0,0,0,0,0,0,0,0,0,0.000261550424758151,-0.00359872328148729,0.000150263804980109,0.000618196867532638,5.6443581574045e-05
0.000747472000137599,0.410310183169267,0.774895299824842,0.00317193272071019,2.69980487217287e-05,0.00829788082503869,0.118151520051011,0.00141036003339712,0,0.0022110765060031,0.162922707674469,1.02118728970141,0.0365265854327041,0.000383931484234775,1.17504984283464,0.526083322469938,0.0535830316932311,0.0014522350318229,0.0420292193976406,0.010313051550685,0.494439423517998,9.47190317446256,1.04996625449478,7.4134330332449,0.173205594857511,0.112477360563851,0.264909327229678,0.996520997319418,0.00168476872876454,0.379630440316046,0.000522577898400641,0,0.00144533906678446,0.434008627122767,0.000166374848630794,8.39147763270601,3.15687041174233,0.230934982821758,0.0392454861489391,4.8053491501426,0.00112383057422261,0.00558016048244326,0.102480161796511,0.028924309754623,0.00222488977146885,0.00181451915504055,0.000818857003864056,-1.26718897811411e-05,0.000467449136572299,0,0.213005538971806,0.00511863158255415,0,0,2.82015492072194e-05,9.56967485293673e-05,6.93740670634087e-05,0.479265401367484,6.01031340330507e-06,0.0010353697358381,0.000559768578359576,0.000628299907773968,1.84542408837667e-05,0.000789063258592435,0.00106510588340703,0.00235842807120062,-1.0001342277918e-05,0.00120592227068495,0,0.000641977462724015,0.043731574986635,0.00110786020368938,0.00054352364776499,0.0197313539039185,0.028820973599738,0.0296528112830515,0.000136023450722491,0,0.000523112076101815,0,0,0,0.0026629570802563,0.000150011094163287,2.24031139964627,0.0465680602139145,0.0374499757430231,7.43970163166311e-05
0.0917455099072199,-1.74849439857709e-05,0.000465693279486846,5.2114734578871,0,10.6352293422163,8.14833090029556,1.03638829301107,0.0022110765060031,0,1.89783188296417e-05,6.28188700101541,0,0.205003532352441,0.00692148005149365,0.00384740491057206,0.000166849496301627,0,1.53224801538171e-05,21.273256753987,0.00435268471227359,0.000936925704241125,0.0030635606146533,0.800475103794339,0,5.34927962701956e-05,0.000144683769435506,4.22564115950528,0.00189474222376677,0.0392976153870983,0,0,0.000265173376417574,0.00381479614320179,0.000456111263260415,0.10688369687015,0.00807074322966505,7.90469901552593e-05,5.47231195194943e-05,0.01590746696847,0,0,0.00190905091328598,0,0,0,0,0,0,0,0,0,0,0,0,0,0,0,0,0,-7.22675137009631e-05,0,0,0,0,0,0,0,0,0,0,0,0,0,0,0,0,0,0,0,0,0,0,0.000311438656239061,0.0494537518131302,0.00191275310808781,0.000780707746674615,4.50510760601324e-05
-0.000163168054531847,1.57623274343051,0.16737611284163,0,-2.00272128357309e-05,0.00100489302286661,0.000222958232759471,0.000187349359591678,0.162922707674469,1.89783188296417e-05,0,1.27753991631762e-05,16.6452467037433,9.60049530499789e-05,2.15755026103882e-05,0.00102977470533844,0.272669291785783,5.35194918042555,4.90063927856698,0,0.00271798761054657,1.04583497471599,0.0213866287829048,-0.000749455179528529,2.71639261112697,8.31426629180881,2.48728429511434,0.000866189778981011,0.000785224394316245,0.00196983088497541,1.09907236180784,-9.08565044063035e-05,0.000154987271697965,4.51588132445792,0.000203164350252693,0.152151067645795,12.9020105291258,5.89774628017333,0.244627726507322,0.00561777058459768,0.0295576589664637,1.86803960882042,0.00123497476731307,0.00596526028604665,5.77157031389069e-06,0.000188554529001845,-6.48496252359487e-07,-2.10215144514965e-05,0.00282204193852493,0,0.0172403139993384,-1.48989263777526e-05,0,0,0,0,0,0.0161717377879684,0,1.3091472135997e-05,0,0.00046538300964829,0,0,0,-0.000118801319504332,-3.09969978351701e-05,-4.81922743094366e-06,0,0,0.363495783308517,5.76025482051958e-05,2.57331228487491e-05,0.00750142926960442,-0.000342212610984429,-0.000235369329417405,0,0,0,0,0,0,-7.28107290885121e-05,6.13568381259429e-05,0.0660381290696022,0.000187403133919603,0.000804388610938552,6.07164843892128e-05
0.51871032902211,6.00011031228764e-06,0.000912552449611998,0.130869878286073,0.000243513186792649,4.66119773274752,0.927867615808888,0.200646462718952,1.02118728970141,6.28188700101541,1.27753991631762e-05,0,-7.31296069016535e-07,0.129538887582294,2.99348336064011,0.00583363396792289,9.90078661698552e-06,0,3.25541955031864e-05,44.5827048445165,0.00394776125775697,0.00260950335765208,0.00504221533997216,0.729814962147206,0,7.59528992935755e-05,0.000182528204568937,0.989419633175902,0.12474817503141,0.0963936604963187,0,0,0.0100180488014922,0.017157502475858,0.000143830234880317,0.723647800929011,0.0259133773429698,0.00312177430410575,0.00106272464119309,5.90217403478078,9.71990093069671e-05,8.96506277702464e-07,0.00219805293755406,9.18715047409054e-05,0,4.38222889661158e-06,0.00025144693877587,0.000152416054801961,0,0,0,0,0.00849456225611775,0,-1.91871798121357e-05,0,0,0,7.6808935126482e-06,0,-0.00221997438692083,0,0,0,0,0,0,0,0.0140658530870773,0,0,0,0,0,0,0,5.60956165312365e-05,0,0,0,0,0,0,0.000143377537675471,0.219407232454388,0.00185684816607673,0.00263349781951582,1.16164528236557e-05
-4.48161581226665e-05,0.243231076465255,0.013672003433933,0,0.000524098201098852,4.76877937063257e-05,8.35118485258437e-05,-1.34733684893361e-05,0.0365265854327041,0,16.6452467037433,-7.31296069016535e-07,0,5.03927863214873e-05,0.00104831353412634,0.000186592779144936,0.0164978955166269,0.00649043933817334,0.0561757026462046,0,0.000184148339569132,0.252694050464967,0.00172695720487931,-2.25097361182142e-05,10.4467994477504,3.62293209148796,1.39896586223821,-6.03160498193697e-05,-3.34746350324826e-05,-7.14946452334639e-06,7.22405232632966,0,1.27432939018306e-05,0.220382708826403,0.00197730044104613,3.79330645012449,9.61689507829679,1.22600578291849,0.545234204219362,0.060697835086304,0.400423566708055,6.44014404943471,0.115698901027529,0.0970176001252974,0.0103092829912272,0.0235137397559067,0.000614485001630512,0.00110892479925378,0.0781892868633519,0,0.00906118151168563,0.000813925578022614,0,0,8.39362471866474e-06,-4.06767370231667e-06,1.48999821986582e-06,0.00276729265193335,0,0.0144833378587379,0,0.0894420580722688,0,8.9510494509464e-06,0.000129770062390714,0.00138935841621788,-2.85830341115394e-05,0.000231530156961418,0,0.000504427557090878,0.137689091503029,0.000279408805359323,4.08685212046103e-05,0.0793860148038288,0.000137360413034249,-5.87031805454716e-05,0,0,0.000141892871907948,0,0,0,0.0179355338847612,0.000394317299583029,0.937772832871077,0.0237348715249584,0.00678492574884282,0.000487553299232822
13.1913617862041,0,0.000145056313752277,8.29502525219699e-05,0.421378426312135,3.60376463510579,1.63546206548813,24.7647084830024,0.000383931484234775,0.205003532352441,9.60049530499789e-05,0.129538887582294,5.03927863214873e-05,0,0.0218568371766548,0.0011355708670412,-3.22685508214783e-05,0,0,0.000807887323061286,0.000745023048609468,2.78371301771304e-05,0.000461769960829683,0.0116066811521659,0,2.21023710892904e-06,2.82303977452028e-05,0.0115432267712008,7.16782390056798,0.0167293990473242,0,1.07719500672173,0.194655454140245,0.177159293942895,0.0011785322450093,0.235617486324171,0.0066701984958038,0.0303337399509252,0.000557154803376764,0.158438293888288,0.129609997903258,0,0.00148458649404615,1.2369802876371e-05,9.58613262273224e-06,1.11971624401705e-05,4.78847989609479e-06,0,0,0,0,0,0,4.65837161428444e-06,0,0,0,0,0,0,0,0,0,1.94890537562956e-05,0,0,0,0,0,0,0,0,0,0,0,0,0,0,0,0,0,0,8.16651207120128e-06,0.000953438246430629,0.0941129555498366,0.000248392966268016,0.00239833034393133,0.000256257329705551
0.517796690452477,7.3747128366592e-06,2.08587031594267e-05,5.60750221721725e-05,2.5954493286019,2.03320397276791,0.0626085277318235,0.0500641077253322,1.17504984283464,0.00692148005149365,2.15755026103882e-05,2.99348336064011,0.00104831353412634,0.0218568371766548,0,0.000182196057889099,8.53697330036672e-05,0,7.83538154657184e-05,0.00213020883120723,0.000185918149165364,-0.000214152788037859,0.000353901510815385,0.00523048548806577,4.53881608239617e-05,8.63984303330199e-06,6.60027935261441e-05,0.00220936540042658,0.293531312667086,0.0168202299378193,0,0.00318933259141994,0.119923315574716,0.241532838625236,0.0401043936912154,1.03426074037767,0.0545653029543154,0.0694700405367697,0.0167606220311758,69.8638518316893,0.108968870413575,0.000685576767741214,0.984840045311008,0.117628182919871,0.00855985684640784,0.0413483741963785,0.262976085511023,0.0558650256822613,0.000746733419239413,0,4.08416594640345e-05,0.000197864327331929,2.1915524115503e-05,0.0238814027013345,3.80413729690509e-05,4.26363449278395e-06,-8.20665762532769e-06,1.28497192147132e-05,0,0.00108820541395131,-0.000232311338607652,0.000388470680865126,2.40824364055591e-05,0.0368473107383825,0.000171794648469699,7.62434901982492e-05,5.01030136304536e-06,4.17914566850005e-05,0,0.000147758404200682,0.000124381371076497,0.000183953857523714,1.66590325107809e-05,2.10953277175483e-06,9.31971359955991e-05,1.52291861281474e-05,1.00861705694164e-05,2.50992096448917e-06,5.84407965172607e-05,0,0,1.49613609493014e-05,0.00264295693064268,0.0313931901165127,0.984693552727249,1.89235198447052,0.0576184173442288,0.0146078735289558
0.0183772783991236,0.015108548028102,0.153891962277766,-1.46114717557994e-05,5.65057973207628e-05,0.0254807206692296,0.195169308119519,0.00285039295217486,0.526083322469938,0.00384740491057206,0.00102977470533844,0.00583363396792289,0.000186592779144936,0.0011355708670412,0.000182196057889099,0,0.0170599976666159,-2.06086756789912e-05,0.00226721327177093,0.00444457165664464,16.3432119180702,1.75016693469937,36.6794643552987,1.16609950495172,6.31054429867134e-05,0.00493132051965172,2.73427696360273,6.60798157926918,0.0304842700490247,1.27432122489679,2.4184285712105e-05,7.17183375623955e-06,0.00571960928970181,0.726404653005466,0.0098232201103652,2.11396711767929,0.896043230627055,0.0177988032056285,0.00478204959853533,0.0199398737849548,0.000166344878489608,0.000139004615438776,0.0731553819231409,0.00117045659442047,0.000298553026991808,0.000433610296122131,0.000556359389658278,0.000117184440317118,1.07474407970888e-05,0,0,3.57073125805997e-05,0,1.36010412064856e-05,0,0,0,0.000488973154488074,0,1.06219690749371e-05,0,0,0,0.000297224283251079,-0.0335786742435987,0,0,0,2.54305495047125e-05,-0.00843334754419216,-7.58076747401588e-05,-0.00676718621513142,0,0,0,8.91485269075314e-07,-6.69370012541612e-05,0,-3.22594407222547e-05,0,0,0,2.05525838539696e-05,0.00714059624432585,1.20209872662172,0.0456766827381173,0.0333923642653318,0.00501478954056257
-0.00097203698376132,0.302911649296497,1.79766362982143,5.74192743078564e-05,1.02927196747045e-05,0.000934319274392224,0.00806385689421771,0.000110677002802676,0.0535830316932311,0.000166849496301627,0.272669291785783,9.90078661698552e-06,0.0164978955166269,-3.22685508214783e-05,8.53697330036672e-05,0.0170599976666159,0,0.160529320515598,15.5554571447439,-2.17061696939344e-05,0.70134981486457,0.303793343894803,7.91612804455939,0.00979838825541701,0.0504696875346124,5.72580237919087,0.363732990644459,0.027332215121197,0.000330433644047884,0.200588953448533,0.000187843596558791,0,0.000234363167807352,0.856260354800425,0.00335358066387247,0.731858172693248,0.446720558469298,0.203172997138703,0.0345322425599654,0.0079052399902183,0.00170626411904192,0.00307653818127662,0.00748876656343357,6.18175738995487e-05,1.65956008108764e-05,0.000171276468403643,1.24052598617263e-05,6.56467128259639e-05,-5.7661850853113e-05,0,1.69502356008499e-05,0,0,3.67097975600625e-06,0,0,0,0.00135449855211706,0,3.97149797754029e-06,0,-3.90383588160247e-05,0,5.881895456993e-05,0,0,0,0,0,0,0.00634887636599802,3.89035154399504e-05,0,0.000257615343503971,0,-6.82458471352968e-06,0,0,0,0,0,0,3.51254681014533e-05,0.00187067092176934,0.462675161638117,0.00163472695146753,0.00992204137957323,0.00147200324309061
0,0.0191982337000931,0.00766086413572804,0,0,0,8.56792035537142e-07,0,0.0014522350318229,0,5.35194918042555,0,0.00649043933817334,0,0,-2.06086756789912e-05,0.160529320515598,0,19.6624992325315,0,0.000425367101247679,0.00644846956677719,0.00141092612312952,6.14965175542188e-05,0.0070242113694731,3.32649158829731,0.0289362779066565,5.27421127885283e-05,3.47579514942611e-05,0.000246911657109696,0.000446096706391159,0,0,0.0107331344216931,5.52150305146468e-06,0.00345485197393575,0.00642357751259511,0.00570348284145948,0.000591916999989375,9.16174290599865e-05,0,0,3.88042298024341e-05,0,0,0,0,0,0,0,0,0,0,0,0,0,0,0.000222568933813717,0,0,0,0,0,0,0,0,0,0,0,0,0.00194931014636026,0,0,0,0,0,0,0,0,0,0,0,0,4.02518626081364e-07,0.00304609891017054,1.34682642364977e-05,0,0
-4.68956803828496e-05,0.449527967100757,0.392465172855162,0,4.77065110181152e-05,0.000123315660810489,0.000773954414095359,0,0.0420292193976406,1.53224801538171e-05,4.90063927856698,3.25541955031864e-05,0.0561757026462046,0,7.83538154657184e-05,0.00226721327177093,15.5554571447439,19.6624992325315,0,0,0.0138671838792859,0.343417267948598,0.0907697253032275,0.00117366562678521,0.0916929055902161,9.24805489915556,0.583308811456946,0.00281245078033566,0.000264764833623322,0.00658873494624004,0.00247850800425685,0,0,0.528153491310032,0.000181659180383823,0.0987351815083887,0.295142584755831,0.245000488449143,0.0229224706825389,0.00143280365620524,0.000549290699888978,0.00276507828603185,0.000720786337541149,0.000289927378006788,0,2.74709644302424e-05,-3.28699603481918e-06,0,0,0,-0.000111932496905161,-1.69958880557461e-05,0,0,0,0,0,0.0022421206469078,0,0,0,-5.26848844710348e-05,0,0,0,0,0,0,0,0,0.0159830155255805,0,0,0.000574711565191001,-1.95119256457968e-05,-1.40489262693222e-05,0,0,0,0,0,0,0,6.97520775817898e-05,0.0703898538407088,-2.57074979604678e-05,0.000857923283420914,4.35562456468027e-05
0.000559431780665918,0,0.000339007880231333,72.1160472199837,0,2.71533286687718,1.11292575876481,0.0169172543910393,0.010313051550685,21.273256753987,0,44.5827048445165,0,0.000807887323061286,0.00213020883120723,0.00444457165664464,-2.17061696939344e-05,0,0,0,0.0014013169363289,0.00163197158835085,0.0018943704334077,2.97775077783153,0,-1.07072799448563e-05,0.000186419330432148,7.90392580790345,-7.44291455864513e-05,0.0132634074818572,0,0,0,0.000520108325162933,0.000389816435306298,0.121820098466929,0.00913847040616706,5.90226587528142e-05,0,0.00379524315501916,0,0,0.000684116170530308,0,0,4.83680700289638e-05,1.96784913242355e-05,0,0,0,0,0,0.0218073417701678,0,0,0,0,0,0.000420220301516469,0,-0.0014644958198703,0,0,0,0,0,0,0,0.0211286659639794,0,0,0,5.24828866812166e-05,0,0,0,0,0,0,0,0,0,0,0.000351726912218987,0.160081969417344,0.00104428034757762,0.00185620259574973,0.000188779433675063
0.00580435835453149,0.00962853082371482,0.33687448216267,0.000152911881745126,3.24200812899462e-05,0.0195786876157549,0.183816167023768,0.0028181355260612,0.494439423517998,0.00435268471227359,0.00271798761054657,0.00394776125775697,0.000184148339569132,0.000745023048609468,0.000185918149165364,16.3432119180702,0.70134981486457,0.000425367101247679,0.0138671838792859,0.0014013169363289,0,0.959641867536702,10.0536604680127,1.0834036021699,0.00101235073133677,0.0247944542388101,0.0541482225737174,4.71227630558446,0.0198192812788968,11.2143777717936,0,0,0.00187523927791118,0.871719932041432,0.00439323598276494,0.551544123390082,0.709641596408351,0.0148716489980851,0.00173044050062569,0.00529511331170641,0.000360574040771168,0.000115018264093775,0.0561705909657935,0.000788387813025301,0.000432401248734804,0.000127464617397379,0.000316590750499624,1.99300767609225e-05,-1.01860003327796e-05,0,0,7.04388031052625e-06,0,2.03134210461046e-05,0,0,0,0.000251292474846667,0,0,0,0,0,8.73972915158375e-05,0,0,0,0,0,0,7.62343421461823e-05,0,0,0,0,0,0,0,0,0,0,0,7.32612023860312e-05,0.00330642146474313,0.237851492868013,0.037816522569133,0.00784978603679138,0.00108060882208519
0.00200766664154529,5.86422632376201,5.16832808186831,-4.62954361964627e-05,-1.13600358920352e-05,0.00309333870704427,0.0395710347645203,0.000691423228206975,9.47190317446256,0.000936925704241125,1.04583497471599,0.00260950335765208,0.252694050464967,2.78371301771304e-05,-0.000214152788037859,1.75016693469937,0.303793343894803,0.00644846956677719,0.343417267948598,0.00163197158835085,0.959641867536702,0,5.28664496790642,4.35273177236048,1.03011431515554,0.657670368141225,1.97962612993056,0.832003476992785,0.00135085813460004,0.337243355274305,0.00187887991112216,-2.75567974566128e-05,0.00213781425489751,1.84983511308465,0.00025990322007829,1.73954821833352,6.62777929593873,1.30219227074032,0.147177129155124,0.0122404320477294,0.00294892604427167,0.0256472498808838,0.0698428490595071,0.136984930114679,0.00912316408357341,0.00351297293500241,0.000529446776589634,9.72169556137098e-05,0.00119637917360458,2.09311331671219e-05,0.54578150681454,0.0230649706923034,0,0,4.64036298821519e-05,6.01829474240504e-05,3.8137670176859e-05,0.0422734327756145,5.98250873862566e-06,0.00339658099963781,0,-0.000882128724402225,2.56061415258785e-05,0.000135634266807706,0.000686245484195706,0.00477173953237552,-5.34880276310209e-05,0.00663438026124592,0,0.000537395118217718,0.120788713044086,0.00197664554417013,3.86039335991299e-05,0.065295859371936,0.0603240307958838,0.0505357885172532,4.23913983819887e-05,0,7.70027719916964e-05,0,0,6.2033956469482e-06,0.00816102991987966,0.000319182515290866,1.63994813429659,0.0028589639680059,0.0420417920411902,0.000231948146123149
0.00439028926608769,0.181150718817784,4.97696713907016,9.1710730445665e-05,4.79782839255031e-05,0.0137103426075073,0.155254379933061,0.00222423377740799,1.04996625449478,0.0030635606146533,0.0213866287829048,0.00504221533997216,0.00172695720487931,0.000461769960829683,0.000353901510815385,36.6794643552987,7.91612804455939,0.00141092612312952,0.0907697253032275,0.0018943704334077,10.0536604680127,5.28664496790642,0,0.570278718570279,0.00698095063290752,0.201102563056152,6.70337148791772,0.773489860735317,0.0278171765197605,2.66382731328474,0,1.00537976635343e-05,0.00339635241292481,3.25895854315333,0.0100793590598622,2.79203079307773,2.79804400093777,0.208586989203629,0.0239244787132978,0.0140895844709127,0.00205425188738646,0.00212764836884684,0.0404691619616948,0.000744055730128951,0.000119026663019736,0.000343525925184738,0.000346188057623409,6.27251181041557e-05,2.22455448537501e-05,0,1.40622615826008e-05,5.36508693145015e-07,0,4.37159478507707e-05,0,0,0,0.00314299017233843,0,1.01647770086027e-05,0,6.62279641114861e-07,0,0.00011900056287635,1.0234110929683e-05,0,0,0,0,2.22304857392103e-05,5.48863066244398e-05,1.19332746320696e-05,1.11537980611189e-05,0.000197039361128001,5.06080388299309e-06,-4.32700415493633e-06,1.13009131113116e-05,1.64332872573284e-05,0,0,0,2.0912936055785e-06,2.9679641277082e-06,0.00681378606704,1.22866328705637,0.0126312164236583,0.0354124961452007,0.0018615312801273
0.0488858057579198,0.00580404624215932,0.111476088234704,1.78502381514173,0,1.37497710660886,4.46968667614717,0.117005147568608,7.4134330332449,0.800475103794339,-0.000749455179528529,0.729814962147206,-2.25097361182142e-05,0.0116066811521659,0.00523048548806577,1.16609950495172,0.00979838825541701,6.14965175542188e-05,0.00117366562678521,2.97775077783153,1.0834036021699,4.35273177236048,0.570278718570279,0,-0.0019559904357704,0.00456905695661795,0.0303289681392074,53.4283377373251,0.00595547585119317,0.702521555454419,0,0,0.00183405272763309,0.140336501850808,0.00287930079045611,0.59139985544456,0.654874271251428,0.0112328117404791,0.00223898348783042,0.0211452077389915,0.000302482352220629,0.000421327898004023,0.0550327614734542,0.000680429267429856,0.000328449716312357,0.000100464779923335,0.000126545135054888,3.02607661272354e-05,3.87026281279855e-06,0,7.8003749517758e-06,4.40006335606477e-05,0.000914323925523719,0,0,0,0,0.000976436471462114,0,7.48687153465579e-06,8.31946503013645e-06,0,0,3.88724164282933e-05,0,0,0,0,0,0,-2.5237689270108e-06,1.14916805539005e-05,2.44960038771582e-05,-0.000382050271166792,4.87746787530156e-06,2.89359088168556e-06,0,0,0,0,0,0,7.96016446222752e-05,0.00201483285136399,0.232010835062075,0.0388177465766192,0.00637124335834222,0.0007150381297126
-7.49787203760065e-05,8.29139564880917,0.107713938910716,0,2.52734441138745e-06,2.12870968632781e-05,1.02933757841178e-05,2.13020591965512e-05,0.173205594857511,0,2.71639261112697,0,10.4467994477504,0,4.53881608239617e-05,6.31054429867134e-05,0.0504696875346124,0.0070242113694731,0.0916929055902161,0,0.00101235073133677,1.03011431515554,0.00698095063290752,-0.0019559904357704,0,0.663754954267679,1.88488969915287,0.000478549741517639,7.21174068096533e-07,0.00054008587286234,0.00563896418728362,0,0,0.105456750129409,0.000340931426588526,0.143969871829576,10.4079187790274,0.184521704712631,0.12422367662711,0.00235781301419987,0.00231587048321333,6.08129504022666,0.0327010158735962,0.231104000629617,0.00306503485488127,0.00722850374496053,2.25988440509487e-05,0,0.409902358406528,0,0.373369115064828,-3.40527003048053e-05,0,0,0,0,0,0.0444790910143262,0,0.0191496350266755,0,0.245517967855656,0,5.26976113180829e-06,7.47588951953955e-05,-2.1426429329009e-05,-0.000184150856269222,0.000240813090422987,0,1.53721052993561e-05,1.21538374159759,-7.05116235759879e-07,0,1.07869205088762,-0.00099842195883479,0.000882372295825783,0,0,0,0,0,0,0.011827158792701,0.000137012529907788,0.0447912899137129,0.0119376049617936,0.000925826697481164,6.86326439593002e-05
-0.00069676427175037,1.00890165074125,9.57152242548808,8.61951256606788e-06,8.77304352224534e-05,0.000250436870757508,0.00091527662686672,-4.74462013298927e-05,0.112477360563851,5.34927962701956e-05,8.31426629180881,7.59528992935755e-05,3.62293209148796,2.21023710892904e-06,8.63984303330199e-06,0.00493132051965172,5.72580237919087,3.32649158829731,9.24805489915556,-1.07072799448563e-05,0.0247944542388101,0.657670368141225,0.201102563056152,0.00456905695661795,0.663754954267679,0,14.6609889893005,0.00464657888030252,0.000156748846143688,0.0164934560443548,0.963749531012212,-1.73378841136926e-05,0.000149628024335469,0.971980638592402,0.00170471355163151,0.312260947208008,0.715107667858603,0.309589250702954,0.01639373827854,0.00486053985520275,0.000585508848131476,0.00858636887700921,0.0537296273380443,0.000912209164802704,1.24132369967029e-05,3.01548535725305e-05,1.54347924280783e-05,5.07094416428592e-07,0.00019909539410269,0,0.000830943268787169,0,0,6.26207651826205e-07,0,0,0,0.0136898747306493,0,-7.50849978422756e-06,0,-0.000453150314538707,0,6.71461525045785e-06,0,0,-9.28274158059081e-06,0,0,0,0.0316387112984399,-2.35938161776279e-06,0,-0.00114741622186489,-0.000149291697748753,-0.000138735602501394,0,0,0,0,0,0,2.64687077411562e-06,0.00100766911690253,0.128347945937971,0.00641621411772283,0.00234279638853634,0.000425473215215584
-0.000164813683439943,1.46730981223474,7.24091609148542,3.30526715248157e-06,-7.91569527615272e-06,0.000662262460181005,0.00432529895966527,0.000143956619892293,0.264909327229678,0.000144683769435506,2.48728429511434,0.000182528204568937,1.39896586223821,2.82303977452028e-05,6.60027935261441e-05,2.73427696360273,0.363732990644459,0.0289362779066565,0.583308811456946,0.000186419330432148,0.0541482225737174,1.97962612993056,6.70337148791772,0.0303289681392074,1.88488969915287,14.6609889893005,0,0.0245577993445848,0.000341810871790826,0.0691957518944115,0.639889401362466,0,0.000277572848105973,0.862146639189704,0.00796609175217919,1.45528453304197,1.12568611684078,0.256518713093885,0.0192771010086583,0.00577686305155661,0.000384058644916123,0.00693301893790908,0.126062734766602,0.00212900856749209,1.17647225809919e-05,0.000141863043795883,0.000481961893504064,2.73335896188964e-05,0.000537396616744235,1.3699569380435e-05,0.00261271193838664,6.6556473091471e-06,0,5.54081126808041e-06,0,0,0,0.0431862697947213,0,-0.000317274304646155,0,-0.000134616861098931,3.85775972963924e-06,6.73401903489116e-05,0,-2.40147134375277e-05,0,-1.28356151683654e-05,0,0,0.0425933658329182,0,0,0.00102132081208246,-0.000402003030417743,-0.000160651135379921,0,0,0,0,0,0,7.43263445202056e-06,0.0049551805686867,0.442725554681192,0.0153715035022672,0.00848117772205631,0.00121122221485927
0.065328589881965,0.00424057032895352,0.0792138965187218,16.4097444657523,0,1.90816923622102,7.95722805731052,0.104541073911558,0.996520997319418,4.22564115950528,0.000866189778981011,0.989419633175902,-6.03160498193697e-05,0.0115432267712008,0.00220936540042658,6.60798157926918,0.027332215121197,5.27421127885283e-05,0.00281245078033566,7.90392580790345,4.71227630558446,0.832003476992785,0.773489860735317,53.4283377373251,0.000478549741517639,0.00464657888030252,0.0245577993445848,0,0.0547765358153549,3.04424922196544,0,0,0.00531090596616835,0.366625372740458,0.000596228227231366,0.308687239961158,0.739878147676627,0.00872878563222956,0.00147773940342654,0.0227139926473251,4.51673532524889e-05,0.000150126722888552,0.0268039632069437,0.000372052527889192,0.000261464574616444,2.90541569943962e-06,0.000116725926859699,0,0,0,0,0,-0.00611871601551978,0,0,0,0,0.000466369295007546,-1.44826850597493e-05,0,0,0,0,1.12362352131087e-05,0,0,0,0,-0.000840013034007678,0,-3.28592881929214e-06,2.01929238721919e-05,0,0,0,0,0,0,0,0,0,0.000113203661423989,2.33319533502322e-05,0.000440314979032924,0.107023775520838,0.0207594094283298,0.00219256323609352,8.77702005450186e-05
16.3143164717559,8.88898738498899e-05,0.00212794016217491,-7.32748849723423e-06,1.7174785446098,7.90173838730089,1.11572321101931,7.38538415832688,0.00168476872876454,0.00189474222376677,0.000785224394316245,0.12474817503141,-3.34746350324826e-05,7.16782390056798,0.293531312667086,0.0304842700490247,0.000330433644047884,3.47579514942611e-05,0.000264764833623322,-7.44291455864513e-05,0.0198192812788968,0.00135085813460004,0.0278171765197605,0.00595547585119317,7.21174068096533e-07,0.000156748846143688,0.000341810871790826,0.0547765358153549,0,2.15526482922531,0,2.70638223568397,7.94419849344684,1.82050799897996,0.00192986156804514,0.418528728507524,0.0413918762164001,0.312347332167529,0.0203798400974972,6.20034041548567,0.838856094454403,0.000104961578587593,0.00177806616820655,0.000173641761921306,1.06403987096013e-05,8.26411401314344e-05,9.41580150842153e-05,1.01058846695676e-05,0,0,0,1.04151716456288e-05,0,3.14875481697025e-06,0,0,0,0,0,0,0,0,0,1.94362683093723e-05,0,0,0,0,0,6.39637476173427e-06,0,3.63304144097246e-06,0,0,0,2.19448939557286e-06,0,0,0,0,0,0,1.5346456916825e-05,0.00160753193221253,0.100422685502494,0.00174303073689744,0.0051050878706715,0.000254667759007121
1.66337665167212,0.0081179021922164,0.172115929141765,0.000937087963483405,6.73879563250729e-05,0.48695049800617,11.9006642935266,0.070920494387074,0.379630440316046,0.0392976153870983,0.00196983088497541,0.0963936604963187,-7.14946452334639e-06,0.0167293990473242,0.0168202299378193,1.27432122489679,0.200588953448533,0.000246911657109696,0.00658873494624004,0.0132634074818572,11.2143777717936,0.337243355274305,2.66382731328474,0.702521555454419,0.00054008587286234,0.0164934560443548,0.0691957518944115,3.04424922196544,2.15526482922531,0,0,6.42385728490351e-05,0.0757785757393687,1.382100451943,0.00456934573829386,0.979320343828949,0.777618937635713,0.0258012490198429,0.004508492029207,0.552774239979219,0.00164461316062725,0.000149737293110229,0.0270927237008489,0.000617568763541389,4.87339119215347e-05,9.35787793679916e-05,0.000165856353206992,4.26859327831589e-05,0,0,0,5.88706020787696e-05,0,0,0,0,0,0.000121879129051902,0,1.53746695732972e-05,0,1.2214791484905e-05,0,6.59235496003734e-05,0,0,0,0,0,0,-1.29727685149834e-06,2.64454599001617e-06,0,0,1.5487102298067e-05,0,0,4.69916156188332e-05,0,0,0,0,5.117252398848e-05,0.00348367570106143,0.357138963597331,0.0245832195410414,0.0117363420426765,0.00124333437028638
0,0.00354154729752099,0.000318099718063203,0,0,0,0,0,0.000522577898400641,0,1.09907236180784,0,7.22405232632966,0,0,2.4184285712105e-05,0.000187843596558791,0.000446096706391159,0.00247850800425685,0,0,0.00187887991112216,0,0,0.00563896418728362,0.963749531012212,0.639889401362466,0,0,0,0,0,0,0.000522077221611257,5.388209401184e-06,0.0022583990235011,0.00197572410819216,-5.82896145990833e-05,0,0,0,0.00145811247250938,5.40986197183812e-05,0,0,0,0,0,0,0,0,0,0,0,0,0,0,0,0,0,0,0,0,0,0,0,0,0,0,0,0.000344146857296492,9.77863500922687e-06,0,-7.4501453378032e-05,0,0,0,0,0,0,0,0,0,4.1292279345103e-06,0.00506402731288671,0,0,0
1.88083708666055e-06,0,0,0,10.0181173140155,1.91351527489286,0,1.52016728285622,0,0,-9.08565044063035e-05,0,0,1.07719500672173,0.00318933259141994,7.17183375623955e-06,0,0,0,0,0,-2.75567974566128e-05,1.00537976635343e-05,0,0,-1.73378841136926e-05,0,0,2.70638223568397,6.42385728490351e-05,0,0,0.00518425844887574,0.665889402962466,0.000158413628017331,0.0172791993544553,0.000611905649538164,0.00995790293919702,0.000433449573927781,0.0454755326535694,1.74594839950034,0,0.000136770898005969,0,0,3.93233092921238e-05,0,1.89538380089695e-05,0,0,0,0,0,0,0,0,0,0,0,0,0,0,0,2.14714541785458e-05,0,0,0,0,0,0,0,0,0,0,0,0,0,0,0,0,0,0,0,0.000166450830534989,0.0356157521728028,0.000102540690269916,0.00085779559944032,0.000113507446308855
0.195297652553475,-4.40848099420402e-05,0.00181124592276927,0,0.0257613782604421,0.849144811374657,0.052240293186169,0.665399357381686,0.00144533906678446,0.000265173376417574,0.000154987271697965,0.0100180488014922,1.27432939018306e-05,0.194655454140245,0.119923315574716,0.00571960928970181,0.000234363167807352,0,0,0,0.00187523927791118,0.00213781425489751,0.00339635241292481,0.00183405272763309,0,0.000149628024335469,0.000277572848105973,0.00531090596616835,7.94419849344684,0.0757785757393687,0,0.00518425844887574,0,1.35882975641662,0.000215606602836699,1.10044322037434,0.0583626819563887,0.276043169614128,0.0583183971395896,5.7716937749923,0.130561220754986,0.000471096156784209,0.004959238077417,0.000116676694092795,1.28474584711128e-05,7.65666031846182e-05,5.50648634721766e-05,1.31780830418591e-05,0,0,0,0,0,0,0,0,0,0,0,0,0,0,0,0,0,0,0,0,0,0,0,0,0,0,0,0,0,0,0,0,0,0,8.94600154804491e-05,0.000190654666339814,1.06147988751195,0.0114224779706961,0.0224865250663931,0.000150748312703436
