# command_history: connectomestats -nshuffles 10000 -threshold 2 './output_tfnbsCTRL>ETth2/files.txt' tfnbs './output_tfnbsCTRL>ETth2/design_matrix.txt' './output_tfnbsCTRL>ETth2/contrast.txt' './output_tfnbsCTRL>ETth2/' -force  (version=3.0.3-98-gb3409159)
0,-1.30284150719535,-0.756103948588886,-0.600017925136033,0.579192275236581,0.138790687269271,2.26066859534085,-0.389285524046204,-0.299975931206482,1.21971679689271,-0.814076643929489,0.894253158524922,-0.93237865932133,0.724023726929705,0.745016763673211,0.208428500050268,-0.765351258850772,0,-0.8664934544722,-0.765822368048299,0.172410849283067,0.0514575075840365,-0.0666625814603265,-0.966185425771881,-0.888180840182435,-0.827747651440962,-0.917093997558116,1.13513601276118,0.0694355536570918,0.478364088626164,0,-1.31153420488125,-0.34736991836025,-0.679608615576381,1.01660926109384,0.724582461034992,0.730086458843422,-0.493964208069666,-0.877159400837129,0.256393026387328,-0.522602577776783,-0.888180840182437,1.02310152673278,1.34141472952458,1.01790371782168,1.01790371782168,1.01790371782168,0,0,0,0,0,0,0,0,0,0,0,0,0,0,0,0,1.01790371782168,0,0,0,0,0,0,0,0,0,0,0,0,0,0,0,0,0,0,0,1.01790371782168,-0.0297556066954164,1.03027216243187,1.24054867167986,1.01790371782168
-1.30284150719535,0,1.61349905300288,-0.874954489102915,-0.754485183163713,-2.15464169606489,-0.122061514804355,-0.2883116585137,1.09714926560307,-0.259565873031195,-0.0363460653311851,-0.587356578414088,-0.765910916478417,0,1.01790371782168,0.535085527140106,1.35721799037589,1.11307116097409,0.903249882124113,0,-0.693358145038405,-0.603485689879791,-0.131440060878807,-0.979713736751216,0.175792626833159,0.843035668024963,-0.894215073895558,-0.81668474067223,-0.0700803885029837,0.90408675161128,2.57584426673366,0,-1.10482228962917,-0.12663304017899,1.00521006650577,1.36280767804581,0.121434731490123,0.200676756391105,0.0204981919752882,1.10275958110355,-0.834142000483589,-0.465384017146349,0.782271150408758,-1.50354256777591,-1.34128040034142,-0.973878231419105,0.989660541418927,0,-1.51153686375554,0,0.474930078949117,-0.235310967751608,0,1.01790371782168,0,1.00530203729798,0,0.862640148885177,0,-1.11595054305863,0,-0.672399476830245,0,0.293468818066544,0.925976598696967,-1.25818663585444,0,-0.691300611292679,0,0,-1.40377750701996,-0.571736476679552,0,-1.18355773493416,-1.16284735619873,-0.884288746308285,0,0,1.00530203729798,0,0,0,-0.205946684242068,1.01974901261523,0.875980916444408,-0.50278406207907,1.9587311890163,1.01790371782168
-0.756103948588886,1.61349905300288,0,-0.777578352709131,0.933065581305975,0.505656882700195,0.809065563585078,0.412522406095158,0.554503488653558,-0.720421784840537,1.52162252202144,0.436091035535535,0.758444513908279,0.403188342456242,-0.786739872860647,0.625231995178567,-0.919822786723814,0.905768916559471,0.771155645296617,1.1252169584689,0.232626758841697,0.600961306175325,-0.770761248404872,0.21471749192368,0.338694523006839,0.135682014464653,-0.328329556965624,-0.276786650756411,0.671931850903278,1.22714439897755,0.453500734808604,0,1.22883233913957,-0.992807530057256,1.02869739238815,1.20663345652987,-0.709433865223723,0.933348493733861,-0.0386021413016477,0.917533732618079,0.269437383582537,1.21768802056878,1.09502376341775,1.16961979657605,0.933253917031737,1.04010788548449,1.01790371782168,1.28771028867133,-1.01027800269851,0,1.01727834735407,0,0,1.01790371782168,0,0,0,0.929984927501489,0,0.925976598696967,0,0.40766651181028,0,1.01790371782168,0,-0.908118874322238,0,0,0,0,0.622231454991364,0,0,0.754452743112126,1.08735073878352,-0.820481973058471,0,0,0,0,0,0,0,1.01790371782168,1.1684387063341,0.951793535991874,1.27526243424007,1.01790371782168
-0.600017925136033,-0.874954489102915,-0.777578352709131,0,0,-1.6804952251055,-1.45082926238027,0.659952948135039,-0.397439557925492,0.136921965646826,0,-2.03284459727229,0,-1.20479011317569,-0.865247269741119,-0.690474769318859,-0.527265381623784,0,0,-0.473541874112618,-1.0101790458346,-0.830528485592625,-0.0272782584463089,-0.429693428485923,0,-0.951100692173153,0.0732327251909473,0.136118163628407,-0.121260361432612,-0.906540978689009,0,0,0,-1.19528361082608,1.01790371782168,1.01656694714844,-0.444048092761068,0,-1.02590492294027,0.306006290780953,0,0,1.01790371782168,0,0,0,0,0,0,0,0,0,-0.728955818660543,0,-0.860543665726678,0,0,0,-1.13275080885162,0,-0.714754245667934,0,0,0,0,0,0,0,-0.627626755493975,0,0,0,0,0,0,0,1.12430030366222,0,0,0,0,0,0,1.01790371782168,1.01455435205719,1.01790371782168,1.01790371782168,1.01790371782168
0.579192275236581,-0.754485183163713,0.933065581305975,0,0,0.328301152391391,1.00530203729798,0.116838477348485,-1.06833258329561,0,-1.74933907618967,0.539286325698148,-0.261479178432703,-0.33496524363983,-0.243810356857089,1.01790371782168,-0.462590730545417,0,-1.01814846709572,0,1.01790371782168,-1.28350547118999,0.893945554583776,0,1.01790371782168,0.0121084947345794,-1.26297597277585,0,-0.815462029141789,1.27026164672431,0,-1.13474878013766,0.489240670263298,-1.01676999335593,-1.96303624838874,-0.463824031689387,0.213467151502772,-1.8647466854506,-0.647418334149598,-0.725733612957968,-1.19339122466725,-0.474003697649906,-1.23486402809991,0.725372073136286,-1.0632927524653,-1.12832153122906,-0.88128624615586,-0.054216839621206,-0.676353139654281,0.937469938648082,1.01790371782168,1.37833968415176,0,0.355745475245305,0.766062737378081,0.933065581305975,-0.840340720840237,-0.914110666256187,-0.959724527269315,0.415025762588238,0.0075751548202645,-1.03488225353383,-1.06506171646917,-2.35734701882252,0.957727741199306,0.00372980853872631,1.01790371782168,0.603999906753308,0,1.01988538915452,0.232043324197339,0.783424430036708,1.17904686363851,0,0.100978758113751,0.0757174205092526,1.01790371782168,-1.08999316110591,0.41992230906215,0,0,0,-0.487098614808956,-0.185893020889945,-0.814734042699644,-1.47852696791679,0.864321940525361,-1.26394879606189
0.138790687269271,-2.15464169606489,0.505656882700195,-1.6804952251055,0.328301152391391,0,-1.22543715526036,-0.181739280606039,-1.81898171323679,0.667731217256256,-0.617779398858629,-0.519000229498428,-0.821891265121019,0.335044386128388,0.491590147705802,0.558959194581166,0.601396921370168,0,0.162870546822945,0.188509358372838,0.762279758237126,-1.05346439481133,-0.025606379728583,-0.85063135291652,-1.06947347145045,-0.410196817852435,-0.296029758816901,-0.913177764827381,-0.26326426642069,0.994922273168714,0,-0.510957187272849,-0.566088031638034,-1.40856570201883,1.00004643680375,-0.413394832699651,-0.525030028464123,-1.82136166942902,-1.69505152018971,-0.849288558826919,0.863753806487709,-0.848535995174624,1.23294750431633,1.09415710921195,-1.01814846709572,1.01790371782168,0,0,0,0,0,0,0,0.0592817794947824,0,0,0,0,0,0,0,0,0,-0.923379464116537,0,0,0,0,0,0,-0.860147303225955,0,0,0,0,0,0,0,0,0,0,0,0,1.0138810148038,-0.801624437527085,-0.402712855452751,2.17712628017749,1.01790371782168
2.26066859534085,-0.122061514804355,0.809065563585078,-1.45082926238027,1.00530203729798,-1.22543715526036,0,0.200136089657518,-0.448925606236456,-0.796908017177954,-0.0529002819314913,0.619589705447666,0.746311333679528,-0.211903073886802,-0.730868661733356,-1.16989005013248,0.0772316194268609,0.925976598696967,0.457662763578262,-0.764740791144725,-1.19547799143735,-1.7613429089995,-0.358589909351905,0.376650390714759,-0.618042996715303,-0.479956463094517,-1.2640984415807,0.468484521726615,-0.461583693408377,0.0306384922685635,0,0,-0.881364309113007,-0.808842041068909,1.00417118258534,0.785297337931644,1.30899827437474,-0.148604355378545,0.40950687334049,-0.603694118722213,-0.502102278156367,-0.844283906052479,1.02115318602957,0.764660525167879,1.00402780480795,1.0102934201931,1.01790371782168,-0.934318340496816,0,0,0,1.01790371782168,0,0,0,0,0,-0.642202118581941,0,1.01790371782168,0,0,0,0,0,0,0,0,0,1.01790371782168,-1.33854194456572,0,0,0,0,0,0,0,0,0,0,0,0,1.01790371782168,0.231232788282263,1.01782624121814,1.60615729992417,1.01790371782168
-0.389285524046204,-0.2883116585137,0.412522406095158,0.659952948135039,0.116838477348485,-0.181739280606039,0.200136089657518,0,0.0661252856762964,-0.155551973833153,-1.49364103567956,1.48308996181176,-1.13971026121318,0.378331227522348,0.247315895404322,1.38198331562852,0.863530281089875,0,0,-0.411633178621101,1.54700534505041,0.374042359323772,1.43789880159727,0.52964460614522,-0.860147303225955,-0.802391253285956,0.390594426863665,0.960107984646474,-1.63237729460028,1.45531342924027,0,0.506118507340371,0.00151596705810318,0.196970688228096,1.01608258699509,-0.117621138097151,-1.0686970877828,0.296700915307691,-0.815139564283257,0.361429627648806,0.571799600756342,-1.13949022069267,0.9086004086076,0,0,1.01790371782168,0.865099200316791,0,0,0,0,0,0,0,0,0,0,0,0,0,0,0,0,0.96754911944742,0,0,0,0,0,0,0,0,0,0,0,0,0,0,0,0,0,0,0,1.01790371782168,-0.607413453795318,1.03562001765067,1.01790371782168,1.01790371782168
-0.299975931206482,1.09714926560307,0.554503488653558,-0.397439557925492,-1.06833258329561,-1.81898171323679,-0.448925606236456,0.0661252856762964,0,-1.70645597049504,0.156526678498533,-1.63228377576656,1.33763149231716,0.0929304328542071,1.02271314829735,-0.385233970356946,0.259752663538703,-0.122487920518158,0.581525697094567,0.788729224514536,1.19170274518506,-0.60267074992482,0.615081210655515,-1.2778373365969,0.234265993833688,0.0233086220932234,0.0834235503737106,-0.223968648336281,-0.254592760031537,0.886079606747932,1.39499052357641,0,0.443391214859878,-0.108887016108074,1.03642211949064,1.43824873633505,1.06377231854695,0.836437666676805,1.05384282725853,2.19373465462052,0.309825378549831,1.42638347571171,0.84150013658199,1.50412554213719,1.39833847008567,0.32368997156805,1.55618849127339,-0.7381891169431,1.24383610595073,0,1.59069603570229,0.117103727441986,0,0,1.45525339440676,1.27927055130978,1.61021440932111,-1.23306483718854,1.33078323713909,2.0188377125041,1.6525158187915,1.60047784886552,1.68567123563253,1.24234114311813,1.26276759127656,1.5159076133284,-0.478353643218323,0.568945639020026,0,1.65163534595888,0.96579257886611,0.792508050689214,1.80139855393275,0.526581854537477,1.15542891425832,1.45045708680068,1.91039853427369,0,1.24212509815744,0,0,0,0.880616412397951,1.0301336913864,0.931843033713623,1.25352563425137,0.301901880849633,1.01790371782168
1.21971679689271,-0.259565873031195,-0.720421784840537,0.136921965646826,0,0.667731217256256,-0.796908017177954,-0.155551973833153,-1.70645597049504,0,-0.113481437423497,-1.26764481111823,0,1.42748154696692,-0.507648571063793,0.0532778384102234,-0.412913054368126,0,0.933065581305975,0.118829474067494,-0.331267048598514,-1.16535092407524,-0.921852814089771,0.150560954228929,0,1.45578174788731,-0.857228122187076,0.055685544443113,0.563154231537046,-0.00868558370756181,0,0,0.575543274076257,-0.592813579378676,1.01790371782168,1.00287211000932,0.427409385100781,-0.453735323124289,1.31164041378508,0.301087617050172,0,0,1.04575680914788,0,0,0,0,0,0,0,0,0,0,0,0,0,0,0,0,0,-0.860543665726678,0,0,0,0,0,0,0,0,0,0,0,0,0,0,0,0,0,0,0,0,0,0,1.01790371782168,0.99574956984948,1.01668150333012,1.01790371782168,1.01790371782168
-0.814076643929489,-0.0363460653311851,1.52162252202144,0,-1.74933907618967,-0.617779398858629,-0.0529002819314913,-1.49364103567956,0.156526678498533,-0.113481437423497,0,0.63440449787012,-0.707343188359656,-0.146385982249258,1.14994971434143,-0.670397711336999,1.16353718534052,-0.698077494689015,0.201302129813624,0,0.654481988594066,1.55651392956453,0.780113256165202,-0.924619967223849,-1.02346997737892,0.711186108513594,0.114094073935622,-0.994680637489802,-0.729773157433346,0.491131427980055,-0.916858567744827,-0.540397373275971,-0.887334822857834,0.434545554573299,1.05100485814564,1.5760439958383,-0.242077081470474,0.522646206850482,0.218654157833228,0.980887413200009,0.584653770245531,-0.798268953569614,-0.355416714147101,0.544617503039631,0.190101252874092,1.65391993665646,-0.860543665726678,-1.1930964526901,0.587165576382142,0,0.850690904263891,-0.179519495470999,0,0,0,0,0,0.435209495299394,0,-1.13050269552424,0,-0.632182183568117,0,0,0,-1.23264035365536,-0.820481973058471,-0.874954489102915,0,0,1.08880209987014,1.04191313503548,1.10451760039117,-0.790268093088515,-0.784922769681052,-1.08738713660525,0,0,0,0,0,0,-1.34278397253901,1.00127873758413,1.67462311207464,0.216333378456069,1.68902302738213,1.01790371782168
0.894253158524922,-0.587356578414088,0.436091035535535,-2.03284459727229,0.539286325698148,-0.519000229498428,0.619589705447666,1.48308996181176,-1.63228377576656,-1.26764481111823,0.63440449787012,0,-0.934318340496816,1.26086551961702,-0.640964739337854,-0.899061256477124,-0.61441623084086,0,-0.811054289962503,-0.207673823743343,-0.935787890758521,-1.32597492446194,-0.466712257092137,-0.65969226312723,0,0.842733483166046,-1.68448382444612,1.07853964319748,1.23397086846452,0.536384896425851,0,0,1.53590306032813,0.0219735160194094,0.0383496123981448,-0.771467460698592,1.54902227537958,-0.855902082624874,-1.4511132193871,0.00466006549468237,-1.10614957310088,-1.01027800269851,-0.0708271634883197,-0.847815786426005,0,-1.20383933499478,1.08828699565821,1.08828699565821,0,0,0,0,0.0299048124659549,0,-0.860543665726678,0,0,0,-1.50585391234213,0,-1.11879679447807,0,0,0,0,0,0,0,-0.406631469934887,0,0,0,0,0,0,0,0.138289178176758,0,0,0,0,0,0,1.0166816032425,-1.03260379259491,0.572747539149101,1.34814463213382,0.0548287726380728
-0.93237865932133,-0.765910916478417,0.758444513908279,0,-0.261479178432703,-0.821891265121019,0.746311333679528,-1.13971026121318,1.33763149231716,0,-0.707343188359656,-0.934318340496816,0,0.923283131637593,0.530689836927865,0.402350561185342,-0.0166082891296825,-0.822028260259777,-1.33632007535818,0,0.733693567927868,1.46376559041495,0.209833553261889,-0.614226477480498,-0.727518427515978,-0.744345443829181,-1.40359057629732,-1.26105268611809,-1.04015961073378,-1.83846008085844,-1.00931100274513,0,0.925976598696967,0.138828509627156,0.989498976904665,0.743511472848815,0.602171141611066,-0.465523257714445,-0.647891835468917,-1.00682291664162,-0.508503513415247,-1.57403414981497,-0.309086776225947,-0.387019256429574,0.516049305302894,0.727923921836687,0.0662664505424737,0.328571413498535,0.668762581787674,0,0.648345382195319,0.655932154464492,0,0,0.925976598696969,-0.574690933411118,1.01790371782168,-0.0527998958583835,0,0.419434866638354,0,-1.63198577337223,0,0.193391639043691,0.175429046381622,0.684957007458853,-0.820481973058471,0.90111969580904,0,1.04960303573245,0.0722250030802878,0.586224767029682,1.19676169342823,0.355044715268646,-0.608077356322008,-0.62085266480375,0,0,1.06485859861135,0,0,0,0.490734677619025,0.895884574708057,0.387430822848625,0.123275057297128,1.91680233823853,1.06579886927945
0.724023726929705,0,0.403188342456242,-1.20479011317569,-0.33496524363983,0.335044386128388,-0.211903073886802,0.378331227522348,0.0929304328542071,1.42748154696692,-0.146385982249258,1.26086551961702,0.923283131637593,0,-0.0630990001543836,1.75012153293141,-0.9252666109367,0,0,0.171635400729291,1.88836698350777,-0.840591759808997,1.0114421972546,0.203260961826709,0,1.10451760039117,-0.109973205265895,0.381015845720477,-0.282447265067659,1.26442574045861,0,0.399491253513681,0.77869365423661,1.08928856585411,1.01776857033232,0.993684555059911,1.16095546491835,0.820400272208047,-0.790064287955304,0.116740704958178,0.983464005408394,0,1.02524471233232,1.01790371782168,1.01790371782168,1.01790371782168,1.01790371782168,0,0,0,0,0,0,1.01790371782168,0,0,0,0,0,0,0,0,0,1.01790371782168,0,0,0,0,0,0,0,0,0,0,0,0,0,0,0,0,0,0,1.01790371782168,1.01790371782168,0.915575937427252,1.01428988634002,1.01790371782168,1.01790371782168
0.745016763673211,1.01790371782168,-0.786739872860647,-0.865247269741119,-0.243810356857089,0.491590147705802,-0.730868661733356,0.247315895404322,1.02271314829735,-0.507648571063793,1.14994971434143,-0.640964739337854,0.530689836927865,-0.0630990001543836,0,-1.14161925181035,1.39048328805084,0,-1.09649952751042,-0.0918774667545004,-1.3036291547007,-1.24412566086005,0.24417691209418,0.323802580123989,-0.766017052802372,1.01790371782168,0.445486883559658,-1.10266386457939,0.329467037426559,0.793068835211347,0,-0.218649956118668,0.0942570858859468,0.547782716663421,-1.35086873713856,0.23581912303951,1.45761464088564,0.0566220483547518,0.0659628594915495,-0.23035984005561,0.844485937919867,-1.6821800420495,-0.423410212488833,2.10627163769299,-0.998863453296826,-0.906607229929102,0.520887281298492,0.216911063699118,-0.857588943064076,0,0.962693079963063,1.66030267215764,1.01790371782168,1.18138242668888,0.0186443848837756,-0.76224421687367,-0.767748586286063,1.37942840908687,0,1.09920658959454,-0.990964108712672,-1.27143701907371,0.462555565184279,0.333302649608366,0.789707195874246,-0.0977009771567328,1.01790371782168,0.857596692607602,0,0.889857405131746,1.1518371814054,1.06653110987672,1.21420928703798,1.01790371782168,-0.0523810308540134,-0.666404686579543,-0.26433638519275,-0.134074501394111,0.857447524439495,0,0,-1.01814846709572,0.345262303771714,0.559691737096472,-0.269555138406186,-0.694198375435014,0.717830021813082,-0.680084313467739
0.208428500050268,0.535085527140106,0.625231995178567,-0.690474769318859,1.01790371782168,0.558959194581166,-1.16989005013248,1.38198331562852,-0.385233970356946,0.0532778384102234,-0.670397711336999,-0.899061256477124,0.402350561185342,1.75012153293141,-1.14161925181035,0,0.585122179623113,-0.395628759473638,0.050925116497887,1.18282706175905,-0.469058203398114,-0.304706976696398,0.686221272825483,0.224008638725752,-0.773513229230147,-0.355414388901948,-0.624954779342489,0.358566041969178,0.36213161255172,-1.07183185193521,1.01790371782168,1.01790371782168,1.10524425454382,-0.586365728596766,1.01809449908266,1.17749269220778,1.08150836212952,1.25943159603898,0.43928536952418,0.270912123610246,-0.85130638710357,0.358292287512974,1.06144014863459,0.945282003788382,1.01790371782168,1.01790371782168,1.01790371782168,0.95183240527214,1.01790371782168,0,0,1.01790371782168,0,1.01790371782168,0,0,0,0.450554746115524,0,1.01790371782168,0,0,0,1.01790371782168,-0.820149406971029,0,0,0,1.01790371782168,-0.820481973058471,-0.601969952018071,-0.819774239805531,0,0,0,1.01790371782168,-0.717588339968685,0,-0.820481973058471,0,0,0,1.01790371782168,1.01790371782168,1.22546888146912,0.996777892436457,1.48815134269697,1.01790371782168
-0.765351258850772,1.35721799037589,-0.919822786723814,-0.527265381623784,-0.462590730545417,0.601396921370168,0.0772316194268609,0.863530281089875,0.259752663538703,-0.412913054368126,1.16353718534052,-0.61441623084086,-0.0166082891296825,-0.9252666109367,1.39048328805084,0.585122179623113,0,1.42088640443899,-0.564269162514656,-0.145385251626379,0.858118135524442,0.170900703677872,-0.594044117757854,-0.474525551984291,-0.695283040072802,-1.17244425255807,0.0903988297159671,-0.698137965683011,0.132714996400654,0.245018302170768,0.441094923547391,0,0.0665001992301137,0.986550342297425,1.01790371782168,0.776024543671772,-0.246770158380615,1.1027428336824,0.897872054835903,1.15618252153943,0.684373015651861,1.7072053788833,0.615935160961939,0.928580961586127,1.01790371782168,1.01790371782168,1.01790371782168,1.01790371782168,-1.10482228962917,0,1.08735073878352,0,0,1.01790371782168,0,0,0,0.528110809882668,0,1.01790371782168,0,-0.888180840182437,0,1.01790371782168,0,0,0,0,0,0,0.986466808922334,1.01790371782168,0,-0.324774881262229,0,-0.908118874322238,0,0,0,0,0,0,0.932312126218482,1.01790371782168,0.829970467494687,0.185344028239139,1.55731032842955,1.01790371782168
0,1.11307116097409,0.905768916559471,0,0,0,0.925976598696967,0,-0.122487920518158,0,-0.698077494689015,0,-0.822028260259777,0,0,-0.395628759473638,1.42088640443899,0,-0.450008596876019,0,1.28292889691055,0.355943977090841,0.890682004487637,0.674340882615391,-0.71006738273027,1.04659134383391,0.29929970769177,0.132334679545479,1.20353726081541,1.21577652982891,-0.527363659845492,0,0,0.115451798576108,1.01790371782168,1.32649770824972,-0.94659516827185,0.248926406064554,-0.422102392006848,-0.230463943723477,0,0,1.36442455577484,0,0,0,0,0,0,0,0,0,0,0,0,0,0,1.30583444045558,0,0,0,0,0,0,0,0,0,0,0,0,0.718122768820002,0,0,0,0,0,0,0,0,0,0,0,0,1.01790371782168,1.44928359539876,1.01790371782168,0,0
-0.8664934544722,0.903249882124113,0.771155645296617,0,-1.01814846709572,0.162870546822945,0.457662763578262,0,0.581525697094567,0.933065581305975,0.201302129813624,-0.811054289962503,-1.33632007535818,0,-1.09649952751042,0.050925116497887,-0.564269162514656,-0.450008596876019,0,0,-0.0588510900948684,0.417360608489038,-0.450987085423885,-0.847303128704174,-1.34368245345609,-2.05424938278184,0.663913297950302,-0.35236497140787,0.295335882193484,0.0560751861960769,-0.146600863415539,0,0,0.922701055497845,1.01790371782168,1.06409791105763,-0.488225502118909,1.7563184579854,0.917548593609058,1.41400365441852,-1.47813034169818,0.00190514211871845,1.0276691243343,1.74886983719836,0,1.01790371782168,-0.86054366572668,0,0,0,-0.97053176570705,-0.908118874322238,0,0,0,0,0,-0.0084001418873656,0,0,0,-0.820481973058471,0,0,0,0,0,0,0,0,-0.169828634099489,0,0,1.47903479912117,-0.908118874322238,-0.908118874322238,0,0,0,0,0,0,0,1.01790371782168,0.649464853042501,-0.787657099583717,1.42667435413436,1.01790371782168
-0.765822368048299,0,1.1252169584689,-0.473541874112618,0,0.188509358372838,-0.764740791144725,-0.411633178621101,0.788729224514536,0.118829474067494,0,-0.207673823743343,0,0.171635400729291,-0.0918774667545004,1.18282706175905,-0.145385251626379,0,0,0,0.835544272260901,0.897909140118948,1.45792445657123,0.42847082119184,0,-0.321474353989473,1.51050476629528,0.735494961342376,-0.707014683505409,2.24799426253426,0,0,0,-0.53030823531262,1.01790371782168,1.00553214451125,1.404025629954,-0.221564773889164,0,-0.1715676023114,0,0,1.01790371782168,0,0,1.01790371782168,1.01790371782168,0,0,0,0,0,0.925976598696969,0,0,0,0,0,0.925976598696967,0,-0.828075247502927,0,0,0,0,0,0,0,0.931658969805187,0,0,0,0.925976598696967,0,0,0,0,0,0,0,0,0,0,1.01790371782168,0.986108568966343,1.01790371782168,1.01790371782168,1.01790371782168
0.172410849283067,-0.693358145038405,0.232626758841697,-1.0101790458346,1.01790371782168,0.762279758237126,-1.19547799143735,1.54700534505041,1.19170274518506,-0.331267048598514,0.654481988594066,-0.935787890758521,0.733693567927868,1.88836698350777,-1.3036291547007,-0.469058203398114,0.858118135524442,1.28292889691055,-0.0588510900948684,0.835544272260901,0,0.372479297664584,-0.735816647486873,-0.805062558130339,-1.05011729331525,-0.819211754422356,-1.77004612004135,-0.809841414852547,0.766222868823589,0.125042475904784,0,0,0.594123350045234,-0.674511912679375,1.01797274456638,0.633492042499596,-1.35980634443775,-1.21192156348516,-1.46339567938404,-0.944968777684329,0.21793441628527,-0.421894773832521,1.00834464185512,1.01790371782168,1.0256136022384,1.01790371782168,1.01790371782168,1.01790371782168,-1.10482228962917,0,0,1.01790371782168,0,1.01790371782168,0,0,0,0.794070650339706,0,0,0,0,0,1.01790371782168,0,0,0,0,0,0,-0.0398161220157001,0,0,0,0,0,0,0,0,0,0,0,1.01790371782168,1.01790371782168,0.353136746059915,1.01135357622766,1.35570140841317,1.01790371782168
0.0514575075840365,-0.603485689879791,0.600961306175325,-0.830528485592625,-1.28350547118999,-1.05346439481133,-1.7613429089995,0.374042359323772,-0.60267074992482,-1.16535092407524,1.55651392956453,-1.32597492446194,1.46376559041495,-0.840591759808997,-1.24412566086005,-0.304706976696398,0.170900703677872,0.355943977090841,0.417360608489038,0.897909140118948,0.372479297664584,0,0.516089908396926,-1.98232004745539,0.0869539780917035,-1.3069956281038,-0.763226948368879,-0.666637508409198,-0.711216277639258,-0.313449893571107,0.965885720456167,-0.874954489102915,0.182739764647942,-1.06432006724073,1.02416123719109,0.752686190164896,1.58763485935147,0.557155245770235,-0.206674476346544,1.09250303740009,0.534360873967865,-0.128717625971676,0.4856936055592,0.999681070132732,1.47183983851344,1.34189615073398,1.04638103748107,0.907722649346794,-0.0821931914333049,1.2510058721512,0.791086296093401,1.44426535158273,0,0,1.46533107547994,0.894452652244342,1.7506645625171,-1.2663962010231,1.10587151188667,0.648636523678152,0,-0.772088670289618,1.47686049761747,1.01790371782168,0.519442433715606,1.69902610225278,-0.860543665726678,1.93779403147949,0,1.52426855629609,0.37184299014031,1.7079225827948,0.0567535821053151,-0.722247433944982,1.12828654480025,1.45787541004717,1.45611357413168,0,0.962282925236079,0,0,0.923283131637593,1.65243049462527,1.01276558891033,0.222746764794732,-0.577336681422201,1.74238675949634,1.01790371782168
-0.0666625814603265,-0.131440060878807,-0.770761248404872,-0.0272782584463089,0.893945554583776,-0.025606379728583,-0.358589909351905,1.43789880159727,0.615081210655515,-0.921852814089771,0.780113256165202,-0.466712257092137,0.209833553261889,1.0114421972546,0.24417691209418,0.686221272825483,-0.594044117757854,0.890682004487637,-0.450987085423885,1.45792445657123,-0.735816647486873,0.516089908396926,0,-0.309235364420858,-0.448586806572638,-1.70938181192461,-0.193541323276035,-0.953223569190491,0.989193192387241,0.152042937199584,0,1.01790371782168,0.606833142340605,1.08201369557203,1.0167617454309,1.01412162102657,-0.555161991391807,0.885253076855685,-0.619366399460372,0.00442408564535993,0.280015589739154,0.395331570677285,0.703732980136337,0.871612571821995,0.907131180710861,1.02763033767731,1.00449697938672,1.07171658568939,1.45025127848764,0,1.08735073878352,1.01790371782168,0,1.01790371782168,0,0,0,0.683299778051154,0,1.01790371782168,0,1.01790371782168,0,1.01790371782168,1.01790371782168,0,0,0,0,1.01790371782168,-1.00891542739498,1.01790371782168,1.01790371782168,2.28874471597918,0.933065581305975,-0.908118874322238,1.01790371782168,1.01790371782168,0,0,0,1.01790371782168,1.01790371782168,1.01781423842617,0.347816432210369,0.663409367702174,2.24726041844291,1.01790371782168
-0.966185425771881,-0.979713736751216,0.21471749192368,-0.429693428485923,0,-0.85063135291652,0.376650390714759,0.52964460614522,-1.2778373365969,0.150560954228929,-0.924619967223849,-0.65969226312723,-0.614226477480498,0.203260961826709,0.323802580123989,0.224008638725752,-0.474525551984291,0.674340882615391,-0.847303128704174,0.42847082119184,-0.805062558130339,-1.98232004745539,-0.309235364420858,0,-0.848343938853201,-0.706170686823626,-1.34774749007571,-0.105838891061065,-0.564502918623473,0.290821643772645,0,0,0.925302159673494,-0.495785468754738,1.01790371782168,1.56320208498546,0.837477985654296,0.264568406023349,0.898674064146177,0.185693194734374,1.53065239478312,0.937667082335903,1.03744210448266,1.01214036458699,0.982368165136853,1.01790371782168,1.04950752914834,1.01790371782168,1.01790371782168,0,1.47959563859523,1.01790371782168,0.869302826929857,0,0,0,0,1.43866590068888,0,1.01790371782168,1.01790371782168,0,0,1.01790371782168,0,0,0,0,0,0,-0.512426118200486,1.01790371782168,1.08828699565821,-0.852316693015102,1.01790371782168,1.01790371782168,0,0,0,0,0,0,1.01790371782168,1.01790371782168,1.37858565841664,1.01324697856068,1.5406596621885,1.01790371782168
-0.888180840182435,0.175792626833159,0.338694523006839,0,1.01790371782168,-1.06947347145045,-0.618042996715303,-0.860147303225955,0.234265993833688,0,-1.02346997737892,0,-0.727518427515978,0,-0.766017052802372,-0.773513229230147,-0.695283040072802,-0.71006738273027,-1.34368245345609,0,-1.05011729331525,0.0869539780917035,-0.448586806572638,-0.848343938853201,0,-0.399459392153622,-0.857476422829119,-1.05316607837403,-1.07771017645895,-0.706502523219246,0.213110290986054,0,0,-1.34003573184863,1.01790371782168,0.313833011209597,1.09375118759125,-1.01320642898532,-0.112000429389709,1.45999282808697,-0.54189816612756,-0.0163502400811979,-0.420762816827284,-0.998030653212614,-0.268911596283225,0.37344828515359,0.470770184250035,0,-0.503507798510797,0,0.862614002541585,-1.24889105923091,0,0,0,0,0,0.334207325660246,0,-0.893621762359729,0,0.499634879478201,0,1.01790371782168,0.045058528378979,-0.661408204197128,-0.929881127676084,-0.228937162425913,0,-0.616595127252735,0.358248932757632,-0.333523035595289,0,0.176810215483514,-0.957469790705227,-0.934507892997738,0,0,0,0,0,0,-0.0322777751880784,1.12273998340108,0.645913093976993,0.674721117405336,1.53379949344332,1.01790371782168
-0.827747651440962,0.843035668024963,0.135682014464653,-0.951100692173153,0.0121084947345794,-0.410196817852435,-0.479956463094517,-0.802391253285956,0.0233086220932234,1.45578174788731,0.711186108513594,0.842733483166046,-0.744345443829181,1.10451760039117,1.01790371782168,-0.355414388901948,-1.17244425255807,1.04659134383391,-2.05424938278184,-0.321474353989473,-0.819211754422356,-1.3069956281038,-1.70938181192461,-0.706170686823626,-0.399459392153622,0,0.312459233543373,-0.911454681951393,-0.650124736890696,-0.592985911040166,-0.68980905339898,-0.820481973058471,0.895573697488841,-0.71865475053547,1.01790371782168,1.14577722217134,-0.585542281449335,-0.212226017935878,-1.11784795762761,1.26003154818973,-0.0207416745437614,1.17304252072489,1.01876072933584,0.693428346875151,1.01790371782168,1.18092520208865,0.0937636640986619,1.01790371782168,-0.364046448681369,0,1.24325903495111,0,0,1.01790371782168,0,0,0,0.936741237003548,0,-0.401465704077944,0,-0.699280060526883,0,1.01790371782168,0,0,-0.820481973058471,0,0,0,-0.395263894129874,-0.908118874322238,0,-0.502806188824228,-0.741937830741953,-0.819883461538804,0,0,0,0,0,0,1.01790371782168,1.01790371782168,1.20299267170857,0.945325093074839,1.5900441381342,1.01790371782168
-0.917093997558116,-0.894215073895558,-0.328329556965624,0.0732327251909473,-1.26297597277585,-0.296029758816901,-1.2640984415807,0.390594426863665,0.0834235503737106,-0.857228122187076,0.114094073935622,-1.68448382444612,-1.40359057629732,-0.109973205265895,0.445486883559658,-0.624954779342489,0.0903988297159671,0.29929970769177,0.663913297950302,1.51050476629528,-1.77004612004135,-0.763226948368879,-0.193541323276035,-1.34774749007571,-0.857476422829119,0.312459233543373,0,-1.88114809802254,-0.993129989552758,-0.965213147681135,-0.162414349234926,0,0.178886484259057,-1.13378580265336,1.01779079584768,1.05269605463327,-0.017303530108823,-0.839963290329161,-1.21159062159323,0.914693957317996,-1.33502594757389,0.348824984137689,0.954854428422892,0.208064025995238,-0.0462252885293432,1.01790371782168,1.0209409083708,0.927185889509875,-1.29184178594704,1.01790371782168,0.595794040943099,1.01790371782168,0,1.01790371782168,0,0,0,0.985744301414553,0,-1.28505151501358,0,-0.436319760684432,1.01790371782168,1.01790371782168,0,-1.31062680576718,0,-0.820481973058471,0,0,-1.40233782854177,0,0,-0.45762947234866,-0.876458892086538,-1.08670457309929,0,0,0,0,0,0,1.01790371782168,1.01785353644507,0.945822461547187,0.657427536178438,1.41144380578672,1.01790371782168
1.13513601276118,-0.81668474067223,-0.276786650756411,0.136118163628407,0,-0.913177764827381,0.468484521726615,0.960107984646474,-0.223968648336281,0.055685544443113,-0.994680637489802,1.07853964319748,-1.26105268611809,0.381015845720477,-1.10266386457939,0.358566041969178,-0.698137965683011,0.132334679545479,-0.35236497140787,0.735494961342376,-0.809841414852547,-0.666637508409198,-0.953223569190491,-0.105838891061065,-1.05316607837403,-0.911454681951393,-1.88114809802254,0,0.103825532957176,-0.917073506345528,0,0,0.473701559530519,-0.071518878496392,1.01307463670648,0.357042490781219,0.221739417060975,-0.964830239904505,-0.743894635478193,-0.58229318200809,-0.392888999667047,-0.60046676259871,1.05031576784072,1.16738649802321,1.01790371782168,-1.20713754243038,0.774537766899894,0,0,0,0,0,-0.908118874322238,0,0,0,0,0.240731114493283,-0.908118874322238,0,0,0,0,1.01790371782168,0,0,0,0,-0.908118874322238,0,-0.405525992186052,1.01790371782168,0,0,0,0,0,0,0,0,0,1.01790371782168,1.01790371782168,1.01790371782168,0.0217691861498281,1.02525940355487,1.23750833260256,1.01790371782168
0.0694355536570918,-0.0700803885029837,0.671931850903278,-0.121260361432612,-0.815462029141789,-0.26326426642069,-0.461583693408377,-1.63237729460028,-0.254592760031537,0.563154231537046,-0.729773157433346,1.23397086846452,-1.04015961073378,-0.282447265067659,0.329467037426559,0.36213161255172,0.132714996400654,1.20353726081541,0.295335882193484,-0.707014683505409,0.766222868823589,-0.711216277639258,0.989193192387241,-0.564502918623473,-1.07771017645895,-0.650124736890696,-0.993129989552758,0.103825532957176,0,-0.535045012227336,0,-1.33648189038972,-0.680945530199742,-0.412388157577076,1.00830744014883,-0.763102789288831,0.215355191262253,-1.00390819996642,-0.120642819538521,0.120910439175268,0.718449521238324,-0.295588223899878,0.777288828348361,1.23333877320664,1.01790371782168,0.980876620138935,1.02794135381695,-0.0485832881960592,0,0,0,1.01790371782168,0,1.01790371782168,0,0,0,0,0,0,0,0,0,0.938443856192623,0,0,0,0,0,1.01790371782168,0,1.01790371782168,0,0,0,1.01790371782168,0,0,0,0,0,0,1.09141875642367,1.01770072856025,-0.901182835558464,0.826978053647766,1.81725135218675,1.02955711976144
0.478364088626164,0.90408675161128,1.22714439897755,-0.906540978689009,1.27026164672431,0.994922273168714,0.0306384922685635,1.45531342924027,0.886079606747932,-0.00868558370756181,0.491131427980055,0.536384896425851,-1.83846008085844,1.26442574045861,0.793068835211347,-1.07183185193521,0.245018302170768,1.21577652982891,0.0560751861960769,2.24799426253426,0.125042475904784,-0.313449893571107,0.152042937199584,0.290821643772645,-0.706502523219246,-0.592985911040166,-0.965213147681135,-0.917073506345528,-0.535045012227336,0,0,-0.332771551185866,-0.117695791589102,-0.745361949682235,1.02241249646269,1.79948843124708,-0.449968907274122,0.408277663947921,-0.108035283697315,1.55916276780758,0.735274235210966,-0.781855793794258,1.05772445982872,0.996681121224074,1.01790371782168,0.991803122527185,1.01790371782168,1.01790371782168,0,0,0,1.01790371782168,0,0,0,0,0,-0.676458944366278,0,0.987725362443209,0,1.01790371782168,0,1.01790371782168,0,0,0,0,0,0,-2.47323094400778,1.01790371782168,0,0,1.01790371782168,0,0,1.01790371782168,0,0,0,0,1.01790371782168,1.01790371782168,0.972214851915532,1.02056095051836,1.82078796764807,1.01859417506138
0,2.57584426673366,0.453500734808604,0,0,0,0,0,1.39499052357641,0,-0.916858567744827,0,-1.00931100274513,0,0,1.01790371782168,0.441094923547391,-0.527363659845492,-0.146600863415539,0,0,0.965885720456167,0,0,0.213110290986054,-0.68980905339898,-0.162414349234926,0,0,0,0,0,0,-0.186962746826717,1.01790371782168,1.02009157471544,-0.273352188181903,-0.5606141380477,0,0,0,1.4937376793465,-0.307257330762504,0,0,0,0,0,0,0,0,0,0,0,0,0,0,0,0,0,0,0,0,0,0,0,0,0,0,0,-0.602665139374316,1.01790371782168,0,-0.820481973058471,0,0,0,0,0,0,0,0,0,1.01790371782168,1.0150213161975,0,0,0
-1.31153420488125,0,0,0,-1.13474878013766,-0.510957187272849,0,0.506118507340371,0,0,-0.540397373275971,0,0,0.399491253513681,-0.218649956118668,1.01790371782168,0,0,0,0,0,-0.874954489102915,1.01790371782168,0,0,-0.820481973058471,0,0,-1.33648189038972,-0.332771551185866,0,0,0.806953732363718,0.821548828336753,1.01790371782168,1.0119794674871,-0.699509379778331,-1.36160794575211,-0.501929769348102,-2.03747189630251,-1.04318805888949,0,1.01790371782168,0,0,1.01790371782168,0,1.01790371782168,0,0,0,0,0,0,0,0,0,0,0,0,0,0,0,1.01790371782168,0,0,0,0,0,0,0,0,0,0,0,0,0,0,0,0,0,0,0,1.01790371782168,1.01775715386564,1.01790371782168,1.01790371782168,1.01790371782168
-0.34736991836025,-1.10482228962917,1.22883233913957,0,0.489240670263298,-0.566088031638034,-0.881364309113007,0.00151596705810318,0.443391214859878,0.575543274076257,-0.887334822857834,1.53590306032813,0.925976598696967,0.77869365423661,0.0942570858859468,1.10524425454382,0.0665001992301137,0,0,0,0.594123350045234,0.182739764647942,0.606833142340605,0.925302159673494,0,0.895573697488841,0.178886484259057,0.473701559530519,-0.680945530199742,-0.117695791589102,0,0.806953732363718,0,0.479679476784975,0.998500707011291,0.131864632022474,1.36692084343681,2.70223236121049,1.60066139518369,0.222282245578465,1.10865418240649,0.84421211489959,1.10354744863605,0.737455004818811,0.751165856793448,0.625628062094489,1.01790371782168,1.01790371782168,0,0,0,0,0,0,0,0,0,0,0,0,0,0,0,0,0,0,0,0,0,0,0,0,0,0,0,0,0,0,0,0,0,0,0.984827658043165,1.03865321032305,0.69515136595209,1.15200620284132,1.83474481149529,1.01790371782168
-0.679608615576381,-0.12663304017899,-0.992807530057256,-1.19528361082608,-1.01676999335593,-1.40856570201883,-0.808842041068909,0.196970688228096,-0.108887016108074,-0.592813579378676,0.434545554573299,0.0219735160194094,0.138828509627156,1.08928856585411,0.547782716663421,-0.586365728596766,0.986550342297425,0.115451798576108,0.922701055497845,-0.53030823531262,-0.674511912679375,-1.06432006724073,1.08201369557203,-0.495785468754738,-1.34003573184863,-0.71865475053547,-1.13378580265336,-0.071518878496392,-0.412388157577076,-0.745361949682235,-0.186962746826717,0.821548828336753,0.479679476784975,0,0.962961457261679,-0.426919985412193,-0.935390456014448,0.0301454933709291,-0.497700078291571,0.0792401159042466,-0.351418494247584,-0.621753525140847,-1.25876848477997,-0.759210744055101,0.0767870056179312,-0.408361853664117,0.226430078104981,-0.140889596168722,-0.478103143299502,0,-0.768978345037741,1.10448087577102,0,0.460519717212598,-1.20713754243038,0,0,0.0263784626425967,0,-0.803505462455819,0,0.278175376826156,1.01790371782168,0.673273498963549,0,1.01790371782168,0,0,0,0,-0.292240097520267,-0.891676299837097,0,0.344244723675754,-0.328442021896374,-0.952833517912234,0,0,1.01790371782168,0,0,0,-0.37060939450814,1.01758286858794,-1.15491154538846,-1.0856889965914,1.68621589144191,1.01375515838712
1.01660926109384,1.00521006650577,1.02869739238815,1.01790371782168,-1.96303624838874,1.00004643680375,1.00417118258534,1.01608258699509,1.03642211949064,1.01790371782168,1.05100485814564,0.0383496123981448,0.989498976904665,1.01776857033232,-1.35086873713856,1.01809449908266,1.01790371782168,1.01790371782168,1.01790371782168,1.01790371782168,1.01797274456638,1.02416123719109,1.0167617454309,1.01790371782168,1.01790371782168,1.01790371782168,1.01779079584768,1.01307463670648,1.00830744014883,1.02241249646269,1.01790371782168,1.01790371782168,0.998500707011291,0.962961457261679,0,1.199400348802,1.27436854978887,1.04311489355759,1.03818921002783,-0.150378570091585,0.950152598971295,1.00598682981669,-0.480445007568813,1.61264087348582,0.249489532386408,0.384321035586535,0.323646716555438,0.24757752978599,0.99271498855134,1.0123079700109,1.21507649087044,1.03888775714374,1.01790371782168,0.405125471274641,0.705194476781749,1.06299992542348,0.814017729311217,1.09383278601216,0.995322018785913,1.53671688310942,-0.770033096317737,-1.48370795221861,0.964823940392921,1.03698375648201,1.01141986111914,1.08964320835501,0.89528569917553,1.0065165033075,1.01790371782168,1.01543739605701,0.964458743003713,1.02843195370843,1.01335650180835,0.810223037360647,1.07272682140756,1.04122911871092,1.00455429989655,1.00378832816261,1.02586908486995,0,1.01790371782168,0.708389084645056,0.928381843304426,0.0543467634099207,0.960312409188292,-0.553034020754128,0.203304879389142,0.48253383830942
