# command_history: connectomestats -nshuffles 10000 -threshold 2 ./output_tfnbsETamplitudePos/files.txt tfnbs ./output_tfnbsETamplitudePos/design_matrix.txt ./output_tfnbsETamplitudePos/contrast.txt ./output_tfnbsETamplitudePos/ -force  (version=3.0.3-98-gb3409159)
0,0.00172310724206605,0.00293903671075264,0.000175393484485804,0.00248698062555511,9.60979559902932,1.38827233296399,8.34568053563437,-0.00241889927251764,0.0819960059936441,0,0.454949829148269,7.61000994061626e-06,10.3308687506993,0.689743011331841,0.000978347896152123,-0.000411022655489229,0,0.000172958217177229,-0.00256582798408534,0.000642336007343315,-0.00151054420995432,-0.00298369882152783,0.222830672667164,0,0.000134441918243883,-0.000511333900579045,0.0197376593013159,15.8364728780003,1.13936739440024,0,0.000343048037590699,0.888652191645779,0.259724904094826,-2.17163325018772e-06,0.319039123335488,0.0233348588452439,0.035380316288085,0.00698985222335991,4.16092757660414,0.0199786531232618,0,0.000419243151509618,0,0,0,0,0,0,0,0,0,0,0,0,0,0,0,0,0,0,0,0,0,0,0,0,0,0,0,0,0,0,0,0,0,0,0,0,0,0,0,0,0,0.312097364888027,8.71996050556388e-05,5.37955788905289e-06,0
0.00172310724206605,0,2.93541107055986,8.03112147163386e-06,0.000243876240780472,2.4394476120389e-05,0.00133403808680653,0.000128975267658539,0.368751113357004,0.000130683492823214,1.17513337431271,3.73719635822697e-05,-0.35331154789126,0,0,-0.0111705476170969,0.162018208505513,0.00868654308671015,0.471345325022146,0,0.0145962078975479,6.65952328544583,0.165753478797584,0.00131856059184438,5.85596442234768,1.14513509344871,2.66574655013395,0.00498907268735468,-0.000316422967442377,0.00329473064022346,0.0011201944158622,0,-0.000235038935879345,0.448138464189792,1.81021632335579e-06,0.0726255447379893,-0.209292694365474,-0.309810419153348,0.0124198602004323,0.000449072400881617,0.00427934469837554,-0.031917004045143,0.00335692285991461,0.0444699767976976,0.00072164247765676,0.00083207715948836,1.36073004096174e-05,0,0.026678206577718,0,0.212451214194644,-0.000682366752082977,0,0,0,0,0,0.0644381523967228,0,0.0019121658954996,0,0.00671744011430044,0,1.36412376925318e-05,0,7.49534447285632e-05,0,-0.000786089497443744,0,0,0.927969828980951,-0.000129718722316662,0,0.214013311613285,-0.00680689042844644,-0.00757431242578941,0,0,0,0,0,0,1.2551281024046e-05,0,0.110705126732268,0.131213641766175,9.4955172310748e-05,0
0.00293903671075264,2.93541107055986,0,0.000363769573211759,0,0.00161233679895695,0.0180744595632174,2.14886940597625e-05,0.774863075697413,0.00126861758600198,0.0184681654169581,0.00118953671781736,-0.00141532618949021,0.000197700871076091,-8.51169444592129e-05,0.0852830604612295,1.49148727816981,0.00203721233008289,0.242054481238872,0.000248439168571642,0.285485957941453,6.43429879700106,6.42636872479794,0.0842969998782775,0.0949544063353161,9.62009548691579,10.0568780522072,0.0638036308006784,0.00266873342949179,0.0991121654060883,0.00038515697721988,0,0.000212119588612058,2.0168694451464,-2.05260315539829e-06,1.01638705540517,5.10977366603898,0.557320428751521,0.115219333658774,-0.000980821559416848,0.00817925876195636,0.00552028358160488,0.00996886978081548,0.000251619537276423,8.47322973030979e-06,0,0,0,0.000184983358851913,0,0.000116010321111058,0,0,0,0,0,0,0.000544725831217706,0,0,0,0.000168940189360247,0,0,0,3.68904000060744e-05,0,0,0,0,0.0122862345994343,0,0,0.00194929353751195,0,8.68938351222243e-05,0,0,0,0,0,0,0,0,0.645051221470809,0.00121757599206947,-0.00336984018243288,0
0.000175393484485804,8.03112147163386e-06,0.000363769573211759,0,0,0.155984234324428,0.248543299474465,0.00166063796065048,0.0141512146750022,5.189348451072,0,-1.53849743918204,0,0.0001103048847749,0.000325323686833693,2.12390899031638e-05,0.000241883412833498,0,0,67.2051396710056,0.00102589794926027,0.000568858803686615,0.000185875689136339,2.20332870013639,0,4.74738651460916e-05,-6.79513146429606e-05,22.7839368035276,-3.31901056004669e-07,0.00302327653130847,0,0,0,0.000132413061570777,0,0.000669791347502487,0.0035601590152122,0,0.000126446712528375,2.48760788491471e-05,0,0,0,0,0,0,0,0,0,0,0,0,0.110489719440879,0,-0.000101627386500924,0,0,0,0.00100497701881234,0,-0.233013372311537,0,0,0,0,0,0,0,-0.102938218389481,0,0,0,0,0,0,0,0,0,0,0,0,0,0,0,0.000339517749448946,0,0,0
0.00248698062555511,0.000243876240780472,0,0,0,4.87576226228413,0,1.97800325101376,6.12332803421429e-05,0,0.0012078894132436,0.000125881494134618,0.000420343516686792,0.720333899249217,3.49341177184412,0,3.71659521808796e-05,0,0.000301178932357906,0,0,0.000261432954349328,-3.23273818413399e-05,0,0,7.49543173642708e-05,5.55045426685648e-05,0,2.7334908881596,6.37780688897446e-06,0,13.4715268693212,0.0561866306493568,1.9462078847454,-0.0129998335782423,0.420331823946148,0.0338897800245334,0.258312218066481,0.0110443001846358,24.9733839756743,17.0004537996622,0.000919772279073904,0.293419608264632,-0.00688425018307003,0.000144894140783882,0.00421283874614706,0.0417385869588119,-0.000382462547240437,-0.000206370723086544,0,0,8.21208006526281e-06,0,-0.00296500640955992,-1.51479249757245e-05,0,6.35581924898047e-05,2.30083448911758e-05,2.58178983916059e-06,0.000182053409751232,-0.000339685572367765,-0.00144575416965802,6.82607393582101e-06,0.0274419840276888,1.82934868647589e-05,-1.8015358831685e-05,0,1.24829193154437e-05,0,1.26138277567945e-05,2.18104096899644e-05,3.17750064538945e-05,0,0,1.56176579795317e-05,-2.58561681362975e-06,0,5.62542938457544e-05,-5.7020151608539e-05,0,0,0,-0.000168284272822101,-0.00240721975769705,0.284901814580842,0.44556100742465,0.00297765533315932,0.00469769430048419
9.60979559902932,2.4394476120389e-05,0.00161233679895695,0.155984234324428,4.87576226228413,0,7.04692136590316,12.3911892242059,0.00864042442164231,11.9288435131717,0.000504680931096046,3.87410284430344,0.000351812825989789,4.31402760199273,2.55968873462864,0.0022014691270323,0.00127594413138095,0,0.000153042512769046,2.320394271015,0.00430257953959103,0.00517760953642977,-0.000953687988647757,1.11855264267334,0.000136920343922646,0.000329868367106731,-0.00157075151520266,2.85213472439982,5.43941438097524,0.0318220290280212,0,1.55629260112337,0.51274963260893,1.20021783731008,1.0453561632198e-06,0.100111563698406,0.0606714115940048,0.398452709306635,-0.00188903541020149,7.86551383559268,0.84427414376577,0.000239187984249607,6.32150651604515e-05,1.22863476670487e-06,3.22042750805924e-06,0,0,0,0,0,0,0,0,2.09750194862709e-06,0,0,0,0,0,0,0,0,0,1.60104785315918e-06,0,0,0,0,0,0,6.37077592512266e-05,0,0,0,0,0,0,0,0,0,0,0,0,2.15262942769554e-07,0.0832924056250468,3.41726308909299e-05,4.47814521917204e-06,0
1.38827233296399,0.00133403808680653,0.0180744595632174,0.248543299474465,0,7.04692136590316,0,0.681563062767308,0.272951827069293,9.37181877127589,0.000344440504258777,0.819414883858468,8.7362327155083e-05,1.43308224395796,0.147535769874236,0.378359280856862,0.0159767313647239,0,0.00105298566170799,1.67745288603296,0.302402562529662,0.141933910196586,0.222094246752138,3.41020439717736,-7.70922359438977e-05,0.00140169410413666,0.018840821158059,6.99996293833625,1.5007227216214,14.1025863530601,0,0,0.0862493779247381,0.433750037273381,7.84426078915002e-06,0.409125523953629,0.188776850702694,0.0171503146242276,0.00371785095374192,1.35107867109534,0.00249379584722871,0.000232189398022094,0.000631987608767908,8.97219746218137e-05,1.4336723357613e-06,5.18601857486589e-06,0,1.47593032514662e-05,0,0,0,0,0,0,0,0,0,0.000118221315993516,0,0,0,0,0,0,0,0,0,0,0,0,-6.77919883860028e-05,0,0,0,0,0,0,0,0,0,0,0,0,0,0.141085502254705,7.75162443855465e-05,0.000446975150241452,0
8.34568053563437,0.000128975267658539,2.14886940597625e-05,0.00166063796065048,1.97800325101376,12.3911892242059,0.681563062767308,0,0.00299280821160619,0.753520779193479,0.00171263963028615,0.0971612386783829,0.000123066707224186,22.5761717233554,0.135888043604871,-0.000637433371661576,0.000101051476242426,0,0,0.00705515741066025,0.000325533786074902,0.000301920358571644,0.000241837652962868,0.0572268225208778,6.45698110682686e-05,0.000297870688874954,-0.00019457129054073,0.0243060453161718,7.50794795089528,-0.0259351428091802,0,1.22889048470504,0.71555389491757,0.457952699402275,4.66642018295565e-07,0.0839395834665658,0.0264976512458172,0.0265552217980658,-0.0108580248470294,0.185255047870898,0.510184338542631,0.000196644747110523,4.49236184847041e-05,0,0,0,6.05357953067561e-07,0,0,0,0,0,0,0,0,0,0,0,0,0,0,0,0,3.77508500103946e-07,0,0,0,0,0,0,0,0,0,0,0,0,0,0,0,0,0,0,0,0,0.0973909606803328,1.01666534796638e-05,0,0
-0.00241889927251764,0.368751113357004,0.774863075697413,0.0141512146750022,6.12332803421429e-05,0.00864042442164231,0.272951827069293,0.00299280821160619,0,0.0116320759186836,0.210781573814244,1.64087586153826,0.0236417040138371,0.000794750337115526,1.09823035965637,0.115502707928443,0.0463113483506141,0.00151720328132907,0.0378574055771179,0.0174747356085682,0.268615194160183,11.8486324140631,0.86718824574456,9.31653212090982,0.169193094522489,0.106332463495392,0.290861400737466,1.22356527161375,-0.0020313090449581,0.168359699205586,0,0,-0.00154485142676822,0.364686140744381,9.36332862200497e-07,3.58764343348866,2.77669850657152,0.200482723990548,0.0423647508943444,3.39805930327586,0.000900238411005984,0.00366679857286145,0.137605736012831,0.0261210793807174,0.00308547586384016,0.00540233862334723,3.4953686079526e-05,0,0.000131329675084139,0,0.1599935988101,0.0402030504917289,0,0,3.60671062487229e-06,5.81083545584369e-05,0,0.465458687517313,0,0.000835984436969197,0,0.0004776964019065,1.08530670918164e-05,0,0.00105132042847803,0.00282310688523564,0.000105571768785259,0.00430440335320204,0,0.000248932357374894,0.046431998152908,0.00282072737699679,0,0.00129838387391454,0.0433144410535938,0.0308107482002829,0,0,7.06327500105046e-05,0,0,0,0.00546398432960174,0,1.72731497064436,0.0157642217211087,0.0134145000788263,0
0.0819960059936441,0.000130683492823214,0.00126861758600198,5.189348451072,0,11.9288435131717,9.37181877127589,0.753520779193479,0.0116320759186836,0,5.27067047282209e-05,7.84474329525683,0,0.176539866379214,0.0137231393060381,0.00470855985798263,0.00053975433200689,0,0,26.396143173714,0.00980571099750448,0.00348884078158457,0.00789823868604934,0.610601282030568,0,3.23331234756611e-05,-0.000451191516421648,3.44084907963404,-0.000161340140379266,0.019945366682025,0,0,4.61902233259413e-05,0.00583101300828279,0,0.0090812145354241,0.0120940101534265,0.000257428226508926,0,0.013313038823895,0,0,0,0,0,0,0,0,0,0,0,0,0,0,0,0,0,0,0,0,-0.000457773575910923,0,0,0,0,0,0,0,0,0,0,0,0,0,0,0,0,0,0,0,0,0,0,0,0.00145767752143552,3.11294974593182e-06,0,0
0,1.17513337431271,0.0184681654169581,0,0.0012078894132436,0.000504680931096046,0.000344440504258777,0.00171263963028615,0.210781573814244,5.27067047282209e-05,0,1.12190814422507e-05,9.82599310272868,0.000137195875820835,1.92953840880547e-06,-0.00071480688587456,0.0944633266618372,5.30584521725439,4.41927980432498,0,0.00214513862144319,0.753812937452104,0.00094756110176312,-0.0102288431398951,2.54957869733115,6.24980857094345,1.69426166801282,0.000354567142558312,0.00237970434511765,0.000332487361531311,1.26400247880221,0.00049184836701579,0.000362038641263848,4.9785909496555,0,-0.00319466543954052,13.9357321271455,5.10360790335244,0.18588065222201,0.000935039662904417,-0.00677872097870049,2.05854050876784,-0.00774762998901307,0.00329034924140821,-9.39500778239183e-05,-6.20988804273799e-06,-4.10785473588914e-06,-0.000127321918668366,0.00305746431563169,0,0.00319018136098752,0.000134987279338349,0,0,0,0,0,0.0053532433007698,0,0.000824147705612666,0,0.00741372565399197,0,0,0,0.00028461975857152,0.00010864490572031,1.48279061116336e-05,0,0,0.199720004567656,0,0,0.0389599594677992,0.0016488005965215,0.000870887955419356,0,0,0,0,0,0,-0.000320308491994982,2.49058366959804e-07,-0.00248438821755461,6.29494618505395e-05,-5.40583443414283e-05,0
0.454949829148269,3.73719635822697e-05,0.00118953671781736,-1.53849743918204,0.000125881494134618,3.87410284430344,0.819414883858468,0.0971612386783829,1.64087586153826,7.84474329525683,1.12190814422507e-05,0,2.88339497718977e-06,0.0872848647516851,3.07141303036477,0.00665729024313123,0.000262218027013528,0,0.000153304182811345,37.1403432696117,0.0105802890899106,0.0058342773917602,0.00979784455221999,0.390810246800046,0,5.27916122930823e-05,0.000296731323256189,0.816058093218358,0.0575086294704762,0.0906080774719536,0,0,0.00237502675493539,0.0198058789396856,-0.000245629485354294,0.883570915865322,0.0136239068392296,0.00725057288352041,0.0060561825170495,3.54228830569283,0.000679688179275554,4.84514685286328e-06,0.00188596608178726,0.000246174546284693,0,2.03605686788144e-05,0,0,0,0,0,0,0.00229949760834376,0,-0.000121539865763088,0,0,0,-8.70649986481117e-05,0,-0.0903708156845676,0,0,0,0,0,0,0,0.0038077195816674,0,0,0,0,0,0,0,1.30432413700889e-05,0,0,0,0,0,0,-4.1746734877146e-07,0.571371474906757,0.00102557868522508,0.000543736128473985,-2.88386080558564e-05
7.61000994061626e-06,-0.35331154789126,-0.00141532618949021,0,0.000420343516686792,0.000351812825989789,8.7362327155083e-05,0.000123066707224186,0.0236417040138371,0,9.82599310272868,2.88339497718977e-06,0,0,0.00103914428339267,-0.000442565771305224,0.00846107797822072,0.00365903824377388,0.130851632239126,0,0.000139746860178795,0.0773063118181261,0.000118341544916893,-0.00075861763342179,11.6043996419349,3.83065114468824,1.66429557842971,-0.000314411629873824,0.000259931976554341,-0.000177764516692154,8.26834782057948,0,0,0.302055565754137,0.000374029095195838,3.02982038873497,8.47550382087675,0.798267563576887,0.667669837314676,0.0545581185162038,0.213499658538089,7.60513518566261,0.0884165432757199,-0.00625961572783906,0.00310374848908216,0.00394538565419971,-0.000769009711626176,-0.000351232954494076,0.0330588505601122,0,-0.00176039583869972,0.000310206268587921,0,0,0,-0.000154226289305623,0,-0.00260419823117127,0,0.0215256716635621,0,0.0719025395280982,0,3.65830788905371e-06,-1.59842125656041e-05,0.000832186031262182,0.000100183929513494,3.20228025622287e-05,0,0.000186449801735801,-0.0580739144191599,0.000382151840033148,0,0.168831763547278,0.00447650583191504,0.00173725461988223,0,0,1.34118620959639e-05,0,0,0,0.0260545654070565,6.91467707947333e-05,0.559843426634373,-0.0033958855655243,0.000285701835218657,1.58745238961453e-05
10.3308687506993,0,0.000197700871076091,0.0001103048847749,0.720333899249217,4.31402760199273,1.43308224395796,22.5761717233554,0.000794750337115526,0.176539866379214,0.000137195875820835,0.0872848647516851,0,0,0.0640343363989116,5.58034563766653e-06,4.75454042975205e-06,0,0,-0.00187535792524098,0.000103300917857278,0.000408822906897301,0.000370148695694983,-0.00435419487115575,0,0,-0.000189379756404893,-0.00295893369985972,9.13147635927606,0.00740017066341851,0,0.483113369615874,0.157951900443809,0.0656796692788273,1.49200895112468e-07,0.00848856672495076,0.000933898448232136,0.0104553743882974,0.000143005438990594,0.33628214839478,0.08458113915103,0,8.79445918429126e-06,0,0,0,0,0,0,0,0,0,0,0,0,0,0,0,0,0,0,0,0,0,0,0,0,0,0,0,0,0,0,0,0,0,0,0,0,0,0,0,0,0,0.00950556675691465,3.98969210043061e-06,0,0
0.689743011331841,0,-8.51169444592129e-05,0.000325323686833693,3.49341177184412,2.55968873462864,0.147535769874236,0.135888043604871,1.09823035965637,0.0137231393060381,1.92953840880547e-06,3.07141303036477,0.00103914428339267,0.0640343363989116,0,-0.00132588014735767,3.76396105491604e-06,0,0.00047197534417151,-0.00139542801525046,0.000822255794009914,-0.0012734132471515,4.02536687268416e-05,-0.00445948398876875,0.000192490262455135,0,-9.70070790644494e-05,0.00577087316430541,0.427551190124156,0.00114131786763844,0,0.00534387581201439,0.267795716705037,0.283857192836256,0.0347034875973007,2.11312130727283,0.0367842722478815,0.0932929977556649,0.0295745925095866,69.1086021888282,0.11103517757197,0.00173172483721264,1.70347716905552,0.0555673523587172,0.0113561582391551,0.0687428184054922,0.228584778654496,0.0356252881282844,0.0017216969896042,0,0,7.27338877159216e-05,0,0.00275251841036468,8.74329219096376e-05,1.58375834513445e-05,0.000101605480236838,0,0,0.000752965504293051,-0.00200777019214673,-0.00117716145053439,1.95275400255052e-05,0.0496424154072551,-3.26504140783159e-05,0.000130716979559342,0,2.02518335333163e-05,0,2.41498025610391e-05,4.915514698309e-05,3.9169839389955e-05,-3.24608663837503e-06,0,0.000107646730941052,1.59443995803167e-05,1.06396704418721e-05,1.27690498267468e-05,1.5917015081477e-05,0,0,9.44534953650416e-05,0.00315160292632324,0.00637069721800778,1.99049070662066,2.79115723521866,0.0199020749310698,0.00148523998395991
0.000978347896152123,-0.0111705476170969,0.0852830604612295,2.12390899031638e-05,0,0.0022014691270323,0.378359280856862,-0.000637433371661576,0.115502707928443,0.00470855985798263,-0.00071480688587456,0.00665729024313123,-0.000442565771305224,5.58034563766653e-06,-0.00132588014735767,0,0.0148569669860868,-0.000231894925216919,-0.000267194172637436,0.0023987630911498,18.1556558466051,2.60895063467425,34.4209225343361,0.97714276891331,-0.00281360245857649,-0.00629746190850204,2.66462166333961,8.67044385568402,0.051840158904141,1.73604085843105,0,0,0.00499552413833683,0.880450585279837,1.96084209466479e-06,0.517946138056808,0.609923298132691,0.0123339576046004,0.00370932941083339,0.0137760380091693,0.000696991519638272,0.000460319887080982,0.00443994768994671,0.000265767985419448,0,0,0,1.0710827117005e-05,0,0,0,0,0,0,0,0,0,-0.0003195261943471,0,0,0,0,0,0,0.117809852471678,0,0,0,0,0.0295589996720835,7.81339069099936e-05,0.0237689373316547,0,0,0,0,0.000332672142715216,0,0.000113069785483632,0,0,0,0,0,0.39671060616442,0.00171709892234049,-0.000177856513555324,0
-0.000411022655489229,0.162018208505513,1.49148727816981,0.000241883412833498,3.71659521808796e-05,0.00127594413138095,0.0159767313647239,0.000101051476242426,0.0463113483506141,0.00053975433200689,0.0944633266618372,0.000262218027013528,0.00846107797822072,4.75454042975205e-06,3.76396105491604e-06,0.0148569669860868,0,0.047328321760948,13.6320115314608,0.000222400217140183,0.74586444029379,0.204719333270332,6.62604173858029,0.0146704477719042,0.0372768769744633,7.50697466952806,0.256575159691569,0.0517087297947327,0.000589183432009823,0.27333520584259,0.000232591172894015,0,0.000317656598656282,0.816661932804609,0,0.477628140470268,0.654903958126651,0.153497978885683,0.0191135968242977,0.00335249658097559,0.00171276623599293,0.00173752334701927,0.000344580126862747,9.49518573404872e-06,0,0,0,0,-0.00030742516715321,0,0,0,0,0,0,0,0,-0.00183064123698372,0,0,0,0,0,0,0,0,0,0,0,0,-0.00284760349446839,0,0,0.000328740291518844,0,4.78392062929887e-06,0,0,0,0,0,0,4.11337077743263e-06,0,0.297082834203248,-0.000952818891742849,-0.000106240080375591,0
0,0.00868654308671015,0.00203721233008289,0,0,0,0,0,0.00151720328132907,0,5.30584521725439,0,0.00365903824377388,0,0,-0.000231894925216919,0.047328321760948,0,18.8755986109355,0,0,0.00836917604892931,-0.000575496995985267,-4.17618586038001e-05,0.000203481420822804,2.03621915882485,-0.00334623068405739,0.000110575439179677,0,-7.02499042500696e-06,0.00102259231653164,0,0,0.0129230551835864,0,0.000170147194496036,0.00653654046324023,0.00529297664501263,0.00248235582175664,0.000173121500389906,0,0,0,0,0,0,0,0,0,0,0,0,0,0,0,0,0,-6.3443954075749e-05,0,0,0,0,0,0,0,0,0,0,0,0,-0.001470583148039,0,0,0,0,0,0,0,0,0,0,0,0,0,-0.000438225422083637,0,0,0
0.000172958217177229,0.471345325022146,0.242054481238872,0,0.000301178932357906,0.000153042512769046,0.00105298566170799,0,0.0378574055771179,0,4.41927980432498,0.000153304182811345,0.130851632239126,0,0.00047197534417151,-0.000267194172637436,13.6320115314608,18.8755986109355,0,0,0.0172487753545916,0.350190862221897,0.0614073841232156,0.000423620680776349,0.133222221527058,11.775138831829,0.508319453542972,0.00428318463714032,2.13413489099954e-05,0.00766173612716431,0.00538803068115154,0,0,0.585269723757479,0,0.0491167366844392,0.921304917089568,0.207299503597469,0.0273908493877977,0.000180061621238791,0.00190076956971652,0.0019547915866769,0.000229955333050488,0,0,0,-2.08212494356804e-05,0,0,0,-0.000766388749257198,1.19138354780691e-05,0,0,0,0,0,-0.00124272700186556,0,0,0,0.000184661248056302,0,0,0,0,0,0,0,0,0.00437366407020178,0,0,0.000215707023467455,1.36775360747182e-05,9.84806417100635e-06,0,0,0,0,0,0,0,0,0.0432768308045646,0.000247836904264303,-5.28706674860525e-05,0
-0.00256582798408534,0,0.000248439168571642,67.2051396710056,0,2.320394271015,1.67745288603296,0.00705515741066025,0.0174747356085682,26.396143173714,0,37.1403432696117,0,-0.00187535792524098,-0.00139542801525046,0.0023987630911498,0.000222400217140183,0,0,0,0.00210817778962887,0.00187483117739264,0.000822635598862852,2.05663930454551,0,7.05858781683492e-05,2.97708555455759e-05,9.0287391881174,-0.000940037445679908,0.00416386854012763,0,0,0,0.000138090818765648,0,-0.000726341398771044,0.00220777045483307,-0.00029352146500112,0,-0.00161583032801324,0,0,0,0,0,0,0,0,0,0,0,0,0,0,0,0,0,0,0,0,-0.0116982202139319,0,0,0,0,0,0,0,0.000505410029624392,0,0,0,0,0,0,0,0,0,0,0,0,0,0,0,-0.00446510584094623,0,0,0
0.000642336007343315,0.0145962078975479,0.285485957941453,0.00102589794926027,0,0.00430257953959103,0.302402562529662,0.000325533786074902,0.268615194160183,0.00980571099750448,0.00214513862144319,0.0105802890899106,0.000139746860178795,0.000103300917857278,0.000822255794009914,18.1556558466051,0.74586444029379,0,0.0172487753545916,0.00210817778962887,0,1.00394881640834,11.9788537810057,0.3054699295274,0.0014694577673921,0.0639670258393077,0.100648583098363,5.69114970988705,0.0163745860323344,9.83297389527361,0,0,0.000479625026917687,1.08768725343435,-2.13208845336635e-06,0.0865721225597839,1.50063869064811,0.0390153756187381,0.00705546320550227,-0.00395400880502842,0.000763386261867009,-5.73476502634005e-05,0.00222831731929719,0,0,0,0,0,-5.43068390729322e-05,0,0,0,0,0,0,0,0,-9.12762228853533e-05,0,0,0,0,0,0,0,0,0,0,0,0,-0.00020238563397818,0,0,0,0,0,0,0,0,0,0,0,0,0,-0.00608949831315199,1.4744751674414e-05,-0.00033083166662406,0
-0.00151054420995432,6.65952328544583,6.43429879700106,0.000568858803686615,0.000261432954349328,0.00517760953642977,0.141933910196586,0.000301920358571644,11.8486324140631,0.00348884078158457,0.753812937452104,0.0058342773917602,0.0773063118181261,0.000408822906897301,-0.0012734132471515,2.60895063467425,0.204719333270332,0.00836917604892931,0.350190862221897,0.00187483117739264,1.00394881640834,0,6.70416301406045,5.52066866233805,0.37160089255297,1.1276037009594,2.76965089904037,1.59783128451747,0.00501320885788997,0.42469185905772,-0.000232634280913486,8.47873671203657e-05,0.000490663959635074,2.24077031731813,-1.46576119051371e-06,1.1360373209345,3.21669145274073,1.21312102045425,0.191428339182035,0.00364326040239648,0.00200419828615775,0.0265697228551176,0.0789739303164065,0.00874438182613305,0.00232535793900925,0.00205656261933002,0.000165093947298605,0,0.0016598793931506,0,0.432865478738214,0.0113462580773676,0,0,0,2.06162981519315e-05,0,0.0747569668670851,0,-0.00358447164817452,0,-0.0109517509170174,0,0,0.00107084312143133,0.00202366125570173,-0.000338816218009011,0.00123223351111915,0,0.000234340185044608,0.184277006946858,0.00100552727724449,0.000139155216393002,-0.351009577775287,-0.00418432970212059,-0.00117561909387325,3.31918471851973e-05,0,7.45394273082292e-05,0,0,0,0.00331836148868747,-3.63377604366375e-06,0.989825405387641,0.0707278107079222,0.00635444084309941,0
-0.00298369882152783,0.165753478797584,6.42636872479794,0.000185875689136339,-3.23273818413399e-05,-0.000953687988647757,0.222094246752138,0.000241837652962868,0.86718824574456,0.00789823868604934,0.00094756110176312,0.00979784455221999,0.000118341544916893,0.000370148695694983,4.02536687268416e-05,34.4209225343361,6.62604173858029,-0.000575496995985267,0.0614073841232156,0.000822635598862852,11.9788537810057,6.70416301406045,0,0.598515085834644,0.00240779438962934,0.306234645109361,8.07096910877647,1.08070878957481,0.00817917413217156,2.76449733646834,0,0,0.000216698850099813,2.78154297646497,-1.85143268070143e-05,1.32908012817795,3.33784386679406,0.150714032770745,0.0350203334073482,-0.0177128340180685,0.0035989727046559,0.00128568176841214,0.0236679634660794,0.000199633328712193,6.48417675062442e-06,1.06691801339057e-05,1.05528615024758e-05,4.13319663372177e-06,0,0,0,0,0,0,0,0,0,6.53862179890621e-05,0,0,0,0,0,0,0,0,0,0,0,0,0.000857569203339919,0,0,0,0,3.03315810540445e-06,0,0,0,0,0,0,0,-3.24874191374911e-06,0.562440022273529,0.00280695468997296,0.000709919081373503,0
0.222830672667164,0.00131856059184438,0.0842969998782775,2.20332870013639,0,1.11855264267334,3.41020439717736,0.0572268225208778,9.31653212090982,0.610601282030568,-0.0102288431398951,0.390810246800046,-0.00075861763342179,-0.00435419487115575,-0.00445948398876875,0.97714276891331,0.0146704477719042,-4.17618586038001e-05,0.000423620680776349,2.05663930454551,0.3054699295274,5.52066866233805,0.598515085834644,0,-0.014180349441872,-0.000980249192177672,0.0189268247984961,58.4285179096543,0.042895695257278,0.81687929317925,0,0,-0.00196969228632665,0.0305567955139382,0,0.0856789526409205,0.348002946276451,0.0100538140774218,0.00172407629357852,-0.006916479343902,0.000148416590575126,0.000410522528954348,0.00124868862076736,5.62960560957251e-06,1.6442358487043e-05,0,0,0,0,0,0,0,0,0,0,0,0,0.000123540776834637,0,0,0,0,0,0,0,0,0,0,0,0,-5.37390835839296e-05,0,0,-0.00244502942335031,0,0,0,0,0,0,0,0,0,0,0.0486404463151038,9.16080606219895e-05,0.000369979477479365,0
0,5.85596442234768,0.0949544063353161,0,0,0.000136920343922646,-7.70922359438977e-05,6.45698110682686e-05,0.169193094522489,0,2.54957869733115,0,11.6043996419349,0,0.000192490262455135,-0.00281360245857649,0.0372768769744633,0.000203481420822804,0.133222221527058,0,0.0014694577673921,0.37160089255297,0.00240779438962934,-0.014180349441872,0,0.967426439936966,2.03850915848745,0.000555463360727906,3.16999033452438e-06,0.00101070750323415,0.0101525520658876,0,0,0.171123716119988,0,-0.0832493566137524,8.41574092662355,0.259100214639552,0.179308127359112,-1.23110876066963e-05,-0.000356135890353892,6.83782455682409,-0.287199540929218,0.402371025657741,-0.00648122619172676,-0.00336319854972201,0,0,0.893192984164651,0,0.0592290453419032,7.28478691036488e-05,0,0,0,0,0,0.0337445727228987,0,0.0475017009650689,0,0.370618972632594,0,0,-0.000274703567714806,-0.00114352777865317,0.000820359534346349,1.18511595162075e-06,0,-9.54482992413986e-05,0.550593602871559,-0.000103587523861004,0,1.47851014444866,0.00919360387353125,0.00416600152656017,0,0,0,0,0,0,-0.0334809361060136,1.74944922234899e-07,0.0102043064343214,-0.000704310732959922,6.64191602310788e-06,0
0.000134441918243883,1.14513509344871,9.62009548691579,4.74738651460916e-05,7.49543173642708e-05,0.000329868367106731,0.00140169410413666,0.000297870688874954,0.106332463495392,3.23331234756611e-05,6.24980857094345,5.27916122930823e-05,3.83065114468824,0,0,-0.00629746190850204,7.50697466952806,2.03621915882485,11.775138831829,7.05858781683492e-05,0.0639670258393077,1.1276037009594,0.306234645109361,-0.000980249192177672,0.967426439936966,0,14.5987377032012,0.00581673115373607,0.000550495721475769,0.0223431392715578,1.28845720205239,6.07695233886335e-05,3.92192636445622e-05,1.35143980861467,0,0.0943527454463389,1.33545552005456,0.457370201016298,0.038039882681876,0.000600499957444837,0.00115333294049636,0.005069715578998,0.00151605097838848,0.000914654617371277,0,0,-4.90162799563228e-05,0,0.000513374063375801,0,-9.04999819108603e-05,0,0,0,0,0,0,0.00168002343065933,0,0.000270143803036523,0,0.00273127271680299,0,0,0,0,3.25361375063552e-05,0,0,0,0.00600728596135032,1.65388735980189e-06,0,0.0166323118480878,0.000568324276702888,0.000492709864903725,0,0,0,0,0,0,0,0,0.0442791560035651,6.76165649994065e-05,-2.42177586192865e-05,0
-0.000511333900579045,2.66574655013395,10.0568780522072,-6.79513146429606e-05,5.55045426685648e-05,-0.00157075151520266,0.018840821158059,-0.00019457129054073,0.290861400737466,-0.000451191516421648,1.69426166801282,0.000296731323256189,1.66429557842971,-0.000189379756404893,-9.70070790644494e-05,2.66462166333961,0.256575159691569,-0.00334623068405739,0.508319453542972,2.97708555455759e-05,0.100648583098363,2.76965089904037,8.07096910877647,0.0189268247984961,2.03850915848745,14.5987377032012,0,0.030883657421888,0.00436776347990733,0.179008656870711,0.775462786918121,0,6.2928592290313e-05,0.601249466207166,-1.99485089166871e-06,0.24857080374068,0.939091453231506,0.104079356469942,0.0279008784766336,0.00115265991256047,0.000941505334827719,-0.00100614489024385,0.00580764904866762,0.00278657246933021,6.36916786125402e-05,0,0,-5.44509035380482e-06,0.00176455786246311,0,0.00231119644709284,0,0,0,0,0,0,0.00563958429257066,0,0.00143344570316027,0,0.00475956082698181,0,0,0,6.08875051302738e-05,0,4.49890085241407e-05,0,0,0.0501097426568073,0,0,0.0387892363749891,0.00188627253211009,0.000830415231872912,0,0,0,0,0,0,0,-5.51433938070844e-07,0.114327500954253,0.00455399696429615,-1.10027794895404e-05,0
0.0197376593013159,0.00498907268735468,0.0638036308006784,22.7839368035276,0,2.85213472439982,6.99996293833625,0.0243060453161718,1.22356527161375,3.44084907963404,0.000354567142558312,0.816058093218358,-0.000314411629873824,-0.00295893369985972,0.00577087316430541,8.67044385568402,0.0517087297947327,0.000110575439179677,0.00428318463714032,9.0287391881174,5.69114970988705,1.59783128451747,1.08070878957481,58.4285179096543,0.000555463360727906,0.00581673115373607,0.030883657421888,0,0.108235259683114,3.74729874281183,0,0,-0.00227070840183276,0.366856687449138,-6.85248688238336e-06,0.222820942013666,0.461068496154,0.0166037053141988,0.000951011601882712,0.0186439960427306,-2.21535520092114e-05,0.000531906985215033,0.00109274778340826,3.19114224220517e-06,0,1.45218069759777e-05,-6.64478789948106e-05,0,0,0,0,0,0.00428911838597828,0,0,0,0,-0.000383553419087564,1.01521218848113e-05,0,0,0,0,0,0,0,0,0,0.000588835196712044,0,-0.000120098004775767,0,0,0,0,0,0,0,0,0,0,0,0,0,0.030649323754048,8.43582727173454e-05,-4.52943971117766e-05,0
15.8364728780003,-0.000316422967442377,0.00266873342949179,-3.31901056004669e-07,2.7334908881596,5.43941438097524,1.5007227216214,7.50794795089528,-0.0020313090449581,-0.000161340140379266,0.00237970434511765,0.0575086294704762,0.000259931976554341,9.13147635927606,0.427551190124156,0.051840158904141,0.000589183432009823,0,2.13413489099954e-05,-0.000940037445679908,0.0163745860323344,0.00501320885788997,0.00817917413217156,0.042895695257278,3.16999033452438e-06,0.000550495721475769,0.00436776347990733,0.108235259683114,0,2.28040980963462,0,4.12331402279401,8.75454210919985,2.59285635155995,2.21642840873496e-05,1.04438114070412,0.0775125202934275,0.50310027211632,0.016720440524449,6.8829671727653,0.955119034611208,0.000147938479457021,0.00110695387376541,6.29160872799454e-05,0,1.2505397284418e-05,7.84929873827095e-06,1.35263270315704e-05,0,0,0,0,0,0,0,0,0,0,0,0,0,0,0,1.42910483149602e-06,0,0,0,0,0,0,0,0,0,0,0,0,0,0,0,0,0,0,0,1.45791317396942e-07,0.462117555261825,0.000401970146568304,-0.000118520074004497,0
1.13936739440024,0.00329473064022346,0.0991121654060883,0.00302327653130847,6.37780688897446e-06,0.0318220290280212,14.1025863530601,-0.0259351428091802,0.168359699205586,0.019945366682025,0.000332487361531311,0.0906080774719536,-0.000177764516692154,0.00740017066341851,0.00114131786763844,1.73604085843105,0.27333520584259,-7.02499042500696e-06,0.00766173612716431,0.00416386854012763,9.83297389527361,0.42469185905772,2.76449733646834,0.81687929317925,0.00101070750323415,0.0223431392715578,0.179008656870711,3.74729874281183,2.28040980963462,0,0,0.000122691881081806,0.067728557942951,1.71993307444525,2.19870050065881e-06,0.536050813365922,1.30441427027711,0.0278622163537387,0.0046049881983687,0.240869453713861,0.00177402981752597,0.000461770967892156,0.000937221530645689,2.82390231131845e-05,0,4.95410524013826e-06,0,0,0,0,0,0,0,0,0,0,0,-0.00010501145070961,0,0,0,0,0,0,0,0,0,0,0,0,3.40366860728426e-05,0,0,0,0,0,0,0,0,0,0,0,0,0,0.139198733097874,5.16574436898605e-05,0.000339957645558473,0
0,0.0011201944158622,0.00038515697721988,0,0,0,0,0,0,0,1.26400247880221,0,8.26834782057948,0,0,0,0.000232591172894015,0.00102259231653164,0.00538803068115154,0,0,-0.000232634280913486,0,0,0.0101525520658876,1.28845720205239,0.775462786918121,0,0,0,0,0,0,0.0014164079117693,0,0,0.00632019837810831,0.000600254397732995,0,0,0,0,-0.00042764356902243,0,0,0,0,0,0,0,0,0,0,0,0,0,0,0,0,0,0,0,0,0,0,0,0,0,0,0,0.000901810049838751,0,0,0.00026112862353071,0,0,0,0,0,0,0,0,0,0,2.00029683469953e-05,0,0,0
0.000343048037590699,0,0,0,13.4715268693212,1.55629260112337,0,1.22889048470504,0,0,0.00049184836701579,0,0,0.483113369615874,0.00534387581201439,0,0,0,0,0,0,8.47873671203657e-05,0,0,0,6.07695233886335e-05,0,0,4.12331402279401,0.000122691881081806,0,0,0.00716331043939846,0.661494155343944,0,8.07930092389316e-05,0.00243786636763213,0.0275270594072181,0.000626732879709995,0.143953391226372,2.23101298421744,0,0,0,0,0,0,0,0,0,0,0,0,0,0,0,0,0,0,0,0,0,0,0,0,0,0,0,0,0,0,0,0,0,0,0,0,0,0,0,0,0,0,0,4.88978962852131e-06,0,0,0
0.888652191645779,-0.000235038935879345,0.000212119588612058,0,0.0561866306493568,0.51274963260893,0.0862493779247381,0.71555389491757,-0.00154485142676822,4.61902233259413e-05,0.000362038641263848,0.00237502675493539,0,0.157951900443809,0.267795716705037,0.00499552413833683,0.000317656598656282,0,0,0,0.000479625026917687,0.000490663959635074,0.000216698850099813,-0.00196969228632665,0,3.92192636445622e-05,6.2928592290313e-05,-0.00227070840183276,8.75454210919985,0.067728557942951,0,0.00716331043939846,0,1.18140586427658,2.99346011531473e-05,0.98730743090649,0.0360503883432187,0.182373659271665,0.0421225151483916,1.98085933689824,0.1517850818165,0,0.000454859488806139,8.52333238100844e-05,4.30831371991075e-06,3.92869030021922e-05,0,0,0,0,0,0,0,0,0,0,0,0,0,0,0,0,0,0,0,0,0,0,0,0,0,0,0,0,0,0,0,0,0,0,0,0,3.91744988366572e-06,-1.18758489123179e-06,0.60278100383257,-0.000266237878456643,-0.00130572209635311,0
0.259724904094826,0.448138464189792,2.0168694451464,0.000132413061570777,1.9462078847454,1.20021783731008,0.433750037273381,0.457952699402275,0.364686140744381,0.00583101300828279,4.9785909496555,0.0198058789396856,0.302055565754137,0.0656796692788273,0.283857192836256,0.880450585279837,0.816661932804609,0.0129230551835864,0.585269723757479,0.000138090818765648,1.08768725343435,2.24077031731813,2.78154297646497,0.0305567955139382,0.171123716119988,1.35143980861467,0.601249466207166,0.366856687449138,2.59285635155995,1.71993307444525,0.0014164079117693,0.661494155343944,1.18140586427658,0,0.000316039166957382,24.0635071561499,16.6841853102046,48.665054567674,4.4523856316473,10.7943746305608,4.42819335442959,0.697648351261189,0.0892652751956534,0.00971189367038088,0.000678452778537534,0.000987769213777226,-7.42480874487086e-05,0.000265657319628421,0.0027933488508961,0,0.000699562888320081,7.55243892040555e-06,0,8.19912427451343e-06,2.89401098726526e-05,0,0,-0.00862677834603713,0,0.00246370101053117,0,0.00636968551612675,0,6.63810354985128e-05,0,0,0,0,0,0,0.0345482921389312,7.32654891715494e-05,0,0.00173507272334935,7.75158044319269e-05,2.47984217316869e-05,0,0,0,0,0,0,0.00732174189621393,1.77049233438614e-05,12.3142616697071,0.0105649260869165,0.0241838483836597,6.30761590159355e-05
-2.17163325018772e-06,1.81021632335579e-06,-2.05260315539829e-06,0,-0.0129998335782423,1.0453561632198e-06,7.84426078915002e-06,4.66642018295565e-07,9.36332862200497e-07,0,0,-0.000245629485354294,0.000374029095195838,1.49200895112468e-07,0.0347034875973007,1.96084209466479e-06,0,0,0,0,-2.13208845336635e-06,-1.46576119051371e-06,-1.85143268070143e-05,0,0,0,-1.99485089166871e-06,-6.85248688238336e-06,2.21642840873496e-05,2.19870050065881e-06,0,0,2.99346011531473e-05,0.000316039166957382,0,0.146510711360604,0.000368525643430309,0.000394867925903343,0.00118113386539985,-0.0118468847359708,0.000741643849501236,7.1835340235973e-06,0.813575743362223,-0.0161527947644713,0.0118537063247456,0.0485606819700711,0.0792363806400839,0.0183371511770538,0.000276589566966196,8.60838023537825e-06,-5.44565429601554e-06,3.75942984208964e-05,0,-0.00832117722052287,1.40750878092307e-05,3.60776394081609e-06,7.23862665481685e-05,5.53622459726453e-08,6.32679062274833e-07,0.00108727311794708,-0.0054092054889958,1.62620447613005e-05,1.61107664320971e-05,0.0114024668096222,6.74424818123101e-06,2.3025213013331e-05,5.41106609585958e-06,1.5914960463377e-05,0,6.323117498277e-05,1.62877784313074e-05,3.68843654890715e-05,2.67326881406907e-05,1.150020857653e-05,6.33202308555087e-05,1.10026247130632e-05,-2.65309227105041e-07,4.54317561470272e-06,1.21145158586604e-05,0,0,1.58200533032484e-05,0.00272188962903497,1.65040606022357,0.0501979847898415,0.575292444074617,0.0752965993347923,1.55154361035616
0.319039123335488,0.0726255447379893,1.01638705540517,0.000669791347502487,0.420331823946148,0.100111563698406,0.409125523953629,0.0839395834665658,3.58764343348866,0.0090812145354241,-0.00319466543954052,0.883570915865322,3.02982038873497,0.00848856672495076,2.11312130727283,0.517946138056808,0.477628140470268,0.000170147194496036,0.0491167366844392,-0.000726341398771044,0.0865721225597839,1.1360373209345,1.32908012817795,0.0856789526409205,-0.0832493566137524,0.0943527454463389,0.24857080374068,0.222820942013666,1.04438114070412,0.536050813365922,0,8.07930092389316e-05,0.98730743090649,24.0635071561499,0.146510711360604,0,16.3536502673401,38.8190516786654,50.911726913952,23.1108525583006,5.92611375438351,4.23919930478384,2.65302241458766,0.348663168268965,0.216582238635033,0.36710187700449,0.0261166206502357,0.0197692759952147,0.0986109346413352,5.19432013742469e-05,-0.0125095127769615,0.0145858925288232,0,0.00840095029721981,-0.00018817899893342,-0.000106243588640058,0.000412604344621165,-0.0842215581154247,-2.42942670288096e-05,0.0566116196582843,-0.00665839583561381,0.1429274628566,5.66495467476739e-05,0.031543498178088,0.00566738137629445,0.0139756208207825,8.77787652234974e-05,0.00736060745756983,0,0.0010286298234426,0.0178168985839025,0.00861976113743663,-0.000282121250464432,-0.00155099711482878,0.0126009755549294,0.000188359697383467,-0.000269972072763787,6.79472249221864e-05,-0.000380303885344744,2.73824675427191e-06,0,-0.000159873707497997,0.150085282627775,0.0147250680496179,43.1051979539889,0.276837228396202,0.0833554600112975,0.0031228214735648
0.0233348588452439,-0.209292694365474,5.10977366603898,0.0035601590152122,0.0338897800245334,0.0606714115940048,0.188776850702694,0.0264976512458172,2.77669850657152,0.0120940101534265,13.9357321271455,0.0136239068392296,8.47550382087675,0.000933898448232136,0.0367842722478815,0.609923298132691,0.654903958126651,0.00653654046324023,0.921304917089568,0.00220777045483307,1.50063869064811,3.21669145274073,3.33784386679406,0.348002946276451,8.41574092662355,1.33545552005456,0.939091453231506,0.461068496154,0.0775125202934275,1.30441427027711,0.00632019837810831,0.00243786636763213,0.0360503883432187,16.6841853102046,0.000368525643430309,16.3536502673401,0,30.8601845642984,10.1735956194736,0.395283844094011,1.7951913783457,7.53335307626974,0.164735047828696,0.0976107084816633,-0.00605211998978264,-0.00377277555973169,-0.000253701105088845,-0.000626476566236076,0.042066934190432,0,0.0200189142757544,-0.000235200465086011,0,0.000292864097617841,0,0,0,0.023032754940438,0,0.00700862208462936,-0.000225436499965181,0.037645113023123,0,0.000331070285347675,8.73792158273194e-06,5.30841379808706e-05,0,-8.9497343786346e-06,0,7.63238225250334e-05,0.0738859664992796,5.99378383283752e-05,0,0.319094282919609,0.00161656893842963,0.00119864888931968,-1.1871968302561e-05,0,-0.00011200028199636,0,0,0,0.00678547151634189,0.000207088434279752,11.5362798665285,-0.0139212959280521,0.00840792275340856,-2.12063778148535e-05
