# command_history: connectomestats -nshuffles 10000 -threshold 2 ./output_tfnbsETamplitudePos/files.txt tfnbs ./output_tfnbsETamplitudePos/design_matrix.txt ./output_tfnbsETamplitudePos/contrast.txt ./output_tfnbsETamplitudePos/ -force  (version=3.0.3-98-gb3409159)
0,0.0015664685973825,0.00237817393723016,0.000625203023729683,-0.000895824025926992,-0.645907139741448,0.240702823787712,3.89022468550989,0.0314014971788817,0.0852944450058776,0,-0.109850523457433,1.17245187749197e-05,-1.05250529299394,-0.418584205231163,0.0257230380984899,0.000297087317719645,0,-0.000203881557499635,-9.71443782270405e-05,0.0114527130946175,0.0136147415505944,0.0139031824823134,-0.126638304620763,0,-8.0512596967069e-06,0.000738021814394103,0.0512136106625731,-2.26137246705569,-0.510102597019134,0,-0.000214958211390116,0.896656385669889,0.18221679719915,6.6148379915757e-07,0.424971151047029,0.0125102254141639,0.0270471834640662,0.00366126787609481,0.582762626133817,0.017765324667485,0,0.000248805540225677,0,0,0,0,0,0,0,0,0,0,0,0,0,0,0,0,0,0,0,0,0,0,0,0,0,0,0,0,0,0,0,0,0,0,0,0,0,0,0,0,0,0.492905880631843,0.000106706010058415,3.91589223445205e-05,0
0.0015664685973825,0,0.656492291369271,1.68600311016138e-05,0.000511978435269131,-0.000110258456797146,-0.00038615535101116,0.000203333521751851,-0.0112555807046463,0.000274348702263953,0.110325196391368,-4.5560190525949e-05,0.299899854310826,0,0,0.0112163098627105,0.0224073067569725,-0.00280560983547822,-0.0101016745437862,0,-0.000821670792350389,-1.07780328038108,0.08605932626878,-0.00180563346646047,-2.63243909746451,-0.0464107161965001,1.68822050047825,-0.00111752588371926,9.0607725967952e-05,-0.00228371399061563,-0.000873464570917079,0,3.77314713572868e-05,0.0121459557183875,-2.13068745257879e-06,0.0294933848957203,0.173471315851367,0.169145087575434,0.0105574114604152,0.000392251070922834,-0.00151339214291562,0.0100171841989858,0.0563989443773338,0.0176185443071884,0.0010766169535783,0.00093293307019659,2.84771119795797e-05,0,0.0127096604001889,0,-0.121204824325209,0.000317705586543729,0,0,0,0,0,0.0355003421219832,0,0.00325752996710222,0,0.00517231926635485,0,2.85481353109344e-05,0,0.000231413203367436,0,0.000365998232034113,0,0,-0.696622579215367,6.03962057552105e-05,0,0.254076339350274,0.008042144365994,0.00687137969493474,0,0,0,0,0,0,9.13633887916763e-05,0,0.0248471628845002,0.277586377306852,-0.00140229727212983,0
0.00237817393723016,0.656492291369271,0,-0.000195657712413441,0,-0.000834303399111073,-0.00803375633164442,0.000528118369497739,-0.454876464986906,-0.000369211199915235,0.0358098819525578,-0.000488857586615482,0.00784240702384139,-3.29733369952225e-05,-4.70918518375559e-05,0.0296455576598979,-0.138038025009477,0.00355197359463211,0.0390362755620645,-1.48327775757143e-06,-0.00273177967497149,-0.688043016027945,1.97444369688384,-0.0692874610352778,-0.00592335468007455,2.49345078782925,-1.13125101232645,-0.0506394078838685,0.00292810017260171,-0.0611548392447213,0.000363532725066238,0,-6.84554813544808e-05,-0.34920179457526,4.3068426564231e-07,-1.04050243440529,1.47067176676418,0.12987603161835,0.02290301131634,-0.000793681711147385,-0.00295731774170412,-0.00127992860537488,0.0215324547356383,-0.000127366442885205,-9.97328553292483e-06,0,0,0,-0.000142268970552587,0,0.00034534755818512,0,0,0,0,0,0,0.0137901532817804,0,0,0,-0.000199145143221244,0,0,0,0.00026853290528499,0,0,0,0,0.00742101623910204,0,0,0.00163248186795708,0,0.000184225519882749,0,0,0,0,0,0,0,0,-0.676545209223036,0.0083624972385427,-0.0256968208484064,0
0.000625203023729683,1.68600311016138e-05,-0.000195657712413441,0,0,-0.0753438134568048,-0.0528903356937295,-0.00118002905325396,0.00937656402888383,1.13646428085377,0,0.290812865896813,0,0.000122661186041278,-0.000115575340722596,0.000567455159054032,-0.000156166682395139,0,0,-12.8250941104165,0.000469060448759222,0.00104457174686554,0.000577904044865589,-0.198192942974374,0,-2.97477204978365e-05,1.4257778942542e-05,0.270974313490659,0.000267566037947331,0.00109778206705528,0,0,0,0.00162080586223541,0,-2.49280784056768e-06,0.0024495798250544,0,0.000141773293966992,0.000181078159205648,0,0,0,0,0,0,0,0,0,0,0,0,0.0549305768880043,0,4.73170598342048e-05,0,0,0,-0.00038095505495612,0,0.108933785474963,0,0,0,0,0,0,0,0.0975751573944495,0,0,0,0,0,0,0,0,0,0,0,0,0,0,0,0.000775300722222641,0,0,0
-0.000895824025926992,0.000511978435269131,0,0,0,-2.6049925738332,0,0.388713867652446,-0.000132433662289356,0,0.0005424366944673,-0.000126982573094382,-0.0011985317327363,-0.318611537025213,-0.108420097536907,0,-2.2830856224196e-05,0,-0.000185012693041071,0,0,0.000149647268835051,1.13418042917589e-05,0,0,-7.56099389261267e-05,0.000150807227203274,0,-0.167146561319296,-7.51810016995946e-06,0,-0.0653725173031565,0.00160674355085223,-0.411607486398941,0.0523443692588981,0.197752050820484,-0.0152295346230355,-0.0661036555675006,-0.00280086534515923,-1.65631259061834,-1.01477742713497,0.00125930122851252,0.0194443877197608,0.00672417723733099,-0.000205644401989791,-0.00703491753610935,0.0533184803183772,-0.00357253815611022,0.000906675149302698,0,0,1.26660934044702e-06,0,-0.0171037967073014,-3.30940106697997e-05,0,5.47151711306665e-05,-9.14351326597187e-05,-1.02600294614716e-05,-2.99116578811862e-06,5.45306946541713e-05,-0.00137635212887694,7.65346103028503e-06,0.036293227191596,-5.5580507954805e-06,-7.00464981231717e-06,0,1.39959715384257e-05,0,-6.09474180154005e-06,1.78567486943358e-06,1.88236353085128e-05,0,0,-2.14086061729502e-05,-3.89342396087715e-06,0,5.38651126134044e-05,9.40711492987018e-06,0,0,0,5.68353037972228e-05,0.00985177855168781,0.118242263104069,-0.102357057112227,0.0109094401763261,0.00486378566432801
-0.645907139741448,-0.000110258456797146,-0.000834303399111073,-0.0753438134568048,-2.6049925738332,0,-1.90218795711027,2.40198863190825,0.0198610717554048,1.53605387683375,0.000284071043041654,-3.35005375540507,0.000695495294417803,-1.15562408415732,-1.00300474974301,-0.0111154806909817,-4.14689671195321e-06,0,-2.07085375073645e-05,-0.810769098819661,0.00105455327611602,0.00781955518428376,0.00118811096658953,-0.731525454871238,-8.57960081603733e-05,6.72512575151993e-05,0.000223121546745769,-1.53216174618781,-1.10232876619776,-0.155702699527635,0,0.229452227442372,0.580020052526496,-0.14845832164765,2.18770245547853e-06,0.125460034247838,-0.0234565762484194,0.0339504480777179,0.00441612265081215,-1.43303831227944,0.0521229429012528,-0.000185074051415818,8.59659765494511e-05,2.57126459916551e-06,-1.97829231063726e-06,0,0,0,0,0,0,0,0,4.38961410936615e-06,0,0,0,0,0,0,0,0,0,3.35064396512148e-06,0,0,0,0,0,0,-6.42650077472624e-05,0,0,0,0,0,0,0,0,0,0,0,0,4.50498389964981e-07,0.180035366921455,3.75015424072947e-05,-1.77961432741526e-05,0
0.240702823787712,-0.00038615535101116,-0.00803375633164442,-0.0528903356937295,0,-1.90218795711027,0,-0.810023874463151,0.11919140137403,-1.54123321213825,-0.000198705517801527,0.0185535048270447,-6.08776674918759e-05,-1.11738859297269,-0.123184687713462,0.00717447735963068,-0.00454537277077989,0,-0.000422034735876849,-0.285797737049742,-0.0379318820762442,0.0955246822029377,-0.0333587362485,0.0539311579477119,-6.70823709762359e-06,-0.000235346764347028,0.0147173039146495,-1.83051632173129,-0.32319157002963,1.72178660011888,0,0,-0.00504952058402456,-0.048176199354464,-9.23296725510346e-06,-0.128982513460975,-0.0177058743057301,-0.00414169267170598,-0.00181306755619907,-0.652228189831376,0.000177344406720667,-0.000136154624934845,4.37751585782445e-05,-0.00010560587874542,2.20881685423333e-06,7.98994648135423e-06,0,2.27392249717004e-05,0,0,0,0,0,0,0,0,0,-7.28087337089469e-05,0,0,0,0,0,0,0,0,0,0,0,0,0.000188612651467116,0,0,0,0,0,0,0,0,0,0,0,0,0,-0.0405811720552171,8.11911145692454e-05,0.000103594958428315,0
3.89022468550989,0.000203333521751851,0.000528118369497739,-0.00118002905325396,0.388713867652446,2.40198863190825,-0.810023874463151,0,0.0030098543455785,0.153040196409308,0.000593114180538262,0.168641294780181,0.000150867952527484,-6.40009749786099,0.0155171552040856,0.000674670766875565,2.02183764328377e-05,0,0,-0.0107404325236483,0.00103653200776926,0.000848499852209746,0.0013489740740407,-0.0442231808583415,-6.51345998872446e-05,0.000559284239930084,0.000150325847678824,-0.0468505887133066,-0.157597012896898,0.00750093416045522,0,0.00668671999451959,0.0848356337783437,-0.0615332227506506,9.7657996879291e-07,0.186122259522132,-8.63523112405013e-05,0.022387742805787,0.00735403457465912,0.446432088568072,0.182685343506231,-0.000150827021550538,7.46212302271477e-05,0,0,0,1.26688216606506e-06,0,0,0,0,0,0,0,0,0,0,0,0,0,0,0,0,7.90042955405401e-07,0,0,0,0,0,0,0,0,0,0,0,0,0,0,0,0,0,0,0,0,0.207104318471333,2.12765883667377e-05,0,0
0.0314014971788817,-0.0112555807046463,-0.454876464986906,0.00937656402888383,-0.000132433662289356,0.0198610717554048,0.11919140137403,0.0030098543455785,0,0.00480888006371005,-0.124057646881757,0.298247127308843,-0.00414762594362015,0.00197291609702226,-0.0737259607365511,0.114097929289208,-0.016966772959284,-0.00162896992298399,-0.00546762575775008,0.0132346955120582,0.0490376054956901,-0.998975043896211,-0.166611628795357,0.107882364505881,-0.105867570663097,-0.0639743011996923,-0.0782205494643505,0.319392982579906,0.0276783333498671,0.0455528469388413,0,0,8.20279913400587e-05,-0.0247765472461126,-9.55168806651543e-07,0.934418388567841,-0.740618325414237,0.0241747013620144,0.00922081068097614,0.156643449079273,0.00051560977186302,0.000818772800081551,0.0656713285790879,0.00659197204625421,0.00256493145380592,0.00421602447320648,3.91904155726513e-05,0,-0.000164879722088805,0,0.0121029576685177,0.0429469066167221,0,0,4.04387931840573e-06,2.09067053785861e-05,0,-0.490689679478443,0,0.000660793532095926,0,-0.000155965158921447,1.21685652436894e-05,0,0.000263387601903721,0.00317431880727623,0.000118368102351803,0.00316704600881863,0,0.00027910540000862,0.0317921470647279,0.00210503958717243,0,0.00730740023401157,0.00835827417944694,0.010100687557951,0,0,0.000192379397774867,0,0,0,0.00361491365761524,0,-0.517601538678708,0.00303414810599789,-0.0485415922741771,0
0.0852944450058776,0.000274348702263953,-0.000369211199915235,1.13646428085377,0,1.53605387683375,-1.54123321213825,0.153040196409308,0.00480888006371005,0,-3.30266835403478e-05,0.862228913184811,0,-0.015531658478168,-0.0123322054693023,-0.00346601601998489,-0.000323820128374058,0,0,5.78789015676944,-0.00252264160209079,0.00237847609780905,-0.00195955941083827,-0.116565244350082,0,-1.62068280144963e-05,0.000154402046559291,-0.675840594977815,0.00242565839650296,-0.0144027262720785,0,0,4.68822289930041e-05,-0.00294072452866206,0,-0.00554577915592651,-0.00339354367439896,-0.000182304453426775,0,-0.00640652666932061,0,0,0,0,0,0,0,0,0,0,0,0,0,0,0,0,0,0,0,0,0.000213136443115146,0,0,0,0,0,0,0,0,0,0,0,0,0,0,0,0,0,0,0,0,0,0,0,-0.00101725698481024,4.79603023207138e-06,0,0
0,0.110325196391368,0.0358098819525578,0,0.0005424366944673,0.000284071043041654,-0.000198705517801527,0.000593114180538262,-0.124057646881757,-3.30266835403478e-05,0,-1.02753084086188e-05,-3.08568855513682,0.00013869372552218,1.40455119676174e-05,-0.000804248699900267,-0.0824256061126725,0.186071323079355,-1.00682082394577,0,-0.000326508504053355,-0.318689223688071,-0.000692300384137526,0.00424178951256913,-1.23221168266146,1.45493045129742,0.137072605927884,-0.000460852096865066,0.00104086346578196,-0.00116080654493537,0.437501883311409,0.00104058861633841,-0.000275687529791697,-0.155183236617036,0,0.0283150759491464,-3.46023392355565,-0.698375560777312,0.00898524022875444,-0.00264934548257709,-0.0104257776418079,-1.1120377994251,0.00277315618202712,-0.00221959075391673,1.50820741983267e-05,9.96891055262461e-07,1.91259083816468e-06,2.65224637413949e-05,-0.00283028781641611,0,-0.00141150974792999,0.000286189482587412,0,0,0,0,0,0.0250808730346228,0,0.00154652202636222,0,0.00990014732426641,0,0,0,0.000773389463576095,0.000230340440271547,3.11287731230258e-05,0,0,-0.191783824136198,0,0,0.0331014991876272,0.00329253791676825,0.00172952433326168,0,0,0,0,0,0,5.31228172316065e-05,1.81294772770799e-06,0.0110740272487485,0.000417336375342702,-0.000107911505783243,0
-0.109850523457433,-4.5560190525949e-05,-0.000488857586615482,0.290812865896813,-0.000126982573094382,-3.35005375540507,0.0185535048270447,0.168641294780181,0.298247127308843,0.862228913184811,-1.02753084086188e-05,0,4.44236194293764e-06,0.0598967090784733,-0.11621333897913,-0.00580268978740967,0.000488788111645833,0,-8.33748498130066e-05,-1.66697153230372,0.00088273883899082,0.000402294792725399,-0.000280238751713305,-0.127257610792902,0,-2.50113578320437e-06,-0.000682211662652219,-0.351057616682093,0.0549170517453956,-0.0338312246904697,0,0,0.00597068982946731,-0.00262030877440939,0.00012212263950985,-0.313286563685103,-0.00319651912666601,-0.00303408321735114,-0.000740972734785471,1.79174475933298,3.20875852265276e-06,-3.7263571123973e-06,-0.00273610575193511,-0.000289755986699265,0,-1.82918878452289e-05,0,0,0,0,0,0,-0.00913820050351623,0,5.65881825614103e-05,0,0,0,-0.000112000088897613,0,0.0922266289463356,0,0,0,0,0,0,0,-0.00185935568726641,0,0,0,0,0,0,0,-5.18338242332329e-05,0,0,0,0,0,0,1.94370122077935e-07,0.143662613380032,-0.0012764801452405,0.00166336822009202,1.22286579614946e-05
1.17245187749197e-05,0.299899854310826,0.00784240702384139,0,-0.0011985317327363,0.000695495294417803,-6.08776674918759e-05,0.000150867952527484,-0.00414762594362015,0,-3.08568855513682,4.44236194293764e-06,0,0,-0.000145350853849547,0.000153024772488164,-0.00595070165820999,-0.0109165862873491,0.0591620474406876,0,0.000211856135763629,0.119455581776823,0.000197878735978724,0.000321891755759729,0.185523736071235,-0.563945504598129,0.363789183907175,0.000262278596326358,0.000372533419702327,-7.85139414621502e-05,2.03495514854096,0,0,0.053059999627258,0.000185770250521901,1.12790857413175,-2.02682893851062,0.0871980200177155,-0.223082030587732,0.043599234421767,0.0176127109434401,-3.22798579302807,0.026222464779128,-0.0164086274078262,-0.00611477708425329,-0.00716010827518273,0.000288496774630759,0.000153141928344675,-0.0169257557087139,0,-0.0013458795263887,-0.000469659556283403,0,0,0,7.18067718785156e-05,0,0.00955844094667811,0,-0.0151754714955233,0,0.0462531998883411,0,3.97928693037422e-05,0.000199580999399582,-0.00107863122650511,0.000212402139605869,-0.000127258575715123,0,-0.000139885193686536,-0.0345428909913896,-0.000249217990830147,0,0.0569649603591658,0.00674841183050417,0.00284959479812391,0,0,5.07986526436889e-06,0,0,0,0.0201449970192058,4.10111682688554e-05,-0.0833333903779877,0.0184728832110157,-0.00100025859328539,5.68412592731401e-05
-1.05250529299394,0,-3.29733369952225e-05,0.000122661186041278,-0.318611537025213,-1.15562408415732,-1.11738859297269,-6.40009749786099,0.00197291609702226,-0.015531658478168,0.00013869372552218,0.0598967090784733,0,0,-0.00843732058510528,-8.95128483219957e-05,5.33083735074505e-06,0,0,0.000340822875364983,-8.16326871376883e-05,0.000438541545530646,0.000346533658472275,-0.0126488914155218,0,0,2.86863926147724e-05,-0.0102536683840688,-3.20802914093506,-0.00477744990040676,0,-0.545471966364351,0.0504540342343425,-0.0102163505693633,3.12244932475239e-07,0.0168171706138646,0.00150898008368216,0.00964045549268205,-0.000344647625076019,0.1057995388574,0.0479825584090093,0,1.48563002497292e-05,0,0,0,0,0,0,0,0,0,0,0,0,0,0,0,0,0,0,0,0,0,0,0,0,0,0,0,0,0,0,0,0,0,0,0,0,0,0,0,0,0,0.0193751123324099,6.38045597374302e-06,0,0
-0.418584205231163,0,-4.70918518375559e-05,-0.000115575340722596,-0.108420097536907,-1.00300474974301,-0.123184687713462,0.0155171552040856,-0.0737259607365511,-0.0123322054693023,1.40455119676174e-05,-0.11621333897913,-0.000145350853849547,-0.00843732058510528,0,-7.70368873652214e-05,-8.47552949269072e-06,0,-0.000307278999932984,0.000832023192628302,-0.000710186620853367,0.000342590588675383,-0.000214718169174383,0.00172894060724131,-0.000120616817452075,0,1.99144691191198e-05,-0.00559706131158926,-0.129492087454392,-0.00746285163155216,0,-0.0035059104695684,-0.0742602609711409,-0.0150026352014912,0.024910552715642,0.108097195348708,0.0156301684733551,-0.0393651548005146,-0.0133492416017794,-12.717965808094,-0.0488372946020238,-0.000190123885890144,0.60777540449806,-0.0013227481182125,-0.00200371924822227,0.0146759123579385,0.0331084002210774,0.0224478350621965,0.00232305735320273,0,0,5.34978039031253e-05,0,-0.0182466376944488,5.80270605404104e-05,-2.552467496622e-06,0.000113921060739654,0,0,-0.000410757302767025,0.000322313080654378,-0.0013797017991205,2.18944693549616e-05,0.0257456779248247,-6.48886261658872e-05,-3.85233447935988e-05,0,4.29363551051259e-05,0,6.87386793880354e-06,-2.79331663067575e-05,-4.77373026605704e-05,5.21103554868002e-07,0,3.71658998599488e-05,-2.67704328656626e-05,-1.68048377398026e-05,1.43167838733672e-05,-1.6275115836872e-05,0,0,-5.80223039102289e-05,-0.000134758293152865,0.00560124004178478,-0.237732605192141,-0.193908956549923,0.0455096584495088,0.00114024449224639
0.0257230380984899,0.0112163098627105,0.0296455576598979,0.000567455159054032,0,-0.0111154806909817,0.00717447735963068,0.000674670766875565,0.114097929289208,-0.00346601601998489,-0.000804248699900267,-0.00580268978740967,0.000153024772488164,-8.95128483219957e-05,-7.70368873652214e-05,0,-0.00177925889538138,0.000107968790987631,0.00188293750031082,0.000443741236312313,-3.47277493882141,0.685044465613456,0.55138471917488,0.152883865698666,0.00127028926351362,0.00494958947662359,-0.179068079781842,3.97218989238336,0.0627702038055148,-0.38098343844438,0,0,-0.00227813790784815,-0.223918092880459,-2.30797921424413e-06,-0.0982855621181308,0.109388625332906,-0.00150628818307286,-0.000420555976034486,-0.0132592326206787,-0.000135591263136819,0.000516115171087106,0.00107896639634387,-0.000312818144729029,0,0,0,-1.26070153331934e-05,0,0,0,0,0,0,0,0,0,-2.05755756959869e-05,0,0,0,0,0,0,0.249771244281906,0,0,0,0,0.062668681548512,0.000568752982357273,0.0503930437737649,0,0,0,0,0.000705305484054341,0,0.000239721724613181,0,0,0,0,0,-0.191481790576167,-0.00184805174887875,-0.00270950632362077,0
0.000297087317719645,0.0224073067569725,-0.138038025009477,-0.000156166682395139,-2.2830856224196e-05,-4.14689671195321e-06,-0.00454537277077989,2.02183764328377e-05,-0.016966772959284,-0.000323820128374058,-0.0824256061126725,0.000488788111645833,-0.00595070165820999,5.33083735074505e-06,-8.47552949269072e-06,-0.00177925889538138,0,-0.0220838275200815,1.17531760952213,0.000466893022504155,0.275382908812235,-0.194311321964855,-1.18794644181015,-0.00518802585886947,-0.0329092330799301,-0.171221533725611,-0.114117831377018,-0.0231879279032226,0.000409997238167777,0.0874832004383143,-0.000142879579716306,0,-0.000209904574623948,-0.044807942449175,0,-0.179547468215318,0.224948730734908,-0.00422710659601663,0.00562601929401934,-0.00187033089792022,-0.000410859326214721,-0.000912972434062655,0.00326325442443827,-1.11761632255851e-05,0,0,0,0,4.93518397092513e-05,0,0,0,0,0,0,0,0,0.0027248876458834,0,0,0,0,0,0,0,0,0,0,0,0,-0.00433334752102502,0,0,-0.00049937019890717,0,3.48231546696944e-05,0,0,0,0,0,0,-4.84158019690855e-06,0,-0.0810951060456672,0.00101174625142268,-0.00178312523473847,0
0,-0.00280560983547822,0.00355197359463211,0,0,0,0,0,-0.00162896992298399,0,0.186071323079355,0,-0.0109165862873491,0,0,0.000107968790987631,-0.0220838275200815,0,-3.91408127034327,0,0,-0.0034721770853205,-0.000150507736601682,9.26896517144176e-06,-0.00616648957345521,0.15378969889038,-0.0117191487540545,-8.00544055733278e-05,0,-1.16857625546597e-05,-0.00103153687897023,0,0,0.00641303726267915,0,-0.000316961668172906,0.033796698729109,0.00248218979024134,-0.000583355058058624,-0.000174635785256579,0,0,0,0,0,0,0,0,0,0,0,0,0,0,0,0,0,9.02676861176799e-05,0,0,0,0,0,0,0,0,0,0,0,0,-0.00220386185440925,0,0,0,0,0,0,0,0,0,0,0,0,0,-5.92269341631316e-05,0,0,0
-0.000203881557499635,-0.0101016745437862,0.0390362755620645,0,-0.000185012693041071,-2.07085375073645e-05,-0.000422034735876849,0,-0.00546762575775008,0,-1.00682082394577,-8.33748498130066e-05,0.0591620474406876,0,-0.000307278999932984,0.00188293750031082,1.17531760952213,-3.91408127034327,0,0,-0.00283130492325892,-0.242771236329838,0.00130538813050442,-0.000440543981280843,0.0467908462480644,0.84551379798533,0.00706225087234328,-0.00216528595463731,-0.000154768204636648,-0.00450375119293447,-0.00208450279350968,0,0,-0.0473199742691169,0,-0.020353117307686,0.93788764666241,0.015141953075506,-0.00291630785884095,-0.00017659379318394,-0.00147033209986894,0.000678959024870075,0.000323574031289544,0,0,0,9.69424029576946e-06,0,0,0,0.000160806327712342,8.67232898934819e-05,0,0,0,0,0,0.00396843583769186,0,0,0,0.000391504349848503,0,0,0,0,0,0,0,0,-0.0215660587866629,0,0,5.34101554781252e-05,9.95616338852271e-05,7.16861102844618e-05,0,0,0,0,0,0,0,0,0.0108368580504563,0.000862938348429444,-0.000303502134826703,0
-9.71443782270405e-05,0,-1.48327775757143e-06,-12.8250941104165,0,-0.810769098819661,-0.285797737049742,-0.0107404325236483,0.0132346955120582,5.78789015676944,0,-1.66697153230372,0,0.000340822875364983,0.000832023192628302,0.000443741236312313,0.000466893022504155,0,0,0,0.00178865445060699,0.00225961557117664,0.000999230328662451,0.00204480985426354,0,0.000148183551382766,0.00015720857303667,1.85776250221311,0.000398889125660753,0.000808520070858164,0,0,0,0.000268814606365708,0,0.00222962168608243,0.000465287677885521,5.59575780812101e-05,0,0.00769900397869456,0,0,0,0,0,0,0,0,0,0,0,0,0,0,0,0,0,0,0,0,0.00615903855908416,0,0,0,0,0,0,0,0.00367898487392014,0,0,0,0,0,0,0,0,0,0,0,0,0,0,0,0.00370986845127706,0,0,0
0.0114527130946175,-0.000821670792350389,-0.00273177967497149,0.000469060448759222,0,0.00105455327611602,-0.0379318820762442,0.00103653200776926,0.0490376054956901,-0.00252264160209079,-0.000326508504053355,0.00088273883899082,0.000211856135763629,-8.16326871376883e-05,-0.000710186620853367,-3.47277493882141,0.275382908812235,0,-0.00283130492325892,0.00178865445060699,0,-0.125411519210166,-1.05199972660396,-0.728463221071884,-0.000283398118433735,0.0159125054251716,0.00488421587636032,-1.33181659349913,0.0242606177400373,-0.610132588579262,0,0,0.000493034648623252,-0.0968493724958743,3.55634086340622e-07,0.221202149088722,0.36945277879584,0.0101817989967815,0.0017361292247161,0.00101168888043214,-0.000311138998325409,0.000637264197337623,0.00238480776116895,0,0,0,0,0,8.71803190955986e-06,0,0,0,0,0,0,0,0,0.000364118200067703,0,0,0,0,0,0,0,0,0,0,0,0,0.000182856192994207,0,0,0,0,0,0,0,0,0,0,0,0,0,0.119630997497406,0.000408840579700658,0.000526948561902546,0
0.0136147415505944,-1.07780328038108,-0.688043016027945,0.00104457174686554,0.000149647268835051,0.00781955518428376,0.0955246822029377,0.000848499852209746,-0.998975043896211,0.00237847609780905,-0.318689223688071,0.000402294792725399,0.119455581776823,0.000438541545530646,0.000342590588675383,0.685044465613456,-0.194311321964855,-0.0034721770853205,-0.242771236329838,0.00225961557117664,-0.125411519210166,0,0.454302341605478,-0.678569396504287,0.742481671583805,-0.0055245777248631,0.0872596768082208,0.787281351259853,0.0150550717709803,-0.0203888688265189,0.000198975635604011,0.000177997263734886,-0.00075003411504842,-0.706607087252902,5.5195776665004e-07,0.143159996423018,-0.971233612119623,-0.326782944332667,0.00651417052708973,-0.00215457746251507,-0.000985887900706931,-0.00992233826127021,0.122704485978897,0.0065675129401988,0.000194033221151943,0.000789348692322949,-8.21548362413256e-05,0,0.00205459153670529,0,0.319522798343765,0.01084697789618,0,0,0,-6.65423027944555e-05,0,-0.0901982805305148,0,0.00482385707783471,0,0.0104962532899762,0,0,0.000580142816081376,0.000381869794058344,0.000157750659662842,0.000562208049257418,0,0.000104808532920589,0.135730058717731,0.000640677346252756,-5.49829665405332e-05,0.339185109813978,0.0210385930675252,0.00726378272637781,-2.0056536591192e-06,0,0.000105100303298492,0,0,0,0.00191242892340969,7.62451408475136e-07,-0.0679509334512308,0.152401840215934,-0.0170257469141209,0
0.0139031824823134,0.08605932626878,1.97444369688384,0.000577904044865589,1.13418042917589e-05,0.00118811096658953,-0.0333587362485,0.0013489740740407,-0.166611628795357,-0.00195955941083827,-0.000692300384137526,-0.000280238751713305,0.000197878735978724,0.000346533658472275,-0.000214718169174383,0.55138471917488,-1.18794644181015,-0.000150507736601682,0.00130538813050442,0.000999230328662451,-1.05199972660396,0.454302341605478,0,-0.351259037883267,0.000592612913330453,0.0378277266416377,1.91649524116522,-0.0567128619243849,0.042061998697792,-0.417545813447981,0,0,-0.00169859641790544,-0.727256835463576,4.73000279032382e-06,-0.0830970664122017,1.1568219637908,0.029972615358127,0.0116459088112778,0.0062645411867488,-0.00158176431739411,-0.000224561140945064,0.0239770406515365,-9.97135520543734e-05,-1.38999277321326e-05,-8.63055808596194e-06,-8.63016600970969e-06,-3.62628077935899e-06,0,0,0,0,0,0,0,0,0,0.00134907295774453,0,0,0,0,0,0,0,0,0,0,0,0,0.00150338156077281,0,0,0,0,2.20789896043105e-05,0,0,0,0,0,0,0,6.8166222082657e-07,-0.024891793692425,0.00739771476957005,-0.00659212492652184,0
-0.126638304620763,-0.00180563346646047,-0.0692874610352778,-0.198192942974374,0,-0.731525454871238,0.0539311579477119,-0.0442231808583415,0.107882364505881,-0.116565244350082,0.00424178951256913,-0.127257610792902,0.000321891755759729,-0.0126488914155218,0.00172894060724131,0.152883865698666,-0.00518802585886947,9.26896517144176e-06,-0.000440543981280843,0.00204480985426354,-0.728463221071884,-0.678569396504287,-0.351259037883267,0,0.00648531467260372,-0.000692744265477347,-0.00916999648659861,0.586411863854747,0.060274490025067,0.217292692926083,0,0,0.00135115791371149,-0.0185865755245339,0,-0.0446796151952977,-0.30630280876263,-0.00387781570584924,-0.000517057735468388,0.000207280530317075,-6.12126439897406e-05,-0.000350295483138123,0.000142018925201302,-6.62624122903006e-06,-1.93532267205499e-05,0,0,0,0,0,0,0,0,0,0,0,0,-7.1698304962488e-05,0,0,0,0,0,0,0,0,0,0,0,0,7.13049398673433e-05,0,0,0.00113839002954195,0,0,0,0,0,0,0,0,0,0,-0.0191817047301958,-5.89222792708218e-05,-0.00140785111923294,0
0,-2.63243909746451,-0.00592335468007455,0,0,-8.57960081603733e-05,-6.70823709762359e-06,-6.51345998872446e-05,-0.105867570663097,0,-1.23221168266146,0,0.185523736071235,0,-0.000120616817452075,0.00127028926351362,-0.0329092330799301,-0.00616648957345521,0.0467908462480644,0,-0.000283398118433735,0.742481671583805,0.000592612913330453,0.00648531467260372,0,0.1072283558961,0.625072550864922,-0.000310471463042793,-3.7367554847039e-06,-0.00067698425480984,0.00948591106341437,0,0,-0.0184674065676916,0,0.0512269243881024,1.12343204255313,0.14538746074386,0.0695431294199519,2.07549939796017e-05,-0.00172758060759923,-1.79657920585819,0.0997451292432756,-0.32436976524176,0.00370202237597199,0.00321576686772931,0,0,-0.348383072330634,0,-0.0133957106828763,0.000453600578317976,0,0,0,0,0,-0.0112810808348228,0,-0.00517381233731281,0,0.127877884088782,0,0,0.000127900220577973,0.00115369233461563,0.0014182376181487,0.000475607629704672,0,0.000251909106722037,-0.800384850589274,9.74432516208218e-05,0,0.570641798354055,0.0162756800319829,0.0066030160076908,0,0,0,0,0,0,0.0169579663330106,1.96149962241802e-07,0.00883402310225769,0.00717241507345048,-2.63949656335557e-05,0
-8.0512596967069e-06,-0.0464107161965001,2.49345078782925,-2.97477204978365e-05,-7.56099389261267e-05,6.72512575151993e-05,-0.000235346764347028,0.000559284239930084,-0.0639743011996923,-1.62068280144963e-05,1.45493045129742,-2.50113578320437e-06,-0.563945504598129,0,0,0.00494958947662359,-0.171221533725611,0.15378969889038,0.84551379798533,0.000148183551382766,0.0159125054251716,-0.0055245777248631,0.0378277266416377,-0.000692744265477347,0.1072283558961,0,0.543068530181431,0.00151950928615394,0.000711390070050729,-0.00970662890365182,-0.16766909557119,0.000128838795336293,-3.95623125280645e-05,-0.284549389648573,0,0.000843840096660343,0.555336827572085,0.0461491257474599,0.0196697880810224,-0.000264510193872091,-0.000183627725010037,0.00149503865486196,0.003179842462035,-0.000269586201235408,0,0,2.28216658068087e-05,0,-0.000417874963056061,0,-0.000245666520447151,0,0,0,0,0,0,0.00574914099715864,0,0.000572737783842821,0,0.00536367894737282,0,0,0,0,6.89805765697162e-05,0,0,0,-0.0366314816794156,1.20389905685109e-05,0,0.0307780331109065,0.00120491672614411,0.00107752234235823,0,0,0,0,0,0,0,0,0.0173229545766118,0.000833180248318537,-0.000339075601108695,0
0.000738021814394103,1.68822050047825,-1.13125101232645,1.4257778942542e-05,0.000150807227203274,0.000223121546745769,0.0147173039146495,0.000150325847678824,-0.0782205494643505,0.000154402046559291,0.137072605927884,-0.000682211662652219,0.363789183907175,2.86863926147724e-05,1.99144691191198e-05,-0.179068079781842,-0.114117831377018,-0.0117191487540545,0.00706225087234328,0.00015720857303667,0.00488421587636032,0.0872596768082208,1.91649524116522,-0.00916999648659861,0.625072550864922,0.543068530181431,0,-0.0030789501564693,0.00902023877520236,0.0356679648137747,-0.101872040807595,0,-0.000241988094152059,-0.183850061621685,4.18566486699925e-07,-0.0351721548108438,0.256351003420939,0.0975713503447155,0.014163751115012,-0.00111685785505622,-0.000393064499280061,0.00309129289084721,0.0137447850509558,0.000241475852350538,0.000133710302616424,0,0,1.14250761732333e-06,-0.00117632992997593,0,0.00046152940648785,0,0,0,0,0,0,0.0139595908607781,0,0.00199961649062009,0,0.00847934637328345,0,0,0,0.000132825027039362,0,9.53821807117986e-05,0,0,-0.0359932969214832,0,0,0.0652646283641907,0.00356626484308498,0.00147917641125566,0,0,0,0,0,0,0,1.15703768672325e-07,-0.0180051260771736,0.0104692552283435,-0.00166320874671067,0
0.0512136106625731,-0.00111752588371926,-0.0506394078838685,0.270974313490659,0,-1.53216174618781,-1.83051632173129,-0.0468505887133066,0.319392982579906,-0.675840594977815,-0.000460852096865066,-0.351057616682093,0.000262278596326358,-0.0102536683840688,-0.00559706131158926,3.97218989238336,-0.0231879279032226,-8.00544055733278e-05,-0.00216528595463731,1.85776250221311,-1.33181659349913,0.787281351259853,-0.0567128619243849,0.586411863854747,-0.000310471463042793,0.00151950928615394,-0.0030789501564693,0,0.0986891238116574,-0.437452198986457,0,0,0.00125460835417714,-0.058366418259309,3.19047397547599e-06,-0.10298640923314,-0.169953942925943,-0.0043098584427282,0.00116566102129774,-0.0168263168473315,2.04912940647351e-05,-0.000330902992017346,-0.000192554928620577,-3.75608519663334e-06,0,-1.70926709218529e-05,3.09377066016047e-05,0,0,0,0,0,0.0312213860817005,0,0,0,0,2.65290704146959e-05,7.38994097132807e-05,0,0,0,0,0,0,0,0,0,0.00428625404118979,0,0.000224591413781162,0,0,0,0,0,0,0,0,0,0,0,0,0,-0.0116872314962275,-8.46707484992943e-05,-0.00100078621001212,0
-2.26137246705569,9.0607725967952e-05,0.00292810017260171,0.000267566037947331,-0.167146561319296,-1.10232876619776,-0.32319157002963,-0.157597012896898,0.0276783333498671,0.00242565839650296,0.00104086346578196,0.0549170517453956,0.000372533419702327,-3.20802914093506,-0.129492087454392,0.0627702038055148,0.000409997238167777,0,-0.000154768204636648,0.000398889125660753,0.0242606177400373,0.0150550717709803,0.042061998697792,0.060274490025067,-3.7367554847039e-06,0.000711390070050729,0.00902023877520236,0.0986891238116574,0,-0.266563991849486,0,-0.264470797314424,0.278668039849079,-0.233623753716481,-7.28727724398571e-06,0.755156155244762,0.0441570633137498,0.0460010422001765,-0.00574262307582154,-1.60522374293408,0.279872803614618,-0.000109323644078407,-0.000413384816278086,-6.74125734434228e-05,0,1.9266698255734e-05,-2.47559475508842e-06,1.11312696646956e-05,0,0,0,0,0,0,0,0,0,0,0,0,0,0,0,2.99080472187611e-06,0,0,0,0,0,0,0,0,0,0,0,0,0,0,0,0,0,0,0,-1.71601441587234e-07,0.533983479187605,-0.000170626231972357,-0.00106965057256797,0
-0.510102597019134,-0.00228371399061563,-0.0611548392447213,0.00109778206705528,-7.51810016995946e-06,-0.155702699527635,1.72178660011888,0.00750093416045522,0.0455528469388413,-0.0144027262720785,-0.00116080654493537,-0.0338312246904697,-7.85139414621502e-05,-0.00477744990040676,-0.00746285163155216,-0.38098343844438,0.0874832004383143,-1.16857625546597e-05,-0.00450375119293447,0.000808520070858164,-0.610132588579262,-0.0203888688265189,-0.417545813447981,0.217292692926083,-0.00067698425480984,-0.00970662890365182,0.0356679648137747,-0.437452198986457,-0.266563991849486,0,0,-7.68802745372385e-05,-0.0539871959279218,-0.352114907476241,-3.69242452968901e-06,-0.0985743233861813,0.105308567413426,-0.00927373121068127,-0.00188656855050175,-0.212463254384148,-0.000607810584898813,-0.000439841743782823,0.000334977692986048,-3.32402608868348e-05,0,-3.04328176247618e-06,0,0,0,0,0,0,0,0,0,0,0,-7.65188707451887e-05,0,0,0,0,0,0,0,0,0,0,0,0,-0.000112731332335812,0,0,0,0,0,0,0,0,0,0,0,0,0,-0.039175693800249,-5.53729567744922e-05,-0.00244819865378811,0
0,-0.000873464570917079,0.000363532725066238,0,0,0,0,0,0,0,0.437501883311409,0,2.03495514854096,0,0,0,-0.000142879579716306,-0.00103153687897023,-0.00208450279350968,0,0,0.000198975635604011,0,0,0.00948591106341437,-0.16766909557119,-0.101872040807595,0,0,0,0,0,0,0.00218975148159288,0,0,0.00704321425416309,0.00127261247393124,0,0,0,0,8.97296469591284e-05,0,0,0,0,0,0,0,0,0,0,0,0,0,0,0,0,0,0,0,0,0,0,0,0,0,0,0,-0.000184791292982893,0,0,0.000553624504644607,0,0,0,0,0,0,0,0,0,0,-2.35793153269055e-05,0,0,0
-0.000214958211390116,0,0,0,-0.0653725173031565,0.229452227442372,0,0.00668671999451959,0,0,0.00104058861633841,0,0,-0.545471966364351,-0.0035059104695684,0,0,0,0,0,0,0.000177997263734886,0,0,0,0.000128838795336293,0,0,-0.264470797314424,-7.68802745372385e-05,0,0,-0.00272976209712122,-0.273331582162439,0,-0.000416435928094357,0.00210596233924496,-0.0154689970877582,-0.000632214879999118,0.0118377246803385,0.982863666611391,0,0,0,0,0,0,0,0,0,0,0,0,0,0,0,0,0,0,0,0,0,0,0,0,0,0,0,0,0,0,0,0,0,0,0,0,0,0,0,0,0,0,0,1.02332632202029e-05,0,0,0
0.896656385669889,3.77314713572868e-05,-6.84554813544808e-05,0,0.00160674355085223,0.580020052526496,-0.00504952058402456,0.0848356337783437,8.20279913400587e-05,4.68822289930041e-05,-0.000275687529791697,0.00597068982946731,0,0.0504540342343425,-0.0742602609711409,-0.00227813790784815,-0.000209904574623948,0,0,0,0.000493034648623252,-0.00075003411504842,-0.00169859641790544,0.00135115791371149,0,-3.95623125280645e-05,-0.000241988094152059,0.00125460835417714,0.278668039849079,-0.0539871959279218,0,-0.00272976209712122,0,-0.367356595076684,-3.5234064709307e-05,0.0354054400211495,0.000538376459370059,-0.0857420436469155,-0.0174050973705517,-1.39551395628251,-0.0226737922216386,0,-0.000337151891209124,-0.000100322580920644,-5.07103480746963e-06,-4.63110403434394e-05,0,0,0,0,0,0,0,0,0,0,0,0,0,0,0,0,0,0,0,0,0,0,0,0,0,0,0,0,0,0,0,0,0,0,0,0,6.03549996245161e-06,1.90646392863441e-07,-0.334052166819953,-0.00079446583243365,-0.00366719873560327,0
0.18221679719915,0.0121459557183875,-0.34920179457526,0.00162080586223541,-0.411607486398941,-0.14845832164765,-0.048176199354464,-0.0615332227506506,-0.0247765472461126,-0.00294072452866206,-0.155183236617036,-0.00262030877440939,0.053059999627258,-0.0102163505693633,-0.0150026352014912,-0.223918092880459,-0.044807942449175,0.00641303726267915,-0.0473199742691169,0.000268814606365708,-0.0968493724958743,-0.706607087252902,-0.727256835463576,-0.0185865755245339,-0.0184674065676916,-0.284549389648573,-0.183850061621685,-0.058366418259309,-0.233623753716481,-0.352114907476241,0.00218975148159288,-0.273331582162439,-0.367356595076684,0,8.15839495268033e-05,2.20629544392946,-0.219770318206801,-8.54619093436037,-0.285873252862711,-1.60181655670445,0.819712018268264,-0.187737233033009,0.0125231441198657,-0.00169230091576147,-6.15805742625203e-06,0.000254296609014812,1.37689470580658e-05,-0.000311438394146032,0.00785750866743931,0,0.00112904973081704,1.36820867265034e-05,0,9.19293853354739e-06,-3.40635139493178e-05,0,0,0.0233736355842631,0,0.0148332813724183,0,-0.00183542192859742,0,-5.12946697164084e-05,0,0,0,0,0,0,-0.0339479207395191,-8.62387301114758e-05,0,0.00123940307917034,0.000207763740009128,0.000163128107402798,0,0,0,0,0,0,-0.00289881251627769,2.74040333563631e-05,-0.504367768230106,-0.0116789956790355,-0.0949057300488517,-5.31260180074633e-05
6.6148379915757e-07,-2.13068745257879e-06,4.3068426564231e-07,0,0.0523443692588981,2.18770245547853e-06,-9.23296725510346e-06,9.7657996879291e-07,-9.55168806651543e-07,0,0,0.00012212263950985,0.000185770250521901,3.12244932475239e-07,0.024910552715642,-2.30797921424413e-06,0,0,0,0,3.55634086340622e-07,5.5195776665004e-07,4.73000279032382e-06,0,0,0,4.18566486699925e-07,3.19047397547599e-06,-7.28727724398571e-06,-3.69242452968901e-06,0,0,-3.5234064709307e-05,8.15839495268033e-05,0,0.0401783874258085,0.00041289561959286,7.21494825715495e-05,-0.000204811078473072,0.0147138958412259,-0.000119745416507332,0.000132332169415783,-0.142128784562103,0.00421976150481658,0.00233332364114313,-0.0147227376790856,-0.0208536699870779,-0.00728769578426555,0.000354348029630856,-5.39629905939991e-06,1.14262594562086e-06,-2.13750443842618e-05,0,-0.0159000361665855,-4.83552662359227e-05,-4.81566669588341e-07,6.2031701668963e-05,1.23589782422134e-06,-2.51426577025591e-06,-0.000956939362167818,0.000868355199150898,-0.00125902150009643,3.29567608180868e-05,0.0215993063824499,-1.23842423222808e-05,4.27724829241561e-07,5.58869587302578e-06,1.13943030157168e-05,0,-4.37282876522416e-05,-4.42297588683496e-05,-2.30656533171128e-05,3.12947658420707e-05,-6.69031603764743e-06,-6.75088603673215e-06,-1.44043026367773e-05,1.31001038161665e-06,3.5678904502862e-06,-1.52263133914773e-05,0,0,-1.77236500249601e-05,-0.000789639973208013,-0.733907680228063,0.00613449257079707,-0.26963750246784,-0.0070495488242391,-0.153104498485766
0.424971151047029,0.0294933848957203,-1.04050243440529,-2.49280784056768e-06,0.197752050820484,0.125460034247838,-0.128982513460975,0.186122259522132,0.934418388567841,-0.00554577915592651,0.0283150759491464,-0.313286563685103,1.12790857413175,0.0168171706138646,0.108097195348708,-0.0982855621181308,-0.179547468215318,-0.000316961668172906,-0.020353117307686,0.00222962168608243,0.221202149088722,0.143159996423018,-0.0830970664122017,-0.0446796151952977,0.0512269243881024,0.000843840096660343,-0.0351721548108438,-0.10298640923314,0.755156155244762,-0.0985743233861813,0,-0.000416435928094357,0.0354054400211495,2.20629544392946,0.0401783874258085,0,-1.40560264111044,0.924608602668702,-2.83995997072327,0.37824234914155,-0.705784250888944,-0.113767737915833,0.54820316806931,0.163763134736487,-0.130392223359921,0.04401904265085,0.0203544778358007,0.00754137698031321,-0.0184322528596163,0.000146203294257206,0.00499189674862833,-0.00370194951760005,0,0.00712533602022223,-0.000117766875530152,-3.46580784088149e-05,4.47166361247887e-05,-0.0871768215142967,3.90002804052161e-06,-0.021709258813816,0.00100718590688203,-0.0170881006778031,0.000121892916795087,0.059891709001405,0.00752789074654996,0.00221089394492695,-6.92733503255897e-05,-0.00159758784285166,0,0.000804266939243183,0.00648969693961223,-0.00208269723657592,0.000532185451879637,0.00186376308824671,0.0039473861492908,8.67824544480543e-05,-0.00021292582366776,-5.48249515873999e-05,0.0010479021713993,5.74850294619255e-06,0,2.06513346854528e-05,0.0653749015831868,0.0272070665378178,0.0885943427651465,0.115513388741962,-0.316378572179,-0.000920648825456679
